TABLE_NAME,STATE_CODE,DISTRICT_CODE,TOWN_CODE,AREA_NAME,MOTHER_TONGUE_CODE,MOTHER_TONGUE_NAME,TOTAL_P,TOTAL_M,TOTAL_F,RURAL_P,RURAL_M, RURAL_F,URBAN_P,URBAN_M, URBAN_F
C0116,28,000,000000,ANDHRA PRADESH,001000,1 ASSAMESE,2199,1499,700,0,0,0,2199,1499,700
C0116,28,000,000000,ANDHRA PRADESH,001002, Assamese,2124,1435,689,0,0,0,2124,1435,689
C0116,28,000,000000,ANDHRA PRADESH,001999,1 Others,75,64,11,0,0,0,75,64,11
C0116,28,000,000000,ANDHRA PRADESH,002000,2 BENGALI ,36212,20167,16045,0,0,0,36212,20167,16045
C0116,28,000,000000,ANDHRA PRADESH,002007, Bengali,36199,20158,16041,0,0,0,36199,20158,16041
C0116,28,000,000000,ANDHRA PRADESH,002011, Chakma,7,6,1,0,0,0,7,6,1
C0116,28,000,000000,ANDHRA PRADESH,002015, Haijong/Hajong,1,0,1,0,0,0,1,0,1
C0116,28,000,000000,ANDHRA PRADESH,002999,2 Others,5,3,2,0,0,0,5,3,2
C0116,28,000,000000,ANDHRA PRADESH,003000,3 BODO ,576,286,290,0,0,0,576,286,290
C0116,28,000,000000,ANDHRA PRADESH,003001, Bodo/Boro,127,70,57,0,0,0,127,70,57
C0116,28,000,000000,ANDHRA PRADESH,003003, Kachari,449,216,233,0,0,0,449,216,233
C0116,28,000,000000,ANDHRA PRADESH,004000,4 DOGRI ,732,539,193,0,0,0,732,539,193
C0116,28,000,000000,ANDHRA PRADESH,004001, Dogri,732,539,193,0,0,0,732,539,193
C0116,28,000,000000,ANDHRA PRADESH,005000,5 GUJARATI,53598,27173,26425,0,0,0,53598,27173,26425
C0116,28,000,000000,ANDHRA PRADESH,005018, Gujarati,44873,22805,22068,0,0,0,44873,22805,22068
C0116,28,000,000000,ANDHRA PRADESH,005052, Pattani,1,0,1,0,0,0,1,0,1
C0116,28,000,000000,ANDHRA PRADESH,005057, Saurashtra/Saurashtri,2281,1146,1135,0,0,0,2281,1146,1135
C0116,28,000,000000,ANDHRA PRADESH,005999,5 Others,6443,3222,3221,0,0,0,6443,3222,3221
C0116,28,000,000000,ANDHRA PRADESH,006000,6 HINDI ,864740,459226,405514,0,0,0,864740,459226,405514
C0116,28,000,000000,ANDHRA PRADESH,006030, Awadhi,42,27,15,0,0,0,42,27,15
C0116,28,000,000000,ANDHRA PRADESH,006040, Baghati/Baghati Pahari,3,3,0,0,0,0,3,3,0
C0116,28,000,000000,ANDHRA PRADESH,006066, Banjari,8647,4651,3996,0,0,0,8647,4651,3996
C0116,28,000,000000,ANDHRA PRADESH,006086, Bhadrawahi,7,6,1,0,0,0,7,6,1
C0116,28,000,000000,ANDHRA PRADESH,006096, Bharmauri/Gaddi,23,14,9,0,0,0,23,14,9
C0116,28,000,000000,ANDHRA PRADESH,006102, Bhojpuri,7129,4177,2952,0,0,0,7129,4177,2952
C0116,28,000,000000,ANDHRA PRADESH,006123, Brajbhasha,2,2,0,0,0,0,2,2,0
C0116,28,000,000000,ANDHRA PRADESH,006125, Bundeli/Bundel khandi,32,17,15,0,0,0,32,17,15
C0116,28,000,000000,ANDHRA PRADESH,006133, Chambeali/Chamrali,2,1,1,0,0,0,2,1,1
C0116,28,000,000000,ANDHRA PRADESH,006142, Chhattisgarhi,209,95,114,0,0,0,209,95,114
C0116,28,000,000000,ANDHRA PRADESH,006149, Churahi,5,2,3,0,0,0,5,2,3
C0116,28,000,000000,ANDHRA PRADESH,006173, Dhundhari,61,26,35,0,0,0,61,26,35
C0116,28,000,000000,ANDHRA PRADESH,006195, Garhwali,262,135,127,0,0,0,262,135,127
C0116,28,000,000000,ANDHRA PRADESH,006198, Gawari,22,12,10,0,0,0,22,12,10
C0116,28,000,000000,ANDHRA PRADESH,006207, Gojri/Gujjari/Gujar,28,25,3,0,0,0,28,25,3
C0116,28,000,000000,ANDHRA PRADESH,006235, Haryanvi,502,280,222,0,0,0,502,280,222
C0116,28,000,000000,ANDHRA PRADESH,006240, Hindi,570565,305778,264787,0,0,0,570565,305778,264787
C0116,28,000,000000,ANDHRA PRADESH,006265, Jaunpuri/Jaunsari,2,1,1,0,0,0,2,1,1
C0116,28,000,000000,ANDHRA PRADESH,006291, Kangri,4,3,1,0,0,0,4,3,1
C0116,28,000,000000,ANDHRA PRADESH,006320, Khortha/Khotta,26,16,10,0,0,0,26,16,10
C0116,28,000,000000,ANDHRA PRADESH,006336, Kulvi,119,55,64,0,0,0,119,55,64
C0116,28,000,000000,ANDHRA PRADESH,006340, Kumauni,80,51,29,0,0,0,80,51,29
C0116,28,000,000000,ANDHRA PRADESH,006345, Kurmali Thar,9,6,3,0,0,0,9,6,3
C0116,28,000,000000,ANDHRA PRADESH,006353, Lamani/Lambadi,166493,85838,80655,0,0,0,166493,85838,80655
C0116,28,000,000000,ANDHRA PRADESH,006358, Lodhi,47,25,22,0,0,0,47,25,22
C0116,28,000,000000,ANDHRA PRADESH,006376, Magadhi/Magahi,114,63,51,0,0,0,114,63,51
C0116,28,000,000000,ANDHRA PRADESH,006391, Malvi,2,0,2,0,0,0,2,0,2
C0116,28,000,000000,ANDHRA PRADESH,006394, Mandeali,5,4,1,0,0,0,5,4,1
C0116,28,000,000000,ANDHRA PRADESH,006400, Marwari,72902,38123,34779,0,0,0,72902,38123,34779
C0116,28,000,000000,ANDHRA PRADESH,006420, Nagpuria,5,1,4,0,0,0,5,1,4
C0116,28,000,000000,ANDHRA PRADESH,006432, Nimadi,1,1,0,0,0,0,1,1,0
C0116,28,000,000000,ANDHRA PRADESH,006439, Pahari,227,156,71,0,0,0,227,156,71
C0116,28,000,000000,ANDHRA PRADESH,006489, Rajasthani,12478,6854,5624,0,0,0,12478,6854,5624
C0116,28,000,000000,ANDHRA PRADESH,006503, Sadan/Sadri,38,20,18,0,0,0,38,20,18
C0116,28,000,000000,ANDHRA PRADESH,006541, Sugali,16563,8277,8286,0,0,0,16563,8277,8286
C0116,28,000,000000,ANDHRA PRADESH,006547, Surgujia,1,1,0,0,0,0,1,1,0
C0116,28,000,000000,ANDHRA PRADESH,006548, Surjapuri,1,0,1,0,0,0,1,0,1
C0116,28,000,000000,ANDHRA PRADESH,006999,6 Others,8082,4480,3602,0,0,0,8082,4480,3602
C0116,28,000,000000,ANDHRA PRADESH,007000,7 KANNADA,134192,67285,66907,0,0,0,134192,67285,66907
C0116,28,000,000000,ANDHRA PRADESH,007002, Badaga,36,13,23,0,0,0,36,13,23
C0116,28,000,000000,ANDHRA PRADESH,007016, Kannada,133931,67154,66777,0,0,0,133931,67154,66777
C0116,28,000,000000,ANDHRA PRADESH,007041, Prakritha/Prakritha Bhasha,19,11,8,0,0,0,19,11,8
C0116,28,000,000000,ANDHRA PRADESH,007999,7 Others,206,107,99,0,0,0,206,107,99
C0116,28,000,000000,ANDHRA PRADESH,008000,8 KASHMIRI ,549,335,214,0,0,0,549,335,214
C0116,28,000,000000,ANDHRA PRADESH,008005, Kashmiri,540,328,212,0,0,0,540,328,212
C0116,28,000,000000,ANDHRA PRADESH,008010, Kishtwari,2,1,1,0,0,0,2,1,1
C0116,28,000,000000,ANDHRA PRADESH,008019, Dardi,7,6,1,0,0,0,7,6,1
C0116,28,000,000000,ANDHRA PRADESH,009000,9 KONKANI,2574,1216,1358,0,0,0,2574,1216,1358
C0116,28,000,000000,ANDHRA PRADESH,009011, Konkani,2526,1188,1338,0,0,0,2526,1188,1338
C0116,28,000,000000,ANDHRA PRADESH,009013, Kudubi/Kudumbi,7,3,4,0,0,0,7,3,4
C0116,28,000,000000,ANDHRA PRADESH,009016, Malwani,2,1,1,0,0,0,2,1,1
C0116,28,000,000000,ANDHRA PRADESH,009028, Gorboli/Goru/Gorwani,25,15,10,0,0,0,25,15,10
C0116,28,000,000000,ANDHRA PRADESH,009999,9 Others,14,9,5,0,0,0,14,9,5
C0116,28,000,000000,ANDHRA PRADESH,010000,10 MAITHILI ,1185,675,510,0,0,0,1185,675,510
C0116,28,000,000000,ANDHRA PRADESH,010008, Maithili,1179,671,508,0,0,0,1179,671,508
C0116,28,000,000000,ANDHRA PRADESH,010013, Thati,6,4,2,0,0,0,6,4,2
C0116,28,000,000000,ANDHRA PRADESH,011000,11 MALAYALAM,52740,25837,26903,0,0,0,52740,25837,26903
C0116,28,000,000000,ANDHRA PRADESH,011016, Malayalam,52730,25834,26896,0,0,0,52730,25834,26896
C0116,28,000,000000,ANDHRA PRADESH,011026, Yerava,4,2,2,0,0,0,4,2,2
C0116,28,000,000000,ANDHRA PRADESH,011999,11 Others,6,1,5,0,0,0,6,1,5
C0116,28,000,000000,ANDHRA PRADESH,012000,12 MANIPURI ,1115,533,582,0,0,0,1115,533,582
C0116,28,000,000000,ANDHRA PRADESH,012003, Manipuri,1115,533,582,0,0,0,1115,533,582
C0116,28,000,000000,ANDHRA PRADESH,013000,13 MARATHI ,240402,122791,117611,0,0,0,240402,122791,117611
C0116,28,000,000000,ANDHRA PRADESH,013004, Are,83,44,39,0,0,0,83,44,39
C0116,28,000,000000,ANDHRA PRADESH,013060, Koli,5,2,3,0,0,0,5,2,3
C0116,28,000,000000,ANDHRA PRADESH,013071, Marathi,239688,122434,117254,0,0,0,239688,122434,117254
C0116,28,000,000000,ANDHRA PRADESH,013999,13 Others,626,311,315,0,0,0,626,311,315
C0116,28,000,000000,ANDHRA PRADESH,014000,14 NEPALI ,9066,5198,3868,0,0,0,9066,5198,3868
C0116,28,000,000000,ANDHRA PRADESH,014011, Nepali,9064,5198,3866,0,0,0,9064,5198,3866
C0116,28,000,000000,ANDHRA PRADESH,014999,14 Others,2,0,2,0,0,0,2,0,2
C0116,28,000,000000,ANDHRA PRADESH,015000,15 ODIA ,97839,52104,45735,0,0,0,97839,52104,45735
C0116,28,000,000000,ANDHRA PRADESH,015006, Bhatri,12,7,5,0,0,0,12,7,5
C0116,28,000,000000,ANDHRA PRADESH,015043, Odia,88308,47475,40833,0,0,0,88308,47475,40833
C0116,28,000,000000,ANDHRA PRADESH,015055, Relli,7802,3803,3999,0,0,0,7802,3803,3999
C0116,28,000,000000,ANDHRA PRADESH,015999,15 Others,1717,819,898,0,0,0,1717,819,898
C0116,28,000,000000,ANDHRA PRADESH,016000,16 PUNJABI ,22512,11895,10617,0,0,0,22512,11895,10617
C0116,28,000,000000,ANDHRA PRADESH,016002, Bagri,7,3,4,0,0,0,7,3,4
C0116,28,000,000000,ANDHRA PRADESH,016038, Punjabi,22503,11891,10612,0,0,0,22503,11891,10612
C0116,28,000,000000,ANDHRA PRADESH,016999,16 Others,2,1,1,0,0,0,2,1,1
C0116,28,000,000000,ANDHRA PRADESH,017000,17 SANSKRIT ,434,244,190,0,0,0,434,244,190
C0116,28,000,000000,ANDHRA PRADESH,017002, Sanskrit,434,244,190,0,0,0,434,244,190
C0116,28,000,000000,ANDHRA PRADESH,018000,18 SANTALI ,194,99,95,0,0,0,194,99,95
C0116,28,000,000000,ANDHRA PRADESH,018011, Mahili,1,1,0,0,0,0,1,1,0
C0116,28,000,000000,ANDHRA PRADESH,018040, Santali,187,94,93,0,0,0,187,94,93
C0116,28,000,000000,ANDHRA PRADESH,018999,18 Others,6,4,2,0,0,0,6,4,2
C0116,28,000,000000,ANDHRA PRADESH,019000,19 SINDHI,11111,5555,5556,0,0,0,11111,5555,5556
C0116,28,000,000000,ANDHRA PRADESH,019008, Kachchhi,954,459,495,0,0,0,954,459,495
C0116,28,000,000000,ANDHRA PRADESH,019014, Sindhi,10151,5093,5058,0,0,0,10151,5093,5058
C0116,28,000,000000,ANDHRA PRADESH,019999,19 Others,6,3,3,0,0,0,6,3,3
C0116,28,000,000000,ANDHRA PRADESH,020000,20 TAMIL ,325660,163729,161931,0,0,0,325660,163729,161931
C0116,28,000,000000,ANDHRA PRADESH,020006, Irula/Irular Mozhi,1,1,0,0,0,0,1,1,0
C0116,28,000,000000,ANDHRA PRADESH,020009, Kaikadi,21,11,10,0,0,0,21,11,10
C0116,28,000,000000,ANDHRA PRADESH,020015, Korava,10,5,5,0,0,0,10,5,5
C0116,28,000,000000,ANDHRA PRADESH,020027, Tamil,307087,154499,152588,0,0,0,307087,154499,152588
C0116,28,000,000000,ANDHRA PRADESH,020029, Yerukala/Yerukula,18145,9010,9135,0,0,0,18145,9010,9135
C0116,28,000,000000,ANDHRA PRADESH,020999,20 Others,396,203,193,0,0,0,396,203,193
C0116,28,000,000000,ANDHRA PRADESH,021000,21 TELUGU ,21316887,10669299,10647588,0,0,0,21316887,10669299,10647588
C0116,28,000,000000,ANDHRA PRADESH,021046, Telugu,21315555,10668613,10646942,0,0,0,21315555,10668613,10646942
C0116,28,000,000000,ANDHRA PRADESH,021048, Vadari,128,66,62,0,0,0,128,66,62
C0116,28,000,000000,ANDHRA PRADESH,021999,21 Others,1204,620,584,0,0,0,1204,620,584
C0116,28,000,000000,ANDHRA PRADESH,022000,22 URDU,4999581,2540369,2459212,0,0,0,4999581,2540369,2459212
C0116,28,000,000000,ANDHRA PRADESH,022015, Urdu,4998899,2540019,2458880,0,0,0,4998899,2540019,2458880
C0116,28,000,000000,ANDHRA PRADESH,022999,22 Others,682,350,332,0,0,0,682,350,332
C0116,28,000,000000,ANDHRA PRADESH,023000,23 ADI ,45,28,17,0,0,0,45,28,17
C0116,28,000,000000,ANDHRA PRADESH,023003, Adi,32,20,12,0,0,0,32,20,12
C0116,28,000,000000,ANDHRA PRADESH,023040, Talgalo,1,0,1,0,0,0,1,0,1
C0116,28,000,000000,ANDHRA PRADESH,023999,23 Others,12,8,4,0,0,0,12,8,4
C0116,28,000,000000,ANDHRA PRADESH,024000,24 AFGHANI/KABULI/PASHTO ,14,12,2,0,0,0,14,12,2
C0116,28,000,000000,ANDHRA PRADESH,024001, Afghani/Kabuli/Pashto,10,8,2,0,0,0,10,8,2
C0116,28,000,000000,ANDHRA PRADESH,024999,24 Others,4,4,0,0,0,0,4,4,0
C0116,28,000,000000,ANDHRA PRADESH,025000,25 ANAL ,2,1,1,0,0,0,2,1,1
C0116,28,000,000000,ANDHRA PRADESH,025001, Anal,2,1,1,0,0,0,2,1,1
C0116,28,000,000000,ANDHRA PRADESH,026000,26 ANGAMI ,17,7,10,0,0,0,17,7,10
C0116,28,000,000000,ANDHRA PRADESH,026002, Angami,9,5,4,0,0,0,9,5,4
C0116,28,000,000000,ANDHRA PRADESH,026999,26 Others,8,2,6,0,0,0,8,2,6
C0116,28,000,000000,ANDHRA PRADESH,027000,27 AO ,29,16,13,0,0,0,29,16,13
C0116,28,000,000000,ANDHRA PRADESH,027001, Ao,22,14,8,0,0,0,22,14,8
C0116,28,000,000000,ANDHRA PRADESH,027003, Chungli,3,2,1,0,0,0,3,2,1
C0116,28,000,000000,ANDHRA PRADESH,027999,27 Others,4,0,4,0,0,0,4,0,4
C0116,28,000,000000,ANDHRA PRADESH,028000,28 ARABIC/ARBI ,726,414,312,0,0,0,726,414,312
C0116,28,000,000000,ANDHRA PRADESH,028001, Arabic/Arbi,726,414,312,0,0,0,726,414,312
C0116,28,000,000000,ANDHRA PRADESH,030000,30 BHILI/BHILODI ,4412,2183,2229,0,0,0,4412,2183,2229
C0116,28,000,000000,ANDHRA PRADESH,030002, Baori,1,1,0,0,0,0,1,1,0
C0116,28,000,000000,ANDHRA PRADESH,030011, Chodhari,4,1,3,0,0,0,4,1,3
C0116,28,000,000000,ANDHRA PRADESH,030015, Dhodia,5,3,2,0,0,0,5,3,2
C0116,28,000,000000,ANDHRA PRADESH,030035, Kokna/Kokni/Kukna,211,103,108,0,0,0,211,103,108
C0116,28,000,000000,ANDHRA PRADESH,030049, Mawchi,4,3,1,0,0,0,4,3,1
C0116,28,000,000000,ANDHRA PRADESH,030066, Paradhi,4002,1981,2021,0,0,0,4002,1981,2021
C0116,28,000,000000,ANDHRA PRADESH,030070, Rathi,4,2,2,0,0,0,4,2,2
C0116,28,000,000000,ANDHRA PRADESH,030078, Wagdi,14,7,7,0,0,0,14,7,7
C0116,28,000,000000,ANDHRA PRADESH,030999,30 Others,167,82,85,0,0,0,167,82,85
C0116,28,000,000000,ANDHRA PRADESH,031000,31 BHOTIA ,69,53,16,0,0,0,69,53,16
C0116,28,000,000000,ANDHRA PRADESH,031001, Bhotia,4,2,2,0,0,0,4,2,2
C0116,28,000,000000,ANDHRA PRADESH,031999,31 Others,65,51,14,0,0,0,65,51,14
C0116,28,000,000000,ANDHRA PRADESH,032000,32 BHUMIJ ,8,2,6,0,0,0,8,2,6
C0116,28,000,000000,ANDHRA PRADESH,032999,32 Others,8,2,6,0,0,0,8,2,6
C0116,28,000,000000,ANDHRA PRADESH,034000,34 CHAKHESANG ,1,0,1,0,0,0,1,0,1
C0116,28,000,000000,ANDHRA PRADESH,034001, Chakhesang,1,0,1,0,0,0,1,0,1
C0116,28,000,000000,ANDHRA PRADESH,035000,35 CHAKRU/CHOKRI ,2,2,0,0,0,0,2,2,0
C0116,28,000,000000,ANDHRA PRADESH,035001, Chakru/Chokri,2,2,0,0,0,0,2,2,0
C0116,28,000,000000,ANDHRA PRADESH,036000,36 CHANG ,3,2,1,0,0,0,3,2,1
C0116,28,000,000000,ANDHRA PRADESH,036001, Chang,3,2,1,0,0,0,3,2,1
C0116,28,000,000000,ANDHRA PRADESH,037000,37 COORGI/KODAGU ,53,28,25,0,0,0,53,28,25
C0116,28,000,000000,ANDHRA PRADESH,037001, Coorgi/Kodagu,53,28,25,0,0,0,53,28,25
C0116,28,000,000000,ANDHRA PRADESH,038000,38 DEORI ,6,2,4,0,0,0,6,2,4
C0116,28,000,000000,ANDHRA PRADESH,038001, Deori,6,2,4,0,0,0,6,2,4
C0116,28,000,000000,ANDHRA PRADESH,039000,39 DIMASA ,17,13,4,0,0,0,17,13,4
C0116,28,000,000000,ANDHRA PRADESH,039002, Dimasa,3,3,0,0,0,0,3,3,0
C0116,28,000,000000,ANDHRA PRADESH,039999,39 Others,14,10,4,0,0,0,14,10,4
C0116,28,000,000000,ANDHRA PRADESH,040000,40 ENGLISH ,10985,5498,5487,0,0,0,10985,5498,5487
C0116,28,000,000000,ANDHRA PRADESH,040001, English,10985,5498,5487,0,0,0,10985,5498,5487
C0116,28,000,000000,ANDHRA PRADESH,041000,41 GADABA ,58,37,21,0,0,0,58,37,21
C0116,28,000,000000,ANDHRA PRADESH,041001, Gadaba,54,35,19,0,0,0,54,35,19
C0116,28,000,000000,ANDHRA PRADESH,041999,41 Others,4,2,2,0,0,0,4,2,2
C0116,28,000,000000,ANDHRA PRADESH,043000,43 GARO ,24,14,10,0,0,0,24,14,10
C0116,28,000,000000,ANDHRA PRADESH,043005, Garo,24,14,10,0,0,0,24,14,10
C0116,28,000,000000,ANDHRA PRADESH,044000,44 GONDI,8938,4097,4841,0,0,0,8938,4097,4841
C0116,28,000,000000,ANDHRA PRADESH,044007, Gondi,7715,3500,4215,0,0,0,7715,3500,4215
C0116,28,000,000000,ANDHRA PRADESH,044013, Kalari,4,2,2,0,0,0,4,2,2
C0116,28,000,000000,ANDHRA PRADESH,044017, Maria/ Muria,2,1,1,0,0,0,2,1,1
C0116,28,000,000000,ANDHRA PRADESH,044999,44 Others,1217,594,623,0,0,0,1217,594,623
C0116,28,000,000000,ANDHRA PRADESH,045000,45 HALABI,4,2,2,0,0,0,4,2,2
C0116,28,000,000000,ANDHRA PRADESH,045999,45 Others,4,2,2,0,0,0,4,2,2
C0116,28,000,000000,ANDHRA PRADESH,046000,46 HALAM ,6,3,3,0,0,0,6,3,3
C0116,28,000,000000,ANDHRA PRADESH,046003, Halam,3,2,1,0,0,0,3,2,1
C0116,28,000,000000,ANDHRA PRADESH,046999,46 Others,3,1,2,0,0,0,3,1,2
C0116,28,000,000000,ANDHRA PRADESH,047000,47 HMAR,16,8,8,0,0,0,16,8,8
C0116,28,000,000000,ANDHRA PRADESH,047001, Hmar,16,8,8,0,0,0,16,8,8
C0116,28,000,000000,ANDHRA PRADESH,048000,48 HO,12,8,4,0,0,0,12,8,4
C0116,28,000,000000,ANDHRA PRADESH,048004, Ho,12,8,4,0,0,0,12,8,4
C0116,28,000,000000,ANDHRA PRADESH,049000,49 JATAPU ,50,26,24,0,0,0,50,26,24
C0116,28,000,000000,ANDHRA PRADESH,049002, Jatapu,50,26,24,0,0,0,50,26,24
C0116,28,000,000000,ANDHRA PRADESH,051000,51 KABUI ,29,7,22,0,0,0,29,7,22
C0116,28,000,000000,ANDHRA PRADESH,051003, Kabui,2,0,2,0,0,0,2,0,2
C0116,28,000,000000,ANDHRA PRADESH,051005, Rongmei,27,7,20,0,0,0,27,7,20
C0116,28,000,000000,ANDHRA PRADESH,053000,53 KHANDESHI,3,2,1,0,0,0,3,2,1
C0116,28,000,000000,ANDHRA PRADESH,053002, Ahirani,1,1,0,0,0,0,1,1,0
C0116,28,000,000000,ANDHRA PRADESH,053005, Gujari,2,1,1,0,0,0,2,1,1
C0116,28,000,000000,ANDHRA PRADESH,054000,54 KHARIA ,67,32,35,0,0,0,67,32,35
C0116,28,000,000000,ANDHRA PRADESH,054005, Kharia,67,32,35,0,0,0,67,32,35
C0116,28,000,000000,ANDHRA PRADESH,055000,55 KHASI ,28,15,13,0,0,0,28,15,13
C0116,28,000,000000,ANDHRA PRADESH,055007, Khasi,24,12,12,0,0,0,24,12,12
C0116,28,000,000000,ANDHRA PRADESH,055009, Lyngngam,1,1,0,0,0,0,1,1,0
C0116,28,000,000000,ANDHRA PRADESH,055012, Pnar/Synteng,3,2,1,0,0,0,3,2,1
C0116,28,000,000000,ANDHRA PRADESH,056000,56 KHEZHA ,6,3,3,0,0,0,6,3,3
C0116,28,000,000000,ANDHRA PRADESH,056003, Khezha,1,0,1,0,0,0,1,0,1
C0116,28,000,000000,ANDHRA PRADESH,056999,56 Others ,5,3,2,0,0,0,5,3,2
C0116,28,000,000000,ANDHRA PRADESH,058000,58 KHOND/KONDH ,105,60,45,0,0,0,105,60,45
C0116,28,000,000000,ANDHRA PRADESH,058001, Khond/Kondh,54,33,21,0,0,0,54,33,21
C0116,28,000,000000,ANDHRA PRADESH,058006, Kuvi,51,27,24,0,0,0,51,27,24
C0116,28,000,000000,ANDHRA PRADESH,059000,59 KINNAURI ,11,4,7,0,0,0,11,4,7
C0116,28,000,000000,ANDHRA PRADESH,059999,59 Others,11,4,7,0,0,0,11,4,7
C0116,28,000,000000,ANDHRA PRADESH,061000,61 KOCH ,10,5,5,0,0,0,10,5,5
C0116,28,000,000000,ANDHRA PRADESH,061002, Koch,10,5,5,0,0,0,10,5,5
C0116,28,000,000000,ANDHRA PRADESH,062000,62 KODA/KORA ,3,0,3,0,0,0,3,0,3
C0116,28,000,000000,ANDHRA PRADESH,062003, Koda/Kora,3,0,3,0,0,0,3,0,3
C0116,28,000,000000,ANDHRA PRADESH,063000,63 KOLAMI ,590,376,214,0,0,0,590,376,214
C0116,28,000,000000,ANDHRA PRADESH,063001, Kolami,590,376,214,0,0,0,590,376,214
C0116,28,000,000000,ANDHRA PRADESH,064000,64 KOM,3,1,2,0,0,0,3,1,2
C0116,28,000,000000,ANDHRA PRADESH,064001, Kom,3,1,2,0,0,0,3,1,2
C0116,28,000,000000,ANDHRA PRADESH,065000,65 KONDA,1195,958,237,0,0,0,1195,958,237
C0116,28,000,000000,ANDHRA PRADESH,065002, Kodu,1078,873,205,0,0,0,1078,873,205
C0116,28,000,000000,ANDHRA PRADESH,065003, Konda,104,74,30,0,0,0,104,74,30
C0116,28,000,000000,ANDHRA PRADESH,065999,65 Others ,13,11,2,0,0,0,13,11,2
C0116,28,000,000000,ANDHRA PRADESH,066000,66 KONYAK ,6,1,5,0,0,0,6,1,5
C0116,28,000,000000,ANDHRA PRADESH,066001, Konyak,6,1,5,0,0,0,6,1,5
C0116,28,000,000000,ANDHRA PRADESH,067000,67 KORKU ,3,3,0,0,0,0,3,3,0
C0116,28,000,000000,ANDHRA PRADESH,067001, Korku,1,1,0,0,0,0,1,1,0
C0116,28,000,000000,ANDHRA PRADESH,067999,67 Others ,2,2,0,0,0,0,2,2,0
C0116,28,000,000000,ANDHRA PRADESH,068000,68 KORWA ,5,3,2,0,0,0,5,3,2
C0116,28,000,000000,ANDHRA PRADESH,068999,68 Others ,5,3,2,0,0,0,5,3,2
C0116,28,000,000000,ANDHRA PRADESH,069000,69 KOYA ,4406,2163,2243,0,0,0,4406,2163,2243
C0116,28,000,000000,ANDHRA PRADESH,069002, Koya,4406,2163,2243,0,0,0,4406,2163,2243
C0116,28,000,000000,ANDHRA PRADESH,070000,70 KUI ,24,9,15,0,0,0,24,9,15
C0116,28,000,000000,ANDHRA PRADESH,070001, Kui,24,9,15,0,0,0,24,9,15
C0116,28,000,000000,ANDHRA PRADESH,071000,71 KUKI,66,40,26,0,0,0,66,40,26
C0116,28,000,000000,ANDHRA PRADESH,071008, Kuki,66,40,26,0,0,0,66,40,26
C0116,28,000,000000,ANDHRA PRADESH,072000,72 KURUKH/ORAON ,57,28,29,0,0,0,57,28,29
C0116,28,000,000000,ANDHRA PRADESH,072024, Kurukh/Oraon,57,28,29,0,0,0,57,28,29
C0116,28,000,000000,ANDHRA PRADESH,073000,73 LADAKHI ,2,2,0,0,0,0,2,2,0
C0116,28,000,000000,ANDHRA PRADESH,073003, Ladakhi,2,2,0,0,0,0,2,2,0
C0116,28,000,000000,ANDHRA PRADESH,074000,74 LAHAULI ,2,1,1,0,0,0,2,1,1
C0116,28,000,000000,ANDHRA PRADESH,074999,74 Others ,2,1,1,0,0,0,2,1,1
C0116,28,000,000000,ANDHRA PRADESH,075000,75 LAHNDA ,35,21,14,0,0,0,35,21,14
C0116,28,000,000000,ANDHRA PRADESH,075006, Hindi Multani,25,14,11,0,0,0,25,14,11
C0116,28,000,000000,ANDHRA PRADESH,075999,75 Others ,10,7,3,0,0,0,10,7,3
C0116,28,000,000000,ANDHRA PRADESH,076000,76 LAKHER,11,10,1,0,0,0,11,10,1
C0116,28,000,000000,ANDHRA PRADESH,076002, Mara,11,10,1,0,0,0,11,10,1
C0116,28,000,000000,ANDHRA PRADESH,078000,78 LEPCHA ,3,2,1,0,0,0,3,2,1
C0116,28,000,000000,ANDHRA PRADESH,078001, Lepcha,3,2,1,0,0,0,3,2,1
C0116,28,000,000000,ANDHRA PRADESH,079000,79 LIANGMEI ,7,2,5,0,0,0,7,2,5
C0116,28,000,000000,ANDHRA PRADESH,079999,79 Others ,7,2,5,0,0,0,7,2,5
C0116,28,000,000000,ANDHRA PRADESH,081000,81 LOTHA ,18,9,9,0,0,0,18,9,9
C0116,28,000,000000,ANDHRA PRADESH,081001, Lotha,18,9,9,0,0,0,18,9,9
C0116,28,000,000000,ANDHRA PRADESH,082000,82 LUSHAI/MIZO ,249,154,95,0,0,0,249,154,95
C0116,28,000,000000,ANDHRA PRADESH,082005, Lushai/Mizo,249,154,95,0,0,0,249,154,95
C0116,28,000,000000,ANDHRA PRADESH,083000,83 MALTO ,4,3,1,0,0,0,4,3,1
C0116,28,000,000000,ANDHRA PRADESH,083002, Pahariya,4,3,1,0,0,0,4,3,1
C0116,28,000,000000,ANDHRA PRADESH,084000,84 MAO,10,5,5,0,0,0,10,5,5
C0116,28,000,000000,ANDHRA PRADESH,084001, Mao,6,3,3,0,0,0,6,3,3
C0116,28,000,000000,ANDHRA PRADESH,084999,84 Others ,4,2,2,0,0,0,4,2,2
C0116,28,000,000000,ANDHRA PRADESH,085000,85 MARAM,1,0,1,0,0,0,1,0,1
C0116,28,000,000000,ANDHRA PRADESH,085001, Maram ,1,0,1,0,0,0,1,0,1
C0116,28,000,000000,ANDHRA PRADESH,088000,88 MISHMI ,1,0,1,0,0,0,1,0,1
C0116,28,000,000000,ANDHRA PRADESH,088007, Mishmi,1,0,1,0,0,0,1,0,1
C0116,28,000,000000,ANDHRA PRADESH,089000,89 MOGH ,2,1,1,0,0,0,2,1,1
C0116,28,000,000000,ANDHRA PRADESH,089004, Mogh,2,1,1,0,0,0,2,1,1
C0116,28,000,000000,ANDHRA PRADESH,090000,90 MONPA ,6,4,2,0,0,0,6,4,2
C0116,28,000,000000,ANDHRA PRADESH,090003, Monpa,6,4,2,0,0,0,6,4,2
C0116,28,000,000000,ANDHRA PRADESH,091000,91 MUNDA,50,23,27,0,0,0,50,23,27
C0116,28,000,000000,ANDHRA PRADESH,091006, Kol,1,0,1,0,0,0,1,0,1
C0116,28,000,000000,ANDHRA PRADESH,091009, Munda,39,18,21,0,0,0,39,18,21
C0116,28,000,000000,ANDHRA PRADESH,091999,91 Others ,10,5,5,0,0,0,10,5,5
C0116,28,000,000000,ANDHRA PRADESH,092000,92 MUNDARI ,41,28,13,0,0,0,41,28,13
C0116,28,000,000000,ANDHRA PRADESH,092005, Mundari,41,28,13,0,0,0,41,28,13
C0116,28,000,000000,ANDHRA PRADESH,093000,93 NICOBARESE ,5,4,1,0,0,0,5,4,1
C0116,28,000,000000,ANDHRA PRADESH,093001, Nicobarese,5,4,1,0,0,0,5,4,1
C0116,28,000,000000,ANDHRA PRADESH,094000,94 NISSI/DAFLA ,7,2,5,0,0,0,7,2,5
C0116,28,000,000000,ANDHRA PRADESH,094001, Apatani,3,0,3,0,0,0,3,0,3
C0116,28,000,000000,ANDHRA PRADESH,094007, Nissi/Dafla,1,1,0,0,0,0,1,1,0
C0116,28,000,000000,ANDHRA PRADESH,094008, Tagin,1,0,1,0,0,0,1,0,1
C0116,28,000,000000,ANDHRA PRADESH,094999,94 Others ,2,1,1,0,0,0,2,1,1
C0116,28,000,000000,ANDHRA PRADESH,096000,96 PAITE,22,11,11,0,0,0,22,11,11
C0116,28,000,000000,ANDHRA PRADESH,096002, Paite,22,11,11,0,0,0,22,11,11
C0116,28,000,000000,ANDHRA PRADESH,097000,97 PARJI ,16,16,0,0,0,0,16,16,0
C0116,28,000,000000,ANDHRA PRADESH,097999,97 Others ,16,16,0,0,0,0,16,16,0
C0116,28,000,000000,ANDHRA PRADESH,100000,100 PHOM ,3,0,3,0,0,0,3,0,3
C0116,28,000,000000,ANDHRA PRADESH,100001, Phom,3,0,3,0,0,0,3,0,3
C0116,28,000,000000,ANDHRA PRADESH,101000,101 POCHURY,4,2,2,0,0,0,4,2,2
C0116,28,000,000000,ANDHRA PRADESH,101006, Pochury,4,2,2,0,0,0,4,2,2
C0116,28,000,000000,ANDHRA PRADESH,104000,104 RENGMA ,4,2,2,0,0,0,4,2,2
C0116,28,000,000000,ANDHRA PRADESH,104001, Rengma,4,2,2,0,0,0,4,2,2
C0116,28,000,000000,ANDHRA PRADESH,106000,106 SAVARA,946,532,414,0,0,0,946,532,414
C0116,28,000,000000,ANDHRA PRADESH,106004, Savara,946,532,414,0,0,0,946,532,414
C0116,28,000,000000,ANDHRA PRADESH,107000,107 SEMA,9,5,4,0,0,0,9,5,4
C0116,28,000,000000,ANDHRA PRADESH,107002, Sema,9,5,4,0,0,0,9,5,4
C0116,28,000,000000,ANDHRA PRADESH,108000,108 SHERPA ,19,14,5,0,0,0,19,14,5
C0116,28,000,000000,ANDHRA PRADESH,108001, Sherpa,19,14,5,0,0,0,19,14,5
C0116,28,000,000000,ANDHRA PRADESH,111000,111 TAMANG ,1,1,0,0,0,0,1,1,0
C0116,28,000,000000,ANDHRA PRADESH,111001, Tamang,1,1,0,0,0,0,1,1,0
C0116,28,000,000000,ANDHRA PRADESH,112000,112 TANGKHUL ,8,5,3,0,0,0,8,5,3
C0116,28,000,000000,ANDHRA PRADESH,112008, Tangkhul,8,5,3,0,0,0,8,5,3
C0116,28,000,000000,ANDHRA PRADESH,113000,113 TANGSA,3,0,3,0,0,0,3,0,3
C0116,28,000,000000,ANDHRA PRADESH,113999,113 Others,3,0,3,0,0,0,3,0,3
C0116,28,000,000000,ANDHRA PRADESH,114000,114 THADO ,41,21,20,0,0,0,41,21,20
C0116,28,000,000000,ANDHRA PRADESH,114015, Thado,34,17,17,0,0,0,34,17,17
C0116,28,000,000000,ANDHRA PRADESH,114999,114 Others,7,4,3,0,0,0,7,4,3
C0116,28,000,000000,ANDHRA PRADESH,115000,115 TIBETAN ,16,5,11,0,0,0,16,5,11
C0116,28,000,000000,ANDHRA PRADESH,115008, Tibetan,10,0,10,0,0,0,10,0,10
C0116,28,000,000000,ANDHRA PRADESH,115011, Purkhi,1,1,0,0,0,0,1,1,0
C0116,28,000,000000,ANDHRA PRADESH,115999,115 Others,5,4,1,0,0,0,5,4,1
C0116,28,000,000000,ANDHRA PRADESH,116000,116 TRIPURI ,37,22,15,0,0,0,37,22,15
C0116,28,000,000000,ANDHRA PRADESH,116007, Kokbarak,23,11,12,0,0,0,23,11,12
C0116,28,000,000000,ANDHRA PRADESH,116011, Reang,1,0,1,0,0,0,1,0,1
C0116,28,000,000000,ANDHRA PRADESH,116014, Tripuri,13,11,2,0,0,0,13,11,2
C0116,28,000,000000,ANDHRA PRADESH,117000,117 TULU ,515,265,250,0,0,0,515,265,250
C0116,28,000,000000,ANDHRA PRADESH,117009, Tulu,485,247,238,0,0,0,485,247,238
C0116,28,000,000000,ANDHRA PRADESH,117999,117 Others ,30,18,12,0,0,0,30,18,12
C0116,28,000,000000,ANDHRA PRADESH,118000,118 VAIPHEI ,16,7,9,0,0,0,16,7,9
C0116,28,000,000000,ANDHRA PRADESH,118002, Vaiphei,16,7,9,0,0,0,16,7,9
C0116,28,000,000000,ANDHRA PRADESH,119000,119 WANCHO,7,2,5,0,0,0,7,2,5
C0116,28,000,000000,ANDHRA PRADESH,119001, Wancho,7,2,5,0,0,0,7,2,5
C0116,28,000,000000,ANDHRA PRADESH,121000,121 ZELIANG ,1,1,0,0,0,0,1,1,0
C0116,28,000,000000,ANDHRA PRADESH,121001, Zeliang,1,1,0,0,0,0,1,1,0
C0116,28,000,000000,ANDHRA PRADESH,123000,123 ZOU ,30,8,22,0,0,0,30,8,22
C0116,28,000,000000,ANDHRA PRADESH,123001, Zou,30,8,22,0,0,0,30,8,22
C0116,28,000,000000,ANDHRA PRADESH,124000,124 OTHERS,10711,5495,5216,0,0,0,10711,5495,5216
C0116,28,532,000000,Adilabad,001000,1 ASSAMESE,9,6,3,0,0,0,9,6,3
C0116,28,532,000000,Adilabad,001002, Assamese,9,6,3,0,0,0,9,6,3
C0116,28,532,000000,Adilabad,002000,2 BENGALI ,1369,721,648,0,0,0,1369,721,648
C0116,28,532,000000,Adilabad,002007, Bengali,1369,721,648,0,0,0,1369,721,648
C0116,28,532,000000,Adilabad,003000,3 BODO ,1,1,0,0,0,0,1,1,0
C0116,28,532,000000,Adilabad,003003, Kachari,1,1,0,0,0,0,1,1,0
C0116,28,532,000000,Adilabad,004000,4 DOGRI ,5,4,1,0,0,0,5,4,1
C0116,28,532,000000,Adilabad,004001, Dogri,5,4,1,0,0,0,5,4,1
C0116,28,532,000000,Adilabad,005000,5 GUJARATI,2335,1209,1126,0,0,0,2335,1209,1126
C0116,28,532,000000,Adilabad,005018, Gujarati,1976,1038,938,0,0,0,1976,1038,938
C0116,28,532,000000,Adilabad,005057, Saurashtra/Saurashtri,5,2,3,0,0,0,5,2,3
C0116,28,532,000000,Adilabad,005999,5 Others,354,169,185,0,0,0,354,169,185
C0116,28,532,000000,Adilabad,006000,6 HINDI ,31624,16096,15528,0,0,0,31624,16096,15528
C0116,28,532,000000,Adilabad,006066, Banjari,335,179,156,0,0,0,335,179,156
C0116,28,532,000000,Adilabad,006102, Bhojpuri,216,122,94,0,0,0,216,122,94
C0116,28,532,000000,Adilabad,006173, Dhundhari,1,0,1,0,0,0,1,0,1
C0116,28,532,000000,Adilabad,006235, Haryanvi,8,5,3,0,0,0,8,5,3
C0116,28,532,000000,Adilabad,006240, Hindi,17619,9061,8558,0,0,0,17619,9061,8558
C0116,28,532,000000,Adilabad,006320, Khortha/Khotta,5,2,3,0,0,0,5,2,3
C0116,28,532,000000,Adilabad,006353, Lamani/Lambadi,9525,4636,4889,0,0,0,9525,4636,4889
C0116,28,532,000000,Adilabad,006400, Marwari,2736,1444,1292,0,0,0,2736,1444,1292
C0116,28,532,000000,Adilabad,006489, Rajasthani,432,239,193,0,0,0,432,239,193
C0116,28,532,000000,Adilabad,006503, Sadan/Sadri,2,2,0,0,0,0,2,2,0
C0116,28,532,000000,Adilabad,006541, Sugali,24,11,13,0,0,0,24,11,13
C0116,28,532,000000,Adilabad,006999,6 Others,721,395,326,0,0,0,721,395,326
C0116,28,532,000000,Adilabad,007000,7 KANNADA,335,175,160,0,0,0,335,175,160
C0116,28,532,000000,Adilabad,007016, Kannada,328,173,155,0,0,0,328,173,155
C0116,28,532,000000,Adilabad,007999,7 Others,7,2,5,0,0,0,7,2,5
C0116,28,532,000000,Adilabad,009000,9 KONKANI,41,17,24,0,0,0,41,17,24
C0116,28,532,000000,Adilabad,009011, Konkani,36,15,21,0,0,0,36,15,21
C0116,28,532,000000,Adilabad,009013, Kudubi/Kudumbi,1,1,0,0,0,0,1,1,0
C0116,28,532,000000,Adilabad,009999,9 Others,4,1,3,0,0,0,4,1,3
C0116,28,532,000000,Adilabad,010000,10 MAITHILI ,31,18,13,0,0,0,31,18,13
C0116,28,532,000000,Adilabad,010008, Maithili,31,18,13,0,0,0,31,18,13
C0116,28,532,000000,Adilabad,011000,11 MALAYALAM,633,307,326,0,0,0,633,307,326
C0116,28,532,000000,Adilabad,011016, Malayalam,633,307,326,0,0,0,633,307,326
C0116,28,532,000000,Adilabad,012000,12 MANIPURI ,7,4,3,0,0,0,7,4,3
C0116,28,532,000000,Adilabad,012003, Manipuri,7,4,3,0,0,0,7,4,3
C0116,28,532,000000,Adilabad,013000,13 MARATHI ,44753,22342,22411,0,0,0,44753,22342,22411
C0116,28,532,000000,Adilabad,013004, Are,5,2,3,0,0,0,5,2,3
C0116,28,532,000000,Adilabad,013071, Marathi,44725,22328,22397,0,0,0,44725,22328,22397
C0116,28,532,000000,Adilabad,013999,13 Others,23,12,11,0,0,0,23,12,11
C0116,28,532,000000,Adilabad,014000,14 NEPALI ,123,70,53,0,0,0,123,70,53
C0116,28,532,000000,Adilabad,014011, Nepali,123,70,53,0,0,0,123,70,53
C0116,28,532,000000,Adilabad,015000,15 ODIA ,865,457,408,0,0,0,865,457,408
C0116,28,532,000000,Adilabad,015043, Odia,834,443,391,0,0,0,834,443,391
C0116,28,532,000000,Adilabad,015055, Relli,31,14,17,0,0,0,31,14,17
C0116,28,532,000000,Adilabad,016000,16 PUNJABI ,414,230,184,0,0,0,414,230,184
C0116,28,532,000000,Adilabad,016038, Punjabi,414,230,184,0,0,0,414,230,184
C0116,28,532,000000,Adilabad,017000,17 SANSKRIT ,3,2,1,0,0,0,3,2,1
C0116,28,532,000000,Adilabad,017002, Sanskrit,3,2,1,0,0,0,3,2,1
C0116,28,532,000000,Adilabad,018000,18 SANTALI ,3,1,2,0,0,0,3,1,2
C0116,28,532,000000,Adilabad,018999,18 Others,3,1,2,0,0,0,3,1,2
C0116,28,532,000000,Adilabad,019000,19 SINDHI,145,79,66,0,0,0,145,79,66
C0116,28,532,000000,Adilabad,019008, Kachchhi,26,16,10,0,0,0,26,16,10
C0116,28,532,000000,Adilabad,019014, Sindhi,115,62,53,0,0,0,115,62,53
C0116,28,532,000000,Adilabad,019999,19 Others,4,1,3,0,0,0,4,1,3
C0116,28,532,000000,Adilabad,020000,20 TAMIL ,1288,666,622,0,0,0,1288,666,622
C0116,28,532,000000,Adilabad,020009, Kaikadi,7,4,3,0,0,0,7,4,3
C0116,28,532,000000,Adilabad,020027, Tamil,1114,579,535,0,0,0,1114,579,535
C0116,28,532,000000,Adilabad,020029, Yerukala/Yerukula,162,80,82,0,0,0,162,80,82
C0116,28,532,000000,Adilabad,020999,20 Others,5,3,2,0,0,0,5,3,2
C0116,28,532,000000,Adilabad,021000,21 TELUGU ,502391,254158,248233,0,0,0,502391,254158,248233
C0116,28,532,000000,Adilabad,021046, Telugu,502299,254111,248188,0,0,0,502299,254111,248188
C0116,28,532,000000,Adilabad,021048, Vadari,92,47,45,0,0,0,92,47,45
C0116,28,532,000000,Adilabad,022000,22 URDU,165220,83677,81543,0,0,0,165220,83677,81543
C0116,28,532,000000,Adilabad,022015, Urdu,165210,83674,81536,0,0,0,165210,83674,81536
C0116,28,532,000000,Adilabad,022999,22 Others,10,3,7,0,0,0,10,3,7
C0116,28,532,000000,Adilabad,028000,28 ARABIC/ARBI ,42,22,20,0,0,0,42,22,20
C0116,28,532,000000,Adilabad,028001, Arabic/Arbi,42,22,20,0,0,0,42,22,20
C0116,28,532,000000,Adilabad,040000,40 ENGLISH ,117,65,52,0,0,0,117,65,52
C0116,28,532,000000,Adilabad,040001, English,117,65,52,0,0,0,117,65,52
C0116,28,532,000000,Adilabad,044000,44 GONDI,7186,3238,3948,0,0,0,7186,3238,3948
C0116,28,532,000000,Adilabad,044007, Gondi,7147,3210,3937,0,0,0,7147,3210,3937
C0116,28,532,000000,Adilabad,044999,44 Others,39,28,11,0,0,0,39,28,11
C0116,28,532,000000,Adilabad,045000,45 HALABI,4,2,2,0,0,0,4,2,2
C0116,28,532,000000,Adilabad,045999,45 Others,4,2,2,0,0,0,4,2,2
C0116,28,532,000000,Adilabad,054000,54 KHARIA ,3,1,2,0,0,0,3,1,2
C0116,28,532,000000,Adilabad,054005, Kharia,3,1,2,0,0,0,3,1,2
C0116,28,532,000000,Adilabad,063000,63 KOLAMI ,583,370,213,0,0,0,583,370,213
C0116,28,532,000000,Adilabad,063001, Kolami,583,370,213,0,0,0,583,370,213
C0116,28,532,000000,Adilabad,069000,69 KOYA ,186,82,104,0,0,0,186,82,104
C0116,28,532,000000,Adilabad,069002, Koya,186,82,104,0,0,0,186,82,104
C0116,28,532,000000,Adilabad,075000,75 LAHNDA ,23,13,10,0,0,0,23,13,10
C0116,28,532,000000,Adilabad,075006, Hindi Multani,23,13,10,0,0,0,23,13,10
C0116,28,532,000000,Adilabad,117000,117 TULU ,3,2,1,0,0,0,3,2,1
C0116,28,532,000000,Adilabad,117999,117 Others ,3,2,1,0,0,0,3,2,1
C0116,28,532,000000,Adilabad,124000,124 OTHERS,517,259,258,0,0,0,517,259,258
C0116,28,532,802896,Adilabad (M),002000,2 BENGALI ,106,59,47,0,0,0,106,59,47
C0116,28,532,802896,Adilabad (M),002007, Bengali,106,59,47,0,0,0,106,59,47
C0116,28,532,802896,Adilabad (M),003000,3 BODO ,1,1,0,0,0,0,1,1,0
C0116,28,532,802896,Adilabad (M),003003, Kachari,1,1,0,0,0,0,1,1,0
C0116,28,532,802896,Adilabad (M),005000,5 GUJARATI,965,500,465,0,0,0,965,500,465
C0116,28,532,802896,Adilabad (M),005018, Gujarati,873,460,413,0,0,0,873,460,413
C0116,28,532,802896,Adilabad (M),005999,5 Others,92,40,52,0,0,0,92,40,52
C0116,28,532,802896,Adilabad (M),006000,6 HINDI ,7789,4005,3784,0,0,0,7789,4005,3784
C0116,28,532,802896,Adilabad (M),006066, Banjari,214,108,106,0,0,0,214,108,106
C0116,28,532,802896,Adilabad (M),006102, Bhojpuri,4,1,3,0,0,0,4,1,3
C0116,28,532,802896,Adilabad (M),006173, Dhundhari,1,0,1,0,0,0,1,0,1
C0116,28,532,802896,Adilabad (M),006235, Haryanvi,8,5,3,0,0,0,8,5,3
C0116,28,532,802896,Adilabad (M),006240, Hindi,5326,2722,2604,0,0,0,5326,2722,2604
C0116,28,532,802896,Adilabad (M),006353, Lamani/Lambadi,1243,639,604,0,0,0,1243,639,604
C0116,28,532,802896,Adilabad (M),006400, Marwari,658,348,310,0,0,0,658,348,310
C0116,28,532,802896,Adilabad (M),006489, Rajasthani,99,55,44,0,0,0,99,55,44
C0116,28,532,802896,Adilabad (M),006541, Sugali,3,2,1,0,0,0,3,2,1
C0116,28,532,802896,Adilabad (M),006999,6 Others,233,125,108,0,0,0,233,125,108
C0116,28,532,802896,Adilabad (M),007000,7 KANNADA,50,29,21,0,0,0,50,29,21
C0116,28,532,802896,Adilabad (M),007016, Kannada,50,29,21,0,0,0,50,29,21
C0116,28,532,802896,Adilabad (M),009000,9 KONKANI,5,2,3,0,0,0,5,2,3
C0116,28,532,802896,Adilabad (M),009013, Kudubi/Kudumbi,1,1,0,0,0,0,1,1,0
C0116,28,532,802896,Adilabad (M),009999,9 Others,4,1,3,0,0,0,4,1,3
C0116,28,532,802896,Adilabad (M),010000,10 MAITHILI ,1,1,0,0,0,0,1,1,0
C0116,28,532,802896,Adilabad (M),010008, Maithili,1,1,0,0,0,0,1,1,0
C0116,28,532,802896,Adilabad (M),011000,11 MALAYALAM,58,31,27,0,0,0,58,31,27
C0116,28,532,802896,Adilabad (M),011016, Malayalam,58,31,27,0,0,0,58,31,27
C0116,28,532,802896,Adilabad (M),013000,13 MARATHI ,14634,7502,7132,0,0,0,14634,7502,7132
C0116,28,532,802896,Adilabad (M),013071, Marathi,14634,7502,7132,0,0,0,14634,7502,7132
C0116,28,532,802896,Adilabad (M),015000,15 ODIA ,36,31,5,0,0,0,36,31,5
C0116,28,532,802896,Adilabad (M),015043, Odia,36,31,5,0,0,0,36,31,5
C0116,28,532,802896,Adilabad (M),016000,16 PUNJABI ,121,63,58,0,0,0,121,63,58
C0116,28,532,802896,Adilabad (M),016038, Punjabi,121,63,58,0,0,0,121,63,58
C0116,28,532,802896,Adilabad (M),017000,17 SANSKRIT ,3,2,1,0,0,0,3,2,1
C0116,28,532,802896,Adilabad (M),017002, Sanskrit,3,2,1,0,0,0,3,2,1
C0116,28,532,802896,Adilabad (M),018000,18 SANTALI ,3,1,2,0,0,0,3,1,2
C0116,28,532,802896,Adilabad (M),018999,18 Others,3,1,2,0,0,0,3,1,2
C0116,28,532,802896,Adilabad (M),019000,19 SINDHI,25,13,12,0,0,0,25,13,12
C0116,28,532,802896,Adilabad (M),019008, Kachchhi,17,10,7,0,0,0,17,10,7
C0116,28,532,802896,Adilabad (M),019014, Sindhi,4,2,2,0,0,0,4,2,2
C0116,28,532,802896,Adilabad (M),019999,19 Others,4,1,3,0,0,0,4,1,3
C0116,28,532,802896,Adilabad (M),020000,20 TAMIL ,75,41,34,0,0,0,75,41,34
C0116,28,532,802896,Adilabad (M),020027, Tamil,74,40,34,0,0,0,74,40,34
C0116,28,532,802896,Adilabad (M),020029, Yerukala/Yerukula,1,1,0,0,0,0,1,1,0
C0116,28,532,802896,Adilabad (M),021000,21 TELUGU ,52270,26229,26041,0,0,0,52270,26229,26041
C0116,28,532,802896,Adilabad (M),021046, Telugu,52265,26228,26037,0,0,0,52265,26228,26037
C0116,28,532,802896,Adilabad (M),021048, Vadari,5,1,4,0,0,0,5,1,4
C0116,28,532,802896,Adilabad (M),022000,22 URDU,40007,20430,19577,0,0,0,40007,20430,19577
C0116,28,532,802896,Adilabad (M),022015, Urdu,40007,20430,19577,0,0,0,40007,20430,19577
C0116,28,532,802896,Adilabad (M),040000,40 ENGLISH ,10,2,8,0,0,0,10,2,8
C0116,28,532,802896,Adilabad (M),040001, English,10,2,8,0,0,0,10,2,8
C0116,28,532,802896,Adilabad (M),044000,44 GONDI,699,346,353,0,0,0,699,346,353
C0116,28,532,802896,Adilabad (M),044007, Gondi,689,341,348,0,0,0,689,341,348
C0116,28,532,802896,Adilabad (M),044999,44 Others,10,5,5,0,0,0,10,5,5
C0116,28,532,802896,Adilabad (M),054000,54 KHARIA ,1,1,0,0,0,0,1,1,0
C0116,28,532,802896,Adilabad (M),054005, Kharia,1,1,0,0,0,0,1,1,0
C0116,28,532,802896,Adilabad (M),063000,63 KOLAMI ,64,30,34,0,0,0,64,30,34
C0116,28,532,802896,Adilabad (M),063001, Kolami,64,30,34,0,0,0,64,30,34
C0116,28,532,802896,Adilabad (M),069000,69 KOYA ,3,2,1,0,0,0,3,2,1
C0116,28,532,802896,Adilabad (M),069002, Koya,3,2,1,0,0,0,3,2,1
C0116,28,532,802896,Adilabad (M),124000,124 OTHERS,241,127,114,0,0,0,241,127,114
C0116,28,532,802897,Kagaznagar (M),001000,1 ASSAMESE,5,3,2,0,0,0,5,3,2
C0116,28,532,802897,Kagaznagar (M),001002, Assamese,5,3,2,0,0,0,5,3,2
C0116,28,532,802897,Kagaznagar (M),002000,2 BENGALI ,689,347,342,0,0,0,689,347,342
C0116,28,532,802897,Kagaznagar (M),002007, Bengali,689,347,342,0,0,0,689,347,342
C0116,28,532,802897,Kagaznagar (M),005000,5 GUJARATI,185,106,79,0,0,0,185,106,79
C0116,28,532,802897,Kagaznagar (M),005018, Gujarati,133,78,55,0,0,0,133,78,55
C0116,28,532,802897,Kagaznagar (M),005057, Saurashtra/Saurashtri,5,2,3,0,0,0,5,2,3
C0116,28,532,802897,Kagaznagar (M),005999,5 Others,47,26,21,0,0,0,47,26,21
C0116,28,532,802897,Kagaznagar (M),006000,6 HINDI ,4405,2244,2161,0,0,0,4405,2244,2161
C0116,28,532,802897,Kagaznagar (M),006066, Banjari,8,6,2,0,0,0,8,6,2
C0116,28,532,802897,Kagaznagar (M),006102, Bhojpuri,134,69,65,0,0,0,134,69,65
C0116,28,532,802897,Kagaznagar (M),006240, Hindi,3544,1809,1735,0,0,0,3544,1809,1735
C0116,28,532,802897,Kagaznagar (M),006353, Lamani/Lambadi,105,52,53,0,0,0,105,52,53
C0116,28,532,802897,Kagaznagar (M),006400, Marwari,533,268,265,0,0,0,533,268,265
C0116,28,532,802897,Kagaznagar (M),006489, Rajasthani,56,26,30,0,0,0,56,26,30
C0116,28,532,802897,Kagaznagar (M),006541, Sugali,3,2,1,0,0,0,3,2,1
C0116,28,532,802897,Kagaznagar (M),006999,6 Others,22,12,10,0,0,0,22,12,10
C0116,28,532,802897,Kagaznagar (M),007000,7 KANNADA,59,35,24,0,0,0,59,35,24
C0116,28,532,802897,Kagaznagar (M),007016, Kannada,59,35,24,0,0,0,59,35,24
C0116,28,532,802897,Kagaznagar (M),010000,10 MAITHILI ,18,10,8,0,0,0,18,10,8
C0116,28,532,802897,Kagaznagar (M),010008, Maithili,18,10,8,0,0,0,18,10,8
C0116,28,532,802897,Kagaznagar (M),011000,11 MALAYALAM,208,107,101,0,0,0,208,107,101
C0116,28,532,802897,Kagaznagar (M),011016, Malayalam,208,107,101,0,0,0,208,107,101
C0116,28,532,802897,Kagaznagar (M),012000,12 MANIPURI ,6,3,3,0,0,0,6,3,3
C0116,28,532,802897,Kagaznagar (M),012003, Manipuri,6,3,3,0,0,0,6,3,3
C0116,28,532,802897,Kagaznagar (M),013000,13 MARATHI ,3613,1747,1866,0,0,0,3613,1747,1866
C0116,28,532,802897,Kagaznagar (M),013071, Marathi,3613,1747,1866,0,0,0,3613,1747,1866
C0116,28,532,802897,Kagaznagar (M),014000,14 NEPALI ,5,3,2,0,0,0,5,3,2
C0116,28,532,802897,Kagaznagar (M),014011, Nepali,5,3,2,0,0,0,5,3,2
C0116,28,532,802897,Kagaznagar (M),015000,15 ODIA ,140,62,78,0,0,0,140,62,78
C0116,28,532,802897,Kagaznagar (M),015043, Odia,136,60,76,0,0,0,136,60,76
C0116,28,532,802897,Kagaznagar (M),015055, Relli,4,2,2,0,0,0,4,2,2
C0116,28,532,802897,Kagaznagar (M),016000,16 PUNJABI ,87,50,37,0,0,0,87,50,37
C0116,28,532,802897,Kagaznagar (M),016038, Punjabi,87,50,37,0,0,0,87,50,37
C0116,28,532,802897,Kagaznagar (M),019000,19 SINDHI,111,60,51,0,0,0,111,60,51
C0116,28,532,802897,Kagaznagar (M),019014, Sindhi,111,60,51,0,0,0,111,60,51
C0116,28,532,802897,Kagaznagar (M),020000,20 TAMIL ,324,152,172,0,0,0,324,152,172
C0116,28,532,802897,Kagaznagar (M),020027, Tamil,320,150,170,0,0,0,320,150,170
C0116,28,532,802897,Kagaznagar (M),020029, Yerukala/Yerukula,4,2,2,0,0,0,4,2,2
C0116,28,532,802897,Kagaznagar (M),021000,21 TELUGU ,30017,14878,15139,0,0,0,30017,14878,15139
C0116,28,532,802897,Kagaznagar (M),021046, Telugu,30017,14878,15139,0,0,0,30017,14878,15139
C0116,28,532,802897,Kagaznagar (M),022000,22 URDU,17543,8750,8793,0,0,0,17543,8750,8793
C0116,28,532,802897,Kagaznagar (M),022015, Urdu,17535,8747,8788,0,0,0,17535,8747,8788
C0116,28,532,802897,Kagaznagar (M),022999,22 Others,8,3,5,0,0,0,8,3,5
C0116,28,532,802897,Kagaznagar (M),044000,44 GONDI,67,36,31,0,0,0,67,36,31
C0116,28,532,802897,Kagaznagar (M),044007, Gondi,67,36,31,0,0,0,67,36,31
C0116,28,532,802897,Kagaznagar (M),063000,63 KOLAMI ,7,2,5,0,0,0,7,2,5
C0116,28,532,802897,Kagaznagar (M),063001, Kolami,7,2,5,0,0,0,7,2,5
C0116,28,532,802897,Kagaznagar (M),069000,69 KOYA ,63,38,25,0,0,0,63,38,25
C0116,28,532,802897,Kagaznagar (M),069002, Koya,63,38,25,0,0,0,63,38,25
C0116,28,532,802897,Kagaznagar (M),075000,75 LAHNDA ,1,1,0,0,0,0,1,1,0
C0116,28,532,802897,Kagaznagar (M),075006, Hindi Multani,1,1,0,0,0,0,1,1,0
C0116,28,532,802897,Kagaznagar (M),124000,124 OTHERS,30,15,15,0,0,0,30,15,15
C0116,28,532,802898,Bhainsa (M),002000,2 BENGALI ,36,22,14,0,0,0,36,22,14
C0116,28,532,802898,Bhainsa (M),002007, Bengali,36,22,14,0,0,0,36,22,14
C0116,28,532,802898,Bhainsa (M),005000,5 GUJARATI,98,48,50,0,0,0,98,48,50
C0116,28,532,802898,Bhainsa (M),005018, Gujarati,51,24,27,0,0,0,51,24,27
C0116,28,532,802898,Bhainsa (M),005999,5 Others,47,24,23,0,0,0,47,24,23
C0116,28,532,802898,Bhainsa (M),006000,6 HINDI ,1565,827,738,0,0,0,1565,827,738
C0116,28,532,802898,Bhainsa (M),006066, Banjari,51,34,17,0,0,0,51,34,17
C0116,28,532,802898,Bhainsa (M),006240, Hindi,782,402,380,0,0,0,782,402,380
C0116,28,532,802898,Bhainsa (M),006353, Lamani/Lambadi,194,97,97,0,0,0,194,97,97
C0116,28,532,802898,Bhainsa (M),006400, Marwari,344,186,158,0,0,0,344,186,158
C0116,28,532,802898,Bhainsa (M),006489, Rajasthani,53,32,21,0,0,0,53,32,21
C0116,28,532,802898,Bhainsa (M),006541, Sugali,1,0,1,0,0,0,1,0,1
C0116,28,532,802898,Bhainsa (M),006999,6 Others,140,76,64,0,0,0,140,76,64
C0116,28,532,802898,Bhainsa (M),007000,7 KANNADA,71,36,35,0,0,0,71,36,35
C0116,28,532,802898,Bhainsa (M),007016, Kannada,71,36,35,0,0,0,71,36,35
C0116,28,532,802898,Bhainsa (M),011000,11 MALAYALAM,11,4,7,0,0,0,11,4,7
C0116,28,532,802898,Bhainsa (M),011016, Malayalam,11,4,7,0,0,0,11,4,7
C0116,28,532,802898,Bhainsa (M),013000,13 MARATHI ,8601,4290,4311,0,0,0,8601,4290,4311
C0116,28,532,802898,Bhainsa (M),013071, Marathi,8601,4290,4311,0,0,0,8601,4290,4311
C0116,28,532,802898,Bhainsa (M),014000,14 NEPALI ,4,3,1,0,0,0,4,3,1
C0116,28,532,802898,Bhainsa (M),014011, Nepali,4,3,1,0,0,0,4,3,1
C0116,28,532,802898,Bhainsa (M),015000,15 ODIA ,4,2,2,0,0,0,4,2,2
C0116,28,532,802898,Bhainsa (M),015043, Odia,3,2,1,0,0,0,3,2,1
C0116,28,532,802898,Bhainsa (M),015055, Relli,1,0,1,0,0,0,1,0,1
C0116,28,532,802898,Bhainsa (M),020000,20 TAMIL ,20,10,10,0,0,0,20,10,10
C0116,28,532,802898,Bhainsa (M),020027, Tamil,4,3,1,0,0,0,4,3,1
C0116,28,532,802898,Bhainsa (M),020029, Yerukala/Yerukula,16,7,9,0,0,0,16,7,9
C0116,28,532,802898,Bhainsa (M),021000,21 TELUGU ,16035,8038,7997,0,0,0,16035,8038,7997
C0116,28,532,802898,Bhainsa (M),021046, Telugu,16035,8038,7997,0,0,0,16035,8038,7997
C0116,28,532,802898,Bhainsa (M),022000,22 URDU,23292,11762,11530,0,0,0,23292,11762,11530
C0116,28,532,802898,Bhainsa (M),022015, Urdu,23292,11762,11530,0,0,0,23292,11762,11530
C0116,28,532,802898,Bhainsa (M),117000,117 TULU ,3,2,1,0,0,0,3,2,1
C0116,28,532,802898,Bhainsa (M),117999,117 Others ,3,2,1,0,0,0,3,2,1
C0116,28,532,802898,Bhainsa (M),124000,124 OTHERS,24,9,15,0,0,0,24,9,15
C0116,28,532,802899,Nirmal (M),002000,2 BENGALI ,20,8,12,0,0,0,20,8,12
C0116,28,532,802899,Nirmal (M),002007, Bengali,20,8,12,0,0,0,20,8,12
C0116,28,532,802899,Nirmal (M),005000,5 GUJARATI,300,153,147,0,0,0,300,153,147
C0116,28,532,802899,Nirmal (M),005018, Gujarati,200,106,94,0,0,0,200,106,94
C0116,28,532,802899,Nirmal (M),005999,5 Others,100,47,53,0,0,0,100,47,53
C0116,28,532,802899,Nirmal (M),006000,6 HINDI ,1673,852,821,0,0,0,1673,852,821
C0116,28,532,802899,Nirmal (M),006066, Banjari,20,10,10,0,0,0,20,10,10
C0116,28,532,802899,Nirmal (M),006102, Bhojpuri,10,9,1,0,0,0,10,9,1
C0116,28,532,802899,Nirmal (M),006240, Hindi,919,458,461,0,0,0,919,458,461
C0116,28,532,802899,Nirmal (M),006320, Khortha/Khotta,5,2,3,0,0,0,5,2,3
C0116,28,532,802899,Nirmal (M),006353, Lamani/Lambadi,579,296,283,0,0,0,579,296,283
C0116,28,532,802899,Nirmal (M),006400, Marwari,52,30,22,0,0,0,52,30,22
C0116,28,532,802899,Nirmal (M),006489, Rajasthani,21,10,11,0,0,0,21,10,11
C0116,28,532,802899,Nirmal (M),006541, Sugali,1,1,0,0,0,0,1,1,0
C0116,28,532,802899,Nirmal (M),006999,6 Others,66,36,30,0,0,0,66,36,30
C0116,28,532,802899,Nirmal (M),007000,7 KANNADA,37,18,19,0,0,0,37,18,19
C0116,28,532,802899,Nirmal (M),007016, Kannada,37,18,19,0,0,0,37,18,19
C0116,28,532,802899,Nirmal (M),011000,11 MALAYALAM,18,8,10,0,0,0,18,8,10
C0116,28,532,802899,Nirmal (M),011016, Malayalam,18,8,10,0,0,0,18,8,10
C0116,28,532,802899,Nirmal (M),013000,13 MARATHI ,2112,1050,1062,0,0,0,2112,1050,1062
C0116,28,532,802899,Nirmal (M),013004, Are,5,2,3,0,0,0,5,2,3
C0116,28,532,802899,Nirmal (M),013071, Marathi,2097,1042,1055,0,0,0,2097,1042,1055
C0116,28,532,802899,Nirmal (M),013999,13 Others,10,6,4,0,0,0,10,6,4
C0116,28,532,802899,Nirmal (M),015000,15 ODIA ,19,12,7,0,0,0,19,12,7
C0116,28,532,802899,Nirmal (M),015043, Odia,19,12,7,0,0,0,19,12,7
C0116,28,532,802899,Nirmal (M),016000,16 PUNJABI ,70,41,29,0,0,0,70,41,29
C0116,28,532,802899,Nirmal (M),016038, Punjabi,70,41,29,0,0,0,70,41,29
C0116,28,532,802899,Nirmal (M),019000,19 SINDHI,5,3,2,0,0,0,5,3,2
C0116,28,532,802899,Nirmal (M),019008, Kachchhi,5,3,2,0,0,0,5,3,2
C0116,28,532,802899,Nirmal (M),020000,20 TAMIL ,60,33,27,0,0,0,60,33,27
C0116,28,532,802899,Nirmal (M),020009, Kaikadi,5,3,2,0,0,0,5,3,2
C0116,28,532,802899,Nirmal (M),020027, Tamil,55,30,25,0,0,0,55,30,25
C0116,28,532,802899,Nirmal (M),021000,21 TELUGU ,52366,25796,26570,0,0,0,52366,25796,26570
C0116,28,532,802899,Nirmal (M),021046, Telugu,52366,25796,26570,0,0,0,52366,25796,26570
C0116,28,532,802899,Nirmal (M),022000,22 URDU,31540,15972,15568,0,0,0,31540,15972,15568
C0116,28,532,802899,Nirmal (M),022015, Urdu,31540,15972,15568,0,0,0,31540,15972,15568
C0116,28,532,802899,Nirmal (M),040000,40 ENGLISH ,2,2,0,0,0,0,2,2,0
C0116,28,532,802899,Nirmal (M),040001, English,2,2,0,0,0,0,2,2,0
C0116,28,532,802899,Nirmal (M),044000,44 GONDI,102,55,47,0,0,0,102,55,47
C0116,28,532,802899,Nirmal (M),044007, Gondi,102,55,47,0,0,0,102,55,47
C0116,28,532,802899,Nirmal (M),069000,69 KOYA ,4,2,2,0,0,0,4,2,2
C0116,28,532,802899,Nirmal (M),069002, Koya,4,2,2,0,0,0,4,2,2
C0116,28,532,802899,Nirmal (M),124000,124 OTHERS,105,48,57,0,0,0,105,48,57
C0116,28,532,802900,Bellampalle (M) (Part),002000,2 BENGALI ,7,4,3,0,0,0,7,4,3
C0116,28,532,802900,Bellampalle (M) (Part),002007, Bengali,7,4,3,0,0,0,7,4,3
C0116,28,532,802900,Bellampalle (M) (Part),006000,6 HINDI ,58,25,33,0,0,0,58,25,33
C0116,28,532,802900,Bellampalle (M) (Part),006240, Hindi,40,15,25,0,0,0,40,15,25
C0116,28,532,802900,Bellampalle (M) (Part),006353, Lamani/Lambadi,10,5,5,0,0,0,10,5,5
C0116,28,532,802900,Bellampalle (M) (Part),006400, Marwari,8,5,3,0,0,0,8,5,3
C0116,28,532,802900,Bellampalle (M) (Part),010000,10 MAITHILI ,1,1,0,0,0,0,1,1,0
C0116,28,532,802900,Bellampalle (M) (Part),010008, Maithili,1,1,0,0,0,0,1,1,0
C0116,28,532,802900,Bellampalle (M) (Part),013000,13 MARATHI ,10,5,5,0,0,0,10,5,5
C0116,28,532,802900,Bellampalle (M) (Part),013071, Marathi,10,5,5,0,0,0,10,5,5
C0116,28,532,802900,Bellampalle (M) (Part),020000,20 TAMIL ,9,5,4,0,0,0,9,5,4
C0116,28,532,802900,Bellampalle (M) (Part),020027, Tamil,9,5,4,0,0,0,9,5,4
C0116,28,532,802900,Bellampalle (M) (Part),021000,21 TELUGU ,1673,828,845,0,0,0,1673,828,845
C0116,28,532,802900,Bellampalle (M) (Part),021046, Telugu,1673,828,845,0,0,0,1673,828,845
C0116,28,532,802900,Bellampalle (M) (Part),022000,22 URDU,125,57,68,0,0,0,125,57,68
C0116,28,532,802900,Bellampalle (M) (Part),022015, Urdu,125,57,68,0,0,0,125,57,68
C0116,28,532,802900,Bellampalle (M) (Part),002000,2 BENGALI ,30,14,16,0,0,0,30,14,16
C0116,28,532,802900,Bellampalle (M) (Part),002007, Bengali,30,14,16,0,0,0,30,14,16
C0116,28,532,802900,Bellampalle (M) (Part),005000,5 GUJARATI,7,4,3,0,0,0,7,4,3
C0116,28,532,802900,Bellampalle (M) (Part),005018, Gujarati,2,1,1,0,0,0,2,1,1
C0116,28,532,802900,Bellampalle (M) (Part),005999,5 Others,5,3,2,0,0,0,5,3,2
C0116,28,532,802900,Bellampalle (M) (Part),006000,6 HINDI ,1632,838,794,0,0,0,1632,838,794
C0116,28,532,802900,Bellampalle (M) (Part),006066, Banjari,8,4,4,0,0,0,8,4,4
C0116,28,532,802900,Bellampalle (M) (Part),006102, Bhojpuri,6,4,2,0,0,0,6,4,2
C0116,28,532,802900,Bellampalle (M) (Part),006240, Hindi,1111,563,548,0,0,0,1111,563,548
C0116,28,532,802900,Bellampalle (M) (Part),006353, Lamani/Lambadi,229,114,115,0,0,0,229,114,115
C0116,28,532,802900,Bellampalle (M) (Part),006400, Marwari,242,133,109,0,0,0,242,133,109
C0116,28,532,802900,Bellampalle (M) (Part),006489, Rajasthani,24,14,10,0,0,0,24,14,10
C0116,28,532,802900,Bellampalle (M) (Part),006541, Sugali,7,3,4,0,0,0,7,3,4
C0116,28,532,802900,Bellampalle (M) (Part),006999,6 Others,5,3,2,0,0,0,5,3,2
C0116,28,532,802900,Bellampalle (M) (Part),007000,7 KANNADA,16,7,9,0,0,0,16,7,9
C0116,28,532,802900,Bellampalle (M) (Part),007016, Kannada,16,7,9,0,0,0,16,7,9
C0116,28,532,802900,Bellampalle (M) (Part),010000,10 MAITHILI ,3,2,1,0,0,0,3,2,1
C0116,28,532,802900,Bellampalle (M) (Part),010008, Maithili,3,2,1,0,0,0,3,2,1
C0116,28,532,802900,Bellampalle (M) (Part),011000,11 MALAYALAM,65,35,30,0,0,0,65,35,30
C0116,28,532,802900,Bellampalle (M) (Part),011016, Malayalam,65,35,30,0,0,0,65,35,30
C0116,28,532,802900,Bellampalle (M) (Part),013000,13 MARATHI ,471,203,268,0,0,0,471,203,268
C0116,28,532,802900,Bellampalle (M) (Part),013071, Marathi,463,200,263,0,0,0,463,200,263
C0116,28,532,802900,Bellampalle (M) (Part),013999,13 Others,8,3,5,0,0,0,8,3,5
C0116,28,532,802900,Bellampalle (M) (Part),015000,15 ODIA ,248,129,119,0,0,0,248,129,119
C0116,28,532,802900,Bellampalle (M) (Part),015043, Odia,245,127,118,0,0,0,245,127,118
C0116,28,532,802900,Bellampalle (M) (Part),015055, Relli,3,2,1,0,0,0,3,2,1
C0116,28,532,802900,Bellampalle (M) (Part),016000,16 PUNJABI ,15,9,6,0,0,0,15,9,6
C0116,28,532,802900,Bellampalle (M) (Part),016038, Punjabi,15,9,6,0,0,0,15,9,6
C0116,28,532,802900,Bellampalle (M) (Part),020000,20 TAMIL ,251,121,130,0,0,0,251,121,130
C0116,28,532,802900,Bellampalle (M) (Part),020027, Tamil,214,103,111,0,0,0,214,103,111
C0116,28,532,802900,Bellampalle (M) (Part),020029, Yerukala/Yerukula,37,18,19,0,0,0,37,18,19
C0116,28,532,802900,Bellampalle (M) (Part),021000,21 TELUGU ,44938,22570,22368,0,0,0,44938,22570,22368
C0116,28,532,802900,Bellampalle (M) (Part),021046, Telugu,44938,22570,22368,0,0,0,44938,22570,22368
C0116,28,532,802900,Bellampalle (M) (Part),022000,22 URDU,6178,3106,3072,0,0,0,6178,3106,3072
C0116,28,532,802900,Bellampalle (M) (Part),022015, Urdu,6178,3106,3072,0,0,0,6178,3106,3072
C0116,28,532,802900,Bellampalle (M) (Part),040000,40 ENGLISH ,28,14,14,0,0,0,28,14,14
C0116,28,532,802900,Bellampalle (M) (Part),040001, English,28,14,14,0,0,0,28,14,14
C0116,28,532,802900,Bellampalle (M) (Part),044000,44 GONDI,58,33,25,0,0,0,58,33,25
C0116,28,532,802900,Bellampalle (M) (Part),044007, Gondi,54,31,23,0,0,0,54,31,23
C0116,28,532,802900,Bellampalle (M) (Part),044999,44 Others,4,2,2,0,0,0,4,2,2
C0116,28,532,802900,Bellampalle (M) (Part),063000,63 KOLAMI ,13,9,4,0,0,0,13,9,4
C0116,28,532,802900,Bellampalle (M) (Part),063001, Kolami,13,9,4,0,0,0,13,9,4
C0116,28,532,802900,Bellampalle (M) (Part),069000,69 KOYA ,5,5,0,0,0,0,5,5,0
C0116,28,532,802900,Bellampalle (M) (Part),069002, Koya,5,5,0,0,0,0,5,5,0
C0116,28,532,802901,Mandamarri (M),002000,2 BENGALI ,141,85,56,0,0,0,141,85,56
C0116,28,532,802901,Mandamarri (M),002007, Bengali,141,85,56,0,0,0,141,85,56
C0116,28,532,802901,Mandamarri (M),005000,5 GUJARATI,12,4,8,0,0,0,12,4,8
C0116,28,532,802901,Mandamarri (M),005999,5 Others,12,4,8,0,0,0,12,4,8
C0116,28,532,802901,Mandamarri (M),006000,6 HINDI ,684,346,338,0,0,0,684,346,338
C0116,28,532,802901,Mandamarri (M),006240, Hindi,431,217,214,0,0,0,431,217,214
C0116,28,532,802901,Mandamarri (M),006353, Lamani/Lambadi,194,96,98,0,0,0,194,96,98
C0116,28,532,802901,Mandamarri (M),006400, Marwari,44,25,19,0,0,0,44,25,19
C0116,28,532,802901,Mandamarri (M),006489, Rajasthani,15,8,7,0,0,0,15,8,7
C0116,28,532,802901,Mandamarri (M),007000,7 KANNADA,10,5,5,0,0,0,10,5,5
C0116,28,532,802901,Mandamarri (M),007016, Kannada,10,5,5,0,0,0,10,5,5
C0116,28,532,802901,Mandamarri (M),011000,11 MALAYALAM,20,7,13,0,0,0,20,7,13
C0116,28,532,802901,Mandamarri (M),011016, Malayalam,20,7,13,0,0,0,20,7,13
C0116,28,532,802901,Mandamarri (M),013000,13 MARATHI ,117,60,57,0,0,0,117,60,57
C0116,28,532,802901,Mandamarri (M),013071, Marathi,112,57,55,0,0,0,112,57,55
C0116,28,532,802901,Mandamarri (M),013999,13 Others,5,3,2,0,0,0,5,3,2
C0116,28,532,802901,Mandamarri (M),014000,14 NEPALI ,4,2,2,0,0,0,4,2,2
C0116,28,532,802901,Mandamarri (M),014011, Nepali,4,2,2,0,0,0,4,2,2
C0116,28,532,802901,Mandamarri (M),015000,15 ODIA ,18,8,10,0,0,0,18,8,10
C0116,28,532,802901,Mandamarri (M),015043, Odia,6,3,3,0,0,0,6,3,3
C0116,28,532,802901,Mandamarri (M),015055, Relli,12,5,7,0,0,0,12,5,7
C0116,28,532,802901,Mandamarri (M),016000,16 PUNJABI ,10,5,5,0,0,0,10,5,5
C0116,28,532,802901,Mandamarri (M),016038, Punjabi,10,5,5,0,0,0,10,5,5
C0116,28,532,802901,Mandamarri (M),020000,20 TAMIL ,89,47,42,0,0,0,89,47,42
C0116,28,532,802901,Mandamarri (M),020027, Tamil,50,26,24,0,0,0,50,26,24
C0116,28,532,802901,Mandamarri (M),020029, Yerukala/Yerukula,39,21,18,0,0,0,39,21,18
C0116,28,532,802901,Mandamarri (M),021000,21 TELUGU ,48525,24876,23649,0,0,0,48525,24876,23649
C0116,28,532,802901,Mandamarri (M),021046, Telugu,48525,24876,23649,0,0,0,48525,24876,23649
C0116,28,532,802901,Mandamarri (M),022000,22 URDU,2608,1296,1312,0,0,0,2608,1296,1312
C0116,28,532,802901,Mandamarri (M),022015, Urdu,2608,1296,1312,0,0,0,2608,1296,1312
C0116,28,532,802901,Mandamarri (M),028000,28 ARABIC/ARBI ,10,4,6,0,0,0,10,4,6
C0116,28,532,802901,Mandamarri (M),028001, Arabic/Arbi,10,4,6,0,0,0,10,4,6
C0116,28,532,802901,Mandamarri (M),040000,40 ENGLISH ,46,27,19,0,0,0,46,27,19
C0116,28,532,802901,Mandamarri (M),040001, English,46,27,19,0,0,0,46,27,19
C0116,28,532,802901,Mandamarri (M),044000,44 GONDI,47,30,17,0,0,0,47,30,17
C0116,28,532,802901,Mandamarri (M),044007, Gondi,47,30,17,0,0,0,47,30,17
C0116,28,532,802901,Mandamarri (M),063000,63 KOLAMI ,1,0,1,0,0,0,1,0,1
C0116,28,532,802901,Mandamarri (M),063001, Kolami,1,0,1,0,0,0,1,0,1
C0116,28,532,802901,Mandamarri (M),069000,69 KOYA ,9,5,4,0,0,0,9,5,4
C0116,28,532,802901,Mandamarri (M),069002, Koya,9,5,4,0,0,0,9,5,4
C0116,28,532,802901,Mandamarri (M),124000,124 OTHERS,1,1,0,0,0,0,1,1,0
C0116,28,532,802902,Mancherial (M + OG),002000,2 BENGALI ,143,77,66,0,0,0,143,77,66
C0116,28,532,802902,Mancherial (M + OG),002007, Bengali,143,77,66,0,0,0,143,77,66
C0116,28,532,802902,Mancherial (M + OG),005000,5 GUJARATI,95,40,55,0,0,0,95,40,55
C0116,28,532,802902,Mancherial (M + OG),005018, Gujarati,92,40,52,0,0,0,92,40,52
C0116,28,532,802902,Mancherial (M + OG),005999,5 Others,3,0,3,0,0,0,3,0,3
C0116,28,532,802902,Mancherial (M + OG),006000,6 HINDI ,2964,1567,1397,0,0,0,2964,1567,1397
C0116,28,532,802902,Mancherial (M + OG),006066, Banjari,25,13,12,0,0,0,25,13,12
C0116,28,532,802902,Mancherial (M + OG),006102, Bhojpuri,10,6,4,0,0,0,10,6,4
C0116,28,532,802902,Mancherial (M + OG),006240, Hindi,2111,1114,997,0,0,0,2111,1114,997
C0116,28,532,802902,Mancherial (M + OG),006353, Lamani/Lambadi,283,143,140,0,0,0,283,143,140
C0116,28,532,802902,Mancherial (M + OG),006400, Marwari,445,242,203,0,0,0,445,242,203
C0116,28,532,802902,Mancherial (M + OG),006489, Rajasthani,87,46,41,0,0,0,87,46,41
C0116,28,532,802902,Mancherial (M + OG),006999,6 Others,3,3,0,0,0,0,3,3,0
C0116,28,532,802902,Mancherial (M + OG),007000,7 KANNADA,24,13,11,0,0,0,24,13,11
C0116,28,532,802902,Mancherial (M + OG),007016, Kannada,24,13,11,0,0,0,24,13,11
C0116,28,532,802902,Mancherial (M + OG),010000,10 MAITHILI ,4,2,2,0,0,0,4,2,2
C0116,28,532,802902,Mancherial (M + OG),010008, Maithili,4,2,2,0,0,0,4,2,2
C0116,28,532,802902,Mancherial (M + OG),011000,11 MALAYALAM,94,37,57,0,0,0,94,37,57
C0116,28,532,802902,Mancherial (M + OG),011016, Malayalam,94,37,57,0,0,0,94,37,57
C0116,28,532,802902,Mancherial (M + OG),013000,13 MARATHI ,757,363,394,0,0,0,757,363,394
C0116,28,532,802902,Mancherial (M + OG),013071, Marathi,757,363,394,0,0,0,757,363,394
C0116,28,532,802902,Mancherial (M + OG),014000,14 NEPALI ,44,26,18,0,0,0,44,26,18
C0116,28,532,802902,Mancherial (M + OG),014011, Nepali,44,26,18,0,0,0,44,26,18
C0116,28,532,802902,Mancherial (M + OG),015000,15 ODIA ,236,128,108,0,0,0,236,128,108
C0116,28,532,802902,Mancherial (M + OG),015043, Odia,234,127,107,0,0,0,234,127,107
C0116,28,532,802902,Mancherial (M + OG),015055, Relli,2,1,1,0,0,0,2,1,1
C0116,28,532,802902,Mancherial (M + OG),016000,16 PUNJABI ,17,9,8,0,0,0,17,9,8
C0116,28,532,802902,Mancherial (M + OG),016038, Punjabi,17,9,8,0,0,0,17,9,8
C0116,28,532,802902,Mancherial (M + OG),020000,20 TAMIL ,201,114,87,0,0,0,201,114,87
C0116,28,532,802902,Mancherial (M + OG),020027, Tamil,180,103,77,0,0,0,180,103,77
C0116,28,532,802902,Mancherial (M + OG),020029, Yerukala/Yerukula,21,11,10,0,0,0,21,11,10
C0116,28,532,802902,Mancherial (M + OG),021000,21 TELUGU ,73743,37263,36480,0,0,0,73743,37263,36480
C0116,28,532,802902,Mancherial (M + OG),021046, Telugu,73743,37263,36480,0,0,0,73743,37263,36480
C0116,28,532,802902,Mancherial (M + OG),022000,22 URDU,11516,5846,5670,0,0,0,11516,5846,5670
C0116,28,532,802902,Mancherial (M + OG),022015, Urdu,11516,5846,5670,0,0,0,11516,5846,5670
C0116,28,532,802902,Mancherial (M + OG),040000,40 ENGLISH ,10,6,4,0,0,0,10,6,4
C0116,28,532,802902,Mancherial (M + OG),040001, English,10,6,4,0,0,0,10,6,4
C0116,28,532,802902,Mancherial (M + OG),044000,44 GONDI,69,37,32,0,0,0,69,37,32
C0116,28,532,802902,Mancherial (M + OG),044007, Gondi,69,37,32,0,0,0,69,37,32
C0116,28,532,802902,Mancherial (M + OG),054000,54 KHARIA ,2,0,2,0,0,0,2,0,2
C0116,28,532,802902,Mancherial (M + OG),054005, Kharia,2,0,2,0,0,0,2,0,2
C0116,28,532,802902,Mancherial (M + OG),069000,69 KOYA ,9,3,6,0,0,0,9,3,6
C0116,28,532,802902,Mancherial (M + OG),069002, Koya,9,3,6,0,0,0,9,3,6
C0116,28,532,802902,Mancherial (M + OG),124000,124 OTHERS,7,3,4,0,0,0,7,3,4
C0116,28,532,569017,Dasnapur (CT),002000,2 BENGALI ,22,12,10,0,0,0,22,12,10
C0116,28,532,569017,Dasnapur (CT),002007, Bengali,22,12,10,0,0,0,22,12,10
C0116,28,532,569017,Dasnapur (CT),004000,4 DOGRI ,5,4,1,0,0,0,5,4,1
C0116,28,532,569017,Dasnapur (CT),004001, Dogri,5,4,1,0,0,0,5,4,1
C0116,28,532,569017,Dasnapur (CT),005000,5 GUJARATI,293,157,136,0,0,0,293,157,136
C0116,28,532,569017,Dasnapur (CT),005018, Gujarati,283,151,132,0,0,0,283,151,132
C0116,28,532,569017,Dasnapur (CT),005999,5 Others,10,6,4,0,0,0,10,6,4
C0116,28,532,569017,Dasnapur (CT),006000,6 HINDI ,966,497,469,0,0,0,966,497,469
C0116,28,532,569017,Dasnapur (CT),006066, Banjari,5,2,3,0,0,0,5,2,3
C0116,28,532,569017,Dasnapur (CT),006240, Hindi,416,212,204,0,0,0,416,212,204
C0116,28,532,569017,Dasnapur (CT),006353, Lamani/Lambadi,418,216,202,0,0,0,418,216,202
C0116,28,532,569017,Dasnapur (CT),006400, Marwari,16,9,7,0,0,0,16,9,7
C0116,28,532,569017,Dasnapur (CT),006999,6 Others,111,58,53,0,0,0,111,58,53
C0116,28,532,569017,Dasnapur (CT),007000,7 KANNADA,2,1,1,0,0,0,2,1,1
C0116,28,532,569017,Dasnapur (CT),007016, Kannada,2,1,1,0,0,0,2,1,1
C0116,28,532,569017,Dasnapur (CT),009000,9 KONKANI,36,15,21,0,0,0,36,15,21
C0116,28,532,569017,Dasnapur (CT),009011, Konkani,36,15,21,0,0,0,36,15,21
C0116,28,532,569017,Dasnapur (CT),011000,11 MALAYALAM,11,5,6,0,0,0,11,5,6
C0116,28,532,569017,Dasnapur (CT),011016, Malayalam,11,5,6,0,0,0,11,5,6
C0116,28,532,569017,Dasnapur (CT),013000,13 MARATHI ,3413,1729,1684,0,0,0,3413,1729,1684
C0116,28,532,569017,Dasnapur (CT),013071, Marathi,3413,1729,1684,0,0,0,3413,1729,1684
C0116,28,532,569017,Dasnapur (CT),014000,14 NEPALI ,11,7,4,0,0,0,11,7,4
C0116,28,532,569017,Dasnapur (CT),014011, Nepali,11,7,4,0,0,0,11,7,4
C0116,28,532,569017,Dasnapur (CT),015000,15 ODIA ,11,6,5,0,0,0,11,6,5
C0116,28,532,569017,Dasnapur (CT),015043, Odia,11,6,5,0,0,0,11,6,5
C0116,28,532,569017,Dasnapur (CT),019000,19 SINDHI,4,3,1,0,0,0,4,3,1
C0116,28,532,569017,Dasnapur (CT),019008, Kachchhi,4,3,1,0,0,0,4,3,1
C0116,28,532,569017,Dasnapur (CT),020000,20 TAMIL ,4,2,2,0,0,0,4,2,2
C0116,28,532,569017,Dasnapur (CT),020027, Tamil,4,2,2,0,0,0,4,2,2
C0116,28,532,569017,Dasnapur (CT),021000,21 TELUGU ,12678,6455,6223,0,0,0,12678,6455,6223
C0116,28,532,569017,Dasnapur (CT),021046, Telugu,12678,6455,6223,0,0,0,12678,6455,6223
C0116,28,532,569017,Dasnapur (CT),022000,22 URDU,4421,2252,2169,0,0,0,4421,2252,2169
C0116,28,532,569017,Dasnapur (CT),022015, Urdu,4421,2252,2169,0,0,0,4421,2252,2169
C0116,28,532,569017,Dasnapur (CT),044000,44 GONDI,310,155,155,0,0,0,310,155,155
C0116,28,532,569017,Dasnapur (CT),044007, Gondi,303,149,154,0,0,0,303,149,154
C0116,28,532,569017,Dasnapur (CT),044999,44 Others,7,6,1,0,0,0,7,6,1
C0116,28,532,569017,Dasnapur (CT),045000,45 HALABI,4,2,2,0,0,0,4,2,2
C0116,28,532,569017,Dasnapur (CT),045999,45 Others,4,2,2,0,0,0,4,2,2
C0116,28,532,569017,Dasnapur (CT),063000,63 KOLAMI ,12,5,7,0,0,0,12,5,7
C0116,28,532,569017,Dasnapur (CT),063001, Kolami,12,5,7,0,0,0,12,5,7
C0116,28,532,569017,Dasnapur (CT),069000,69 KOYA ,1,1,0,0,0,0,1,1,0
C0116,28,532,569017,Dasnapur (CT),069002, Koya,1,1,0,0,0,0,1,1,0
C0116,28,532,569017,Dasnapur (CT),124000,124 OTHERS,12,6,6,0,0,0,12,6,6
C0116,28,532,569539,Asifabad (CT),002000,2 BENGALI ,45,26,19,0,0,0,45,26,19
C0116,28,532,569539,Asifabad (CT),002007, Bengali,45,26,19,0,0,0,45,26,19
C0116,28,532,569539,Asifabad (CT),005000,5 GUJARATI,58,33,25,0,0,0,58,33,25
C0116,28,532,569539,Asifabad (CT),005018, Gujarati,57,32,25,0,0,0,57,32,25
C0116,28,532,569539,Asifabad (CT),005999,5 Others,1,1,0,0,0,0,1,1,0
C0116,28,532,569539,Asifabad (CT),006000,6 HINDI ,908,293,615,0,0,0,908,293,615
C0116,28,532,569539,Asifabad (CT),006240, Hindi,262,135,127,0,0,0,262,135,127
C0116,28,532,569539,Asifabad (CT),006353, Lamani/Lambadi,539,95,444,0,0,0,539,95,444
C0116,28,532,569539,Asifabad (CT),006400, Marwari,80,43,37,0,0,0,80,43,37
C0116,28,532,569539,Asifabad (CT),006489, Rajasthani,12,10,2,0,0,0,12,10,2
C0116,28,532,569539,Asifabad (CT),006999,6 Others,15,10,5,0,0,0,15,10,5
C0116,28,532,569539,Asifabad (CT),011000,11 MALAYALAM,18,9,9,0,0,0,18,9,9
C0116,28,532,569539,Asifabad (CT),011016, Malayalam,18,9,9,0,0,0,18,9,9
C0116,28,532,569539,Asifabad (CT),013000,13 MARATHI ,4625,2191,2434,0,0,0,4625,2191,2434
C0116,28,532,569539,Asifabad (CT),013071, Marathi,4625,2191,2434,0,0,0,4625,2191,2434
C0116,28,532,569539,Asifabad (CT),014000,14 NEPALI ,7,5,2,0,0,0,7,5,2
C0116,28,532,569539,Asifabad (CT),014011, Nepali,7,5,2,0,0,0,7,5,2
C0116,28,532,569539,Asifabad (CT),015000,15 ODIA ,1,1,0,0,0,0,1,1,0
C0116,28,532,569539,Asifabad (CT),015043, Odia,1,1,0,0,0,0,1,1,0
C0116,28,532,569539,Asifabad (CT),020000,20 TAMIL ,27,16,11,0,0,0,27,16,11
C0116,28,532,569539,Asifabad (CT),020027, Tamil,26,16,10,0,0,0,26,16,10
C0116,28,532,569539,Asifabad (CT),020029, Yerukala/Yerukula,1,0,1,0,0,0,1,0,1
C0116,28,532,569539,Asifabad (CT),021000,21 TELUGU ,11745,6153,5592,0,0,0,11745,6153,5592
C0116,28,532,569539,Asifabad (CT),021046, Telugu,11738,6150,5588,0,0,0,11738,6150,5588
C0116,28,532,569539,Asifabad (CT),021048, Vadari,7,3,4,0,0,0,7,3,4
C0116,28,532,569539,Asifabad (CT),022000,22 URDU,4233,2164,2069,0,0,0,4233,2164,2069
C0116,28,532,569539,Asifabad (CT),022015, Urdu,4231,2164,2067,0,0,0,4231,2164,2067
C0116,28,532,569539,Asifabad (CT),022999,22 Others,2,0,2,0,0,0,2,0,2
C0116,28,532,569539,Asifabad (CT),044000,44 GONDI,991,359,632,0,0,0,991,359,632
C0116,28,532,569539,Asifabad (CT),044007, Gondi,978,346,632,0,0,0,978,346,632
C0116,28,532,569539,Asifabad (CT),044999,44 Others,13,13,0,0,0,0,13,13,0
C0116,28,532,569539,Asifabad (CT),063000,63 KOLAMI ,341,290,51,0,0,0,341,290,51
C0116,28,532,569539,Asifabad (CT),063001, Kolami,341,290,51,0,0,0,341,290,51
C0116,28,532,569539,Asifabad (CT),069000,69 KOYA ,58,7,51,0,0,0,58,7,51
C0116,28,532,569539,Asifabad (CT),069002, Koya,58,7,51,0,0,0,58,7,51
C0116,28,532,569539,Asifabad (CT),124000,124 OTHERS,2,0,2,0,0,0,2,0,2
C0116,28,532,569557,Jainoor (CT),002000,2 BENGALI ,4,2,2,0,0,0,4,2,2
C0116,28,532,569557,Jainoor (CT),002007, Bengali,4,2,2,0,0,0,4,2,2
C0116,28,532,569557,Jainoor (CT),005000,5 GUJARATI,40,23,17,0,0,0,40,23,17
C0116,28,532,569557,Jainoor (CT),005018, Gujarati,40,23,17,0,0,0,40,23,17
C0116,28,532,569557,Jainoor (CT),006000,6 HINDI ,549,264,285,0,0,0,549,264,285
C0116,28,532,569557,Jainoor (CT),006240, Hindi,313,174,139,0,0,0,313,174,139
C0116,28,532,569557,Jainoor (CT),006353, Lamani/Lambadi,227,86,141,0,0,0,227,86,141
C0116,28,532,569557,Jainoor (CT),006999,6 Others,9,4,5,0,0,0,9,4,5
C0116,28,532,569557,Jainoor (CT),007000,7 KANNADA,15,6,9,0,0,0,15,6,9
C0116,28,532,569557,Jainoor (CT),007016, Kannada,8,4,4,0,0,0,8,4,4
C0116,28,532,569557,Jainoor (CT),007999,7 Others,7,2,5,0,0,0,7,2,5
C0116,28,532,569557,Jainoor (CT),011000,11 MALAYALAM,2,1,1,0,0,0,2,1,1
C0116,28,532,569557,Jainoor (CT),011016, Malayalam,2,1,1,0,0,0,2,1,1
C0116,28,532,569557,Jainoor (CT),013000,13 MARATHI ,1598,797,801,0,0,0,1598,797,801
C0116,28,532,569557,Jainoor (CT),013071, Marathi,1598,797,801,0,0,0,1598,797,801
C0116,28,532,569557,Jainoor (CT),014000,14 NEPALI ,2,1,1,0,0,0,2,1,1
C0116,28,532,569557,Jainoor (CT),014011, Nepali,2,1,1,0,0,0,2,1,1
C0116,28,532,569557,Jainoor (CT),020000,20 TAMIL ,11,6,5,0,0,0,11,6,5
C0116,28,532,569557,Jainoor (CT),020027, Tamil,6,3,3,0,0,0,6,3,3
C0116,28,532,569557,Jainoor (CT),020999,20 Others,5,3,2,0,0,0,5,3,2
C0116,28,532,569557,Jainoor (CT),021000,21 TELUGU ,786,372,414,0,0,0,786,372,414
C0116,28,532,569557,Jainoor (CT),021046, Telugu,786,372,414,0,0,0,786,372,414
C0116,28,532,569557,Jainoor (CT),022000,22 URDU,2281,1145,1136,0,0,0,2281,1145,1136
C0116,28,532,569557,Jainoor (CT),022015, Urdu,2281,1145,1136,0,0,0,2281,1145,1136
C0116,28,532,569557,Jainoor (CT),044000,44 GONDI,1042,417,625,0,0,0,1042,417,625
C0116,28,532,569557,Jainoor (CT),044007, Gondi,1042,417,625,0,0,0,1042,417,625
C0116,28,532,569557,Jainoor (CT),063000,63 KOLAMI ,12,0,12,0,0,0,12,0,12
C0116,28,532,569557,Jainoor (CT),063001, Kolami,12,0,12,0,0,0,12,0,12
C0116,28,532,569596,Utnur (CT),005000,5 GUJARATI,26,12,14,0,0,0,26,12,14
C0116,28,532,569596,Utnur (CT),005018, Gujarati,7,4,3,0,0,0,7,4,3
C0116,28,532,569596,Utnur (CT),005999,5 Others,19,8,11,0,0,0,19,8,11
C0116,28,532,569596,Utnur (CT),006000,6 HINDI ,3017,1524,1493,0,0,0,3017,1524,1493
C0116,28,532,569596,Utnur (CT),006240, Hindi,369,208,161,0,0,0,369,208,161
C0116,28,532,569596,Utnur (CT),006353, Lamani/Lambadi,2585,1280,1305,0,0,0,2585,1280,1305
C0116,28,532,569596,Utnur (CT),006400, Marwari,8,4,4,0,0,0,8,4,4
C0116,28,532,569596,Utnur (CT),006489, Rajasthani,17,10,7,0,0,0,17,10,7
C0116,28,532,569596,Utnur (CT),006999,6 Others,38,22,16,0,0,0,38,22,16
C0116,28,532,569596,Utnur (CT),007000,7 KANNADA,4,3,1,0,0,0,4,3,1
C0116,28,532,569596,Utnur (CT),007016, Kannada,4,3,1,0,0,0,4,3,1
C0116,28,532,569596,Utnur (CT),013000,13 MARATHI ,1567,735,832,0,0,0,1567,735,832
C0116,28,532,569596,Utnur (CT),013071, Marathi,1567,735,832,0,0,0,1567,735,832
C0116,28,532,569596,Utnur (CT),015000,15 ODIA ,3,1,2,0,0,0,3,1,2
C0116,28,532,569596,Utnur (CT),015043, Odia,3,1,2,0,0,0,3,1,2
C0116,28,532,569596,Utnur (CT),016000,16 PUNJABI ,1,1,0,0,0,0,1,1,0
C0116,28,532,569596,Utnur (CT),016038, Punjabi,1,1,0,0,0,0,1,1,0
C0116,28,532,569596,Utnur (CT),020000,20 TAMIL ,14,6,8,0,0,0,14,6,8
C0116,28,532,569596,Utnur (CT),020027, Tamil,14,6,8,0,0,0,14,6,8
C0116,28,532,569596,Utnur (CT),021000,21 TELUGU ,6808,3331,3477,0,0,0,6808,3331,3477
C0116,28,532,569596,Utnur (CT),021046, Telugu,6808,3331,3477,0,0,0,6808,3331,3477
C0116,28,532,569596,Utnur (CT),022000,22 URDU,3273,1666,1607,0,0,0,3273,1666,1607
C0116,28,532,569596,Utnur (CT),022015, Urdu,3273,1666,1607,0,0,0,3273,1666,1607
C0116,28,532,569596,Utnur (CT),044000,44 GONDI,1136,523,613,0,0,0,1136,523,613
C0116,28,532,569596,Utnur (CT),044007, Gondi,1134,522,612,0,0,0,1134,522,612
C0116,28,532,569596,Utnur (CT),044999,44 Others,2,1,1,0,0,0,2,1,1
C0116,28,532,569596,Utnur (CT),063000,63 KOLAMI ,127,30,97,0,0,0,127,30,97
C0116,28,532,569596,Utnur (CT),063001, Kolami,127,30,97,0,0,0,127,30,97
C0116,28,532,569596,Utnur (CT),069000,69 KOYA ,1,0,1,0,0,0,1,0,1
C0116,28,532,569596,Utnur (CT),069002, Koya,1,0,1,0,0,0,1,0,1
C0116,28,532,569596,Utnur (CT),075000,75 LAHNDA ,3,3,0,0,0,0,3,3,0
C0116,28,532,569596,Utnur (CT),075006, Hindi Multani,3,3,0,0,0,0,3,3,0
C0116,28,532,569596,Utnur (CT),124000,124 OTHERS,25,13,12,0,0,0,25,13,12
C0116,28,532,569638,Ichoda (CT),005000,5 GUJARATI,195,98,97,0,0,0,195,98,97
C0116,28,532,569638,Ichoda (CT),005018, Gujarati,189,94,95,0,0,0,189,94,95
C0116,28,532,569638,Ichoda (CT),005999,5 Others,6,4,2,0,0,0,6,4,2
C0116,28,532,569638,Ichoda (CT),006000,6 HINDI ,843,434,409,0,0,0,843,434,409
C0116,28,532,569638,Ichoda (CT),006240, Hindi,102,51,51,0,0,0,102,51,51
C0116,28,532,569638,Ichoda (CT),006353, Lamani/Lambadi,709,368,341,0,0,0,709,368,341
C0116,28,532,569638,Ichoda (CT),006400, Marwari,8,3,5,0,0,0,8,3,5
C0116,28,532,569638,Ichoda (CT),006489, Rajasthani,15,7,8,0,0,0,15,7,8
C0116,28,532,569638,Ichoda (CT),006999,6 Others,9,5,4,0,0,0,9,5,4
C0116,28,532,569638,Ichoda (CT),007000,7 KANNADA,5,3,2,0,0,0,5,3,2
C0116,28,532,569638,Ichoda (CT),007016, Kannada,5,3,2,0,0,0,5,3,2
C0116,28,532,569638,Ichoda (CT),011000,11 MALAYALAM,3,1,2,0,0,0,3,1,2
C0116,28,532,569638,Ichoda (CT),011016, Malayalam,3,1,2,0,0,0,3,1,2
C0116,28,532,569638,Ichoda (CT),013000,13 MARATHI ,2248,1162,1086,0,0,0,2248,1162,1086
C0116,28,532,569638,Ichoda (CT),013071, Marathi,2248,1162,1086,0,0,0,2248,1162,1086
C0116,28,532,569638,Ichoda (CT),014000,14 NEPALI ,6,5,1,0,0,0,6,5,1
C0116,28,532,569638,Ichoda (CT),014011, Nepali,6,5,1,0,0,0,6,5,1
C0116,28,532,569638,Ichoda (CT),016000,16 PUNJABI ,25,14,11,0,0,0,25,14,11
C0116,28,532,569638,Ichoda (CT),016038, Punjabi,25,14,11,0,0,0,25,14,11
C0116,28,532,569638,Ichoda (CT),020000,20 TAMIL ,19,12,7,0,0,0,19,12,7
C0116,28,532,569638,Ichoda (CT),020027, Tamil,19,12,7,0,0,0,19,12,7
C0116,28,532,569638,Ichoda (CT),021000,21 TELUGU ,4163,2042,2121,0,0,0,4163,2042,2121
C0116,28,532,569638,Ichoda (CT),021046, Telugu,4163,2042,2121,0,0,0,4163,2042,2121
C0116,28,532,569638,Ichoda (CT),022000,22 URDU,3661,1868,1793,0,0,0,3661,1868,1793
C0116,28,532,569638,Ichoda (CT),022015, Urdu,3661,1868,1793,0,0,0,3661,1868,1793
C0116,28,532,569638,Ichoda (CT),044000,44 GONDI,1123,531,592,0,0,0,1123,531,592
C0116,28,532,569638,Ichoda (CT),044007, Gondi,1120,530,590,0,0,0,1120,530,590
C0116,28,532,569638,Ichoda (CT),044999,44 Others,3,1,2,0,0,0,3,1,2
C0116,28,532,569638,Ichoda (CT),063000,63 KOLAMI ,2,1,1,0,0,0,2,1,1
C0116,28,532,569638,Ichoda (CT),063001, Kolami,2,1,1,0,0,0,2,1,1
C0116,28,532,569638,Ichoda (CT),075000,75 LAHNDA ,19,9,10,0,0,0,19,9,10
C0116,28,532,569638,Ichoda (CT),075006, Hindi Multani,19,9,10,0,0,0,19,9,10
C0116,28,532,569638,Ichoda (CT),124000,124 OTHERS,46,23,23,0,0,0,46,23,23
C0116,28,532,570458,Thimmapur (CT),002000,2 BENGALI ,4,2,2,0,0,0,4,2,2
C0116,28,532,570458,Thimmapur (CT),002007, Bengali,4,2,2,0,0,0,4,2,2
C0116,28,532,570458,Thimmapur (CT),005000,5 GUJARATI,14,8,6,0,0,0,14,8,6
C0116,28,532,570458,Thimmapur (CT),005018, Gujarati,13,8,5,0,0,0,13,8,5
C0116,28,532,570458,Thimmapur (CT),005999,5 Others,1,0,1,0,0,0,1,0,1
C0116,28,532,570458,Thimmapur (CT),006000,6 HINDI ,311,179,132,0,0,0,311,179,132
C0116,28,532,570458,Thimmapur (CT),006240, Hindi,48,29,19,0,0,0,48,29,19
C0116,28,532,570458,Thimmapur (CT),006353, Lamani/Lambadi,202,126,76,0,0,0,202,126,76
C0116,28,532,570458,Thimmapur (CT),006400, Marwari,37,11,26,0,0,0,37,11,26
C0116,28,532,570458,Thimmapur (CT),006489, Rajasthani,5,4,1,0,0,0,5,4,1
C0116,28,532,570458,Thimmapur (CT),006541, Sugali,4,1,3,0,0,0,4,1,3
C0116,28,532,570458,Thimmapur (CT),006999,6 Others,15,8,7,0,0,0,15,8,7
C0116,28,532,570458,Thimmapur (CT),013000,13 MARATHI ,54,35,19,0,0,0,54,35,19
C0116,28,532,570458,Thimmapur (CT),013071, Marathi,54,35,19,0,0,0,54,35,19
C0116,28,532,570458,Thimmapur (CT),020000,20 TAMIL ,9,4,5,0,0,0,9,4,5
C0116,28,532,570458,Thimmapur (CT),020027, Tamil,8,3,5,0,0,0,8,3,5
C0116,28,532,570458,Thimmapur (CT),020029, Yerukala/Yerukula,1,1,0,0,0,0,1,1,0
C0116,28,532,570458,Thimmapur (CT),021000,21 TELUGU ,9601,4805,4796,0,0,0,9601,4805,4796
C0116,28,532,570458,Thimmapur (CT),021046, Telugu,9601,4805,4796,0,0,0,9601,4805,4796
C0116,28,532,570458,Thimmapur (CT),022000,22 URDU,3392,1756,1636,0,0,0,3392,1756,1636
C0116,28,532,570458,Thimmapur (CT),022015, Urdu,3392,1756,1636,0,0,0,3392,1756,1636
C0116,28,532,570458,Thimmapur (CT),044000,44 GONDI,83,47,36,0,0,0,83,47,36
C0116,28,532,570458,Thimmapur (CT),044007, Gondi,83,47,36,0,0,0,83,47,36
C0116,28,532,570458,Thimmapur (CT),063000,63 KOLAMI ,2,2,0,0,0,0,2,2,0
C0116,28,532,570458,Thimmapur (CT),063001, Kolami,2,2,0,0,0,0,2,2,0
C0116,28,532,570458,Thimmapur (CT),124000,124 OTHERS,15,9,6,0,0,0,15,9,6
C0116,28,532,570509,Devapur (CT),002000,2 BENGALI ,23,13,10,0,0,0,23,13,10
C0116,28,532,570509,Devapur (CT),002007, Bengali,23,13,10,0,0,0,23,13,10
C0116,28,532,570509,Devapur (CT),005000,5 GUJARATI,4,2,2,0,0,0,4,2,2
C0116,28,532,570509,Devapur (CT),005018, Gujarati,4,2,2,0,0,0,4,2,2
C0116,28,532,570509,Devapur (CT),006000,6 HINDI ,906,471,435,0,0,0,906,471,435
C0116,28,532,570509,Devapur (CT),006066, Banjari,4,2,2,0,0,0,4,2,2
C0116,28,532,570509,Devapur (CT),006102, Bhojpuri,43,27,16,0,0,0,43,27,16
C0116,28,532,570509,Devapur (CT),006240, Hindi,755,394,361,0,0,0,755,394,361
C0116,28,532,570509,Devapur (CT),006353, Lamani/Lambadi,61,21,40,0,0,0,61,21,40
C0116,28,532,570509,Devapur (CT),006400, Marwari,23,13,10,0,0,0,23,13,10
C0116,28,532,570509,Devapur (CT),006999,6 Others,20,14,6,0,0,0,20,14,6
C0116,28,532,570509,Devapur (CT),007000,7 KANNADA,8,4,4,0,0,0,8,4,4
C0116,28,532,570509,Devapur (CT),007016, Kannada,8,4,4,0,0,0,8,4,4
C0116,28,532,570509,Devapur (CT),011000,11 MALAYALAM,28,8,20,0,0,0,28,8,20
C0116,28,532,570509,Devapur (CT),011016, Malayalam,28,8,20,0,0,0,28,8,20
C0116,28,532,570509,Devapur (CT),013000,13 MARATHI ,407,197,210,0,0,0,407,197,210
C0116,28,532,570509,Devapur (CT),013071, Marathi,407,197,210,0,0,0,407,197,210
C0116,28,532,570509,Devapur (CT),014000,14 NEPALI ,20,8,12,0,0,0,20,8,12
C0116,28,532,570509,Devapur (CT),014011, Nepali,20,8,12,0,0,0,20,8,12
C0116,28,532,570509,Devapur (CT),015000,15 ODIA ,116,59,57,0,0,0,116,59,57
C0116,28,532,570509,Devapur (CT),015043, Odia,116,59,57,0,0,0,116,59,57
C0116,28,532,570509,Devapur (CT),016000,16 PUNJABI ,4,2,2,0,0,0,4,2,2
C0116,28,532,570509,Devapur (CT),016038, Punjabi,4,2,2,0,0,0,4,2,2
C0116,28,532,570509,Devapur (CT),020000,20 TAMIL ,19,10,9,0,0,0,19,10,9
C0116,28,532,570509,Devapur (CT),020027, Tamil,13,6,7,0,0,0,13,6,7
C0116,28,532,570509,Devapur (CT),020029, Yerukala/Yerukula,6,4,2,0,0,0,6,4,2
C0116,28,532,570509,Devapur (CT),021000,21 TELUGU ,6209,3147,3062,0,0,0,6209,3147,3062
C0116,28,532,570509,Devapur (CT),021046, Telugu,6148,3113,3035,0,0,0,6148,3113,3035
C0116,28,532,570509,Devapur (CT),021048, Vadari,61,34,27,0,0,0,61,34,27
C0116,28,532,570509,Devapur (CT),022000,22 URDU,685,352,333,0,0,0,685,352,333
C0116,28,532,570509,Devapur (CT),022015, Urdu,685,352,333,0,0,0,685,352,333
C0116,28,532,570509,Devapur (CT),044000,44 GONDI,1233,562,671,0,0,0,1233,562,671
C0116,28,532,570509,Devapur (CT),044007, Gondi,1233,562,671,0,0,0,1233,562,671
C0116,28,532,570509,Devapur (CT),063000,63 KOLAMI ,2,1,1,0,0,0,2,1,1
C0116,28,532,570509,Devapur (CT),063001, Kolami,2,1,1,0,0,0,2,1,1
C0116,28,532,570509,Devapur (CT),069000,69 KOYA ,19,11,8,0,0,0,19,11,8
C0116,28,532,570509,Devapur (CT),069002, Koya,19,11,8,0,0,0,19,11,8
C0116,28,532,570510,Kasipet (CT),006000,6 HINDI ,1128,575,553,0,0,0,1128,575,553
C0116,28,532,570510,Kasipet (CT),006240, Hindi,21,10,11,0,0,0,21,10,11
C0116,28,532,570510,Kasipet (CT),006353, Lamani/Lambadi,1097,557,540,0,0,0,1097,557,540
C0116,28,532,570510,Kasipet (CT),006400, Marwari,7,5,2,0,0,0,7,5,2
C0116,28,532,570510,Kasipet (CT),006999,6 Others,3,3,0,0,0,0,3,3,0
C0116,28,532,570510,Kasipet (CT),013000,13 MARATHI ,98,48,50,0,0,0,98,48,50
C0116,28,532,570510,Kasipet (CT),013071, Marathi,98,48,50,0,0,0,98,48,50
C0116,28,532,570510,Kasipet (CT),021000,21 TELUGU ,3664,1875,1789,0,0,0,3664,1875,1789
C0116,28,532,570510,Kasipet (CT),021046, Telugu,3664,1875,1789,0,0,0,3664,1875,1789
C0116,28,532,570510,Kasipet (CT),022000,22 URDU,80,37,43,0,0,0,80,37,43
C0116,28,532,570510,Kasipet (CT),022015, Urdu,80,37,43,0,0,0,80,37,43
C0116,28,532,570510,Kasipet (CT),040000,40 ENGLISH ,1,1,0,0,0,0,1,1,0
C0116,28,532,570510,Kasipet (CT),040001, English,1,1,0,0,0,0,1,1,0
C0116,28,532,570510,Kasipet (CT),044000,44 GONDI,162,75,87,0,0,0,162,75,87
C0116,28,532,570510,Kasipet (CT),044007, Gondi,162,75,87,0,0,0,162,75,87
C0116,28,532,570569,Kyathampalle (CT),002000,2 BENGALI ,52,25,27,0,0,0,52,25,27
C0116,28,532,570569,Kyathampalle (CT),002007, Bengali,52,25,27,0,0,0,52,25,27
C0116,28,532,570569,Kyathampalle (CT),006000,6 HINDI ,295,147,148,0,0,0,295,147,148
C0116,28,532,570569,Kyathampalle (CT),006240, Hindi,170,86,84,0,0,0,170,86,84
C0116,28,532,570569,Kyathampalle (CT),006353, Lamani/Lambadi,123,59,64,0,0,0,123,59,64
C0116,28,532,570569,Kyathampalle (CT),006541, Sugali,1,1,0,0,0,0,1,1,0
C0116,28,532,570569,Kyathampalle (CT),006999,6 Others,1,1,0,0,0,0,1,1,0
C0116,28,532,570569,Kyathampalle (CT),010000,10 MAITHILI ,4,2,2,0,0,0,4,2,2
C0116,28,532,570569,Kyathampalle (CT),010008, Maithili,4,2,2,0,0,0,4,2,2
C0116,28,532,570569,Kyathampalle (CT),011000,11 MALAYALAM,15,7,8,0,0,0,15,7,8
C0116,28,532,570569,Kyathampalle (CT),011016, Malayalam,15,7,8,0,0,0,15,7,8
C0116,28,532,570569,Kyathampalle (CT),013000,13 MARATHI ,106,61,45,0,0,0,106,61,45
C0116,28,532,570569,Kyathampalle (CT),013071, Marathi,106,61,45,0,0,0,106,61,45
C0116,28,532,570569,Kyathampalle (CT),014000,14 NEPALI ,5,2,3,0,0,0,5,2,3
C0116,28,532,570569,Kyathampalle (CT),014011, Nepali,5,2,3,0,0,0,5,2,3
C0116,28,532,570569,Kyathampalle (CT),020000,20 TAMIL ,29,14,15,0,0,0,29,14,15
C0116,28,532,570569,Kyathampalle (CT),020027, Tamil,26,12,14,0,0,0,26,12,14
C0116,28,532,570569,Kyathampalle (CT),020029, Yerukala/Yerukula,3,2,1,0,0,0,3,2,1
C0116,28,532,570569,Kyathampalle (CT),021000,21 TELUGU ,30553,15823,14730,0,0,0,30553,15823,14730
C0116,28,532,570569,Kyathampalle (CT),021046, Telugu,30553,15823,14730,0,0,0,30553,15823,14730
C0116,28,532,570569,Kyathampalle (CT),022000,22 URDU,1312,681,631,0,0,0,1312,681,631
C0116,28,532,570569,Kyathampalle (CT),022015, Urdu,1312,681,631,0,0,0,1312,681,631
C0116,28,532,570569,Kyathampalle (CT),040000,40 ENGLISH ,8,7,1,0,0,0,8,7,1
C0116,28,532,570569,Kyathampalle (CT),040001, English,8,7,1,0,0,0,8,7,1
C0116,28,532,570569,Kyathampalle (CT),044000,44 GONDI,6,4,2,0,0,0,6,4,2
C0116,28,532,570569,Kyathampalle (CT),044007, Gondi,6,4,2,0,0,0,6,4,2
C0116,28,532,570590,Luxettipet (CT),002000,2 BENGALI ,6,2,4,0,0,0,6,2,4
C0116,28,532,570590,Luxettipet (CT),002007, Bengali,6,2,4,0,0,0,6,2,4
C0116,28,532,570590,Luxettipet (CT),005000,5 GUJARATI,7,5,2,0,0,0,7,5,2
C0116,28,532,570590,Luxettipet (CT),005018, Gujarati,7,5,2,0,0,0,7,5,2
C0116,28,532,570590,Luxettipet (CT),006000,6 HINDI ,280,145,135,0,0,0,280,145,135
C0116,28,532,570590,Luxettipet (CT),006240, Hindi,220,113,107,0,0,0,220,113,107
C0116,28,532,570590,Luxettipet (CT),006353, Lamani/Lambadi,41,21,20,0,0,0,41,21,20
C0116,28,532,570590,Luxettipet (CT),006489, Rajasthani,19,11,8,0,0,0,19,11,8
C0116,28,532,570590,Luxettipet (CT),007000,7 KANNADA,3,1,2,0,0,0,3,1,2
C0116,28,532,570590,Luxettipet (CT),007016, Kannada,3,1,2,0,0,0,3,1,2
C0116,28,532,570590,Luxettipet (CT),011000,11 MALAYALAM,22,13,9,0,0,0,22,13,9
C0116,28,532,570590,Luxettipet (CT),011016, Malayalam,22,13,9,0,0,0,22,13,9
C0116,28,532,570590,Luxettipet (CT),013000,13 MARATHI ,44,24,20,0,0,0,44,24,20
C0116,28,532,570590,Luxettipet (CT),013071, Marathi,44,24,20,0,0,0,44,24,20
C0116,28,532,570590,Luxettipet (CT),016000,16 PUNJABI ,44,22,22,0,0,0,44,22,22
C0116,28,532,570590,Luxettipet (CT),016038, Punjabi,44,22,22,0,0,0,44,22,22
C0116,28,532,570590,Luxettipet (CT),020000,20 TAMIL ,16,10,6,0,0,0,16,10,6
C0116,28,532,570590,Luxettipet (CT),020027, Tamil,16,10,6,0,0,0,16,10,6
C0116,28,532,570590,Luxettipet (CT),021000,21 TELUGU ,8637,4284,4353,0,0,0,8637,4284,4353
C0116,28,532,570590,Luxettipet (CT),021046, Telugu,8637,4284,4353,0,0,0,8637,4284,4353
C0116,28,532,570590,Luxettipet (CT),022000,22 URDU,2242,1111,1131,0,0,0,2242,1111,1131
C0116,28,532,570590,Luxettipet (CT),022015, Urdu,2242,1111,1131,0,0,0,2242,1111,1131
C0116,28,532,570590,Luxettipet (CT),040000,40 ENGLISH ,1,0,1,0,0,0,1,0,1
C0116,28,532,570590,Luxettipet (CT),040001, English,1,0,1,0,0,0,1,0,1
C0116,28,532,570590,Luxettipet (CT),044000,44 GONDI,20,10,10,0,0,0,20,10,10
C0116,28,532,570590,Luxettipet (CT),044007, Gondi,20,10,10,0,0,0,20,10,10
C0116,28,532,570612,Teegalpahad (CT),006000,6 HINDI ,250,132,118,0,0,0,250,132,118
C0116,28,532,570612,Teegalpahad (CT),006240, Hindi,61,29,32,0,0,0,61,29,32
C0116,28,532,570612,Teegalpahad (CT),006353, Lamani/Lambadi,186,100,86,0,0,0,186,100,86
C0116,28,532,570612,Teegalpahad (CT),006999,6 Others,3,3,0,0,0,0,3,3,0
C0116,28,532,570612,Teegalpahad (CT),011000,11 MALAYALAM,10,1,9,0,0,0,10,1,9
C0116,28,532,570612,Teegalpahad (CT),011016, Malayalam,10,1,9,0,0,0,10,1,9
C0116,28,532,570612,Teegalpahad (CT),013000,13 MARATHI ,8,5,3,0,0,0,8,5,3
C0116,28,532,570612,Teegalpahad (CT),013071, Marathi,8,5,3,0,0,0,8,5,3
C0116,28,532,570612,Teegalpahad (CT),014000,14 NEPALI ,4,1,3,0,0,0,4,1,3
C0116,28,532,570612,Teegalpahad (CT),014011, Nepali,4,1,3,0,0,0,4,1,3
C0116,28,532,570612,Teegalpahad (CT),020000,20 TAMIL ,23,9,14,0,0,0,23,9,14
C0116,28,532,570612,Teegalpahad (CT),020029, Yerukala/Yerukula,23,9,14,0,0,0,23,9,14
C0116,28,532,570612,Teegalpahad (CT),021000,21 TELUGU ,12065,6333,5732,0,0,0,12065,6333,5732
C0116,28,532,570612,Teegalpahad (CT),021046, Telugu,12065,6333,5732,0,0,0,12065,6333,5732
C0116,28,532,570612,Teegalpahad (CT),022000,22 URDU,268,136,132,0,0,0,268,136,132
C0116,28,532,570612,Teegalpahad (CT),022015, Urdu,268,136,132,0,0,0,268,136,132
C0116,28,532,570612,Teegalpahad (CT),040000,40 ENGLISH ,3,3,0,0,0,0,3,3,0
C0116,28,532,570612,Teegalpahad (CT),040001, English,3,3,0,0,0,0,3,3,0
C0116,28,532,570612,Teegalpahad (CT),044000,44 GONDI,20,8,12,0,0,0,20,8,12
C0116,28,532,570612,Teegalpahad (CT),044007, Gondi,20,8,12,0,0,0,20,8,12
C0116,28,532,570612,Teegalpahad (CT),124000,124 OTHERS,5,3,2,0,0,0,5,3,2
C0116,28,532,570613,Naspur (CT),001000,1 ASSAMESE,4,3,1,0,0,0,4,3,1
C0116,28,532,570613,Naspur (CT),001002, Assamese,4,3,1,0,0,0,4,3,1
C0116,28,532,570613,Naspur (CT),002000,2 BENGALI ,26,14,12,0,0,0,26,14,12
C0116,28,532,570613,Naspur (CT),002007, Bengali,26,14,12,0,0,0,26,14,12
C0116,28,532,570613,Naspur (CT),005000,5 GUJARATI,3,2,1,0,0,0,3,2,1
C0116,28,532,570613,Naspur (CT),005018, Gujarati,3,2,1,0,0,0,3,2,1
C0116,28,532,570613,Naspur (CT),006000,6 HINDI ,501,261,240,0,0,0,501,261,240
C0116,28,532,570613,Naspur (CT),006102, Bhojpuri,4,3,1,0,0,0,4,3,1
C0116,28,532,570613,Naspur (CT),006240, Hindi,277,141,136,0,0,0,277,141,136
C0116,28,532,570613,Naspur (CT),006353, Lamani/Lambadi,189,103,86,0,0,0,189,103,86
C0116,28,532,570613,Naspur (CT),006400, Marwari,4,3,1,0,0,0,4,3,1
C0116,28,532,570613,Naspur (CT),006541, Sugali,4,1,3,0,0,0,4,1,3
C0116,28,532,570613,Naspur (CT),006999,6 Others,23,10,13,0,0,0,23,10,13
C0116,28,532,570613,Naspur (CT),007000,7 KANNADA,30,13,17,0,0,0,30,13,17
C0116,28,532,570613,Naspur (CT),007016, Kannada,30,13,17,0,0,0,30,13,17
C0116,28,532,570613,Naspur (CT),011000,11 MALAYALAM,34,19,15,0,0,0,34,19,15
C0116,28,532,570613,Naspur (CT),011016, Malayalam,34,19,15,0,0,0,34,19,15
C0116,28,532,570613,Naspur (CT),013000,13 MARATHI ,88,41,47,0,0,0,88,41,47
C0116,28,532,570613,Naspur (CT),013071, Marathi,88,41,47,0,0,0,88,41,47
C0116,28,532,570613,Naspur (CT),014000,14 NEPALI ,7,5,2,0,0,0,7,5,2
C0116,28,532,570613,Naspur (CT),014011, Nepali,7,5,2,0,0,0,7,5,2
C0116,28,532,570613,Naspur (CT),015000,15 ODIA ,21,10,11,0,0,0,21,10,11
C0116,28,532,570613,Naspur (CT),015043, Odia,12,6,6,0,0,0,12,6,6
C0116,28,532,570613,Naspur (CT),015055, Relli,9,4,5,0,0,0,9,4,5
C0116,28,532,570613,Naspur (CT),016000,16 PUNJABI ,4,3,1,0,0,0,4,3,1
C0116,28,532,570613,Naspur (CT),016038, Punjabi,4,3,1,0,0,0,4,3,1
C0116,28,532,570613,Naspur (CT),020000,20 TAMIL ,59,33,26,0,0,0,59,33,26
C0116,28,532,570613,Naspur (CT),020009, Kaikadi,2,1,1,0,0,0,2,1,1
C0116,28,532,570613,Naspur (CT),020027, Tamil,50,28,22,0,0,0,50,28,22
C0116,28,532,570613,Naspur (CT),020029, Yerukala/Yerukula,7,4,3,0,0,0,7,4,3
C0116,28,532,570613,Naspur (CT),021000,21 TELUGU ,28016,14384,13632,0,0,0,28016,14384,13632
C0116,28,532,570613,Naspur (CT),021046, Telugu,27997,14375,13622,0,0,0,27997,14375,13622
C0116,28,532,570613,Naspur (CT),021048, Vadari,19,9,10,0,0,0,19,9,10
C0116,28,532,570613,Naspur (CT),022000,22 URDU,2387,1174,1213,0,0,0,2387,1174,1213
C0116,28,532,570613,Naspur (CT),022015, Urdu,2387,1174,1213,0,0,0,2387,1174,1213
C0116,28,532,570613,Naspur (CT),028000,28 ARABIC/ARBI ,32,18,14,0,0,0,32,18,14
C0116,28,532,570613,Naspur (CT),028001, Arabic/Arbi,32,18,14,0,0,0,32,18,14
C0116,28,532,570613,Naspur (CT),040000,40 ENGLISH ,7,2,5,0,0,0,7,2,5
C0116,28,532,570613,Naspur (CT),040001, English,7,2,5,0,0,0,7,2,5
C0116,28,532,570613,Naspur (CT),044000,44 GONDI,16,9,7,0,0,0,16,9,7
C0116,28,532,570613,Naspur (CT),044007, Gondi,16,9,7,0,0,0,16,9,7
C0116,28,532,570613,Naspur (CT),069000,69 KOYA ,5,3,2,0,0,0,5,3,2
C0116,28,532,570613,Naspur (CT),069002, Koya,5,3,2,0,0,0,5,3,2
C0116,28,532,570613,Naspur (CT),124000,124 OTHERS,4,2,2,0,0,0,4,2,2
C0116,28,532,570614,Thallapalle (CT),006000,6 HINDI ,162,83,79,0,0,0,162,83,79
C0116,28,532,570614,Thallapalle (CT),006240, Hindi,38,18,20,0,0,0,38,18,20
C0116,28,532,570614,Thallapalle (CT),006353, Lamani/Lambadi,124,65,59,0,0,0,124,65,59
C0116,28,532,570614,Thallapalle (CT),011000,11 MALAYALAM,2,1,1,0,0,0,2,1,1
C0116,28,532,570614,Thallapalle (CT),011016, Malayalam,2,1,1,0,0,0,2,1,1
C0116,28,532,570614,Thallapalle (CT),013000,13 MARATHI ,12,6,6,0,0,0,12,6,6
C0116,28,532,570614,Thallapalle (CT),013071, Marathi,12,6,6,0,0,0,12,6,6
C0116,28,532,570614,Thallapalle (CT),015000,15 ODIA ,5,3,2,0,0,0,5,3,2
C0116,28,532,570614,Thallapalle (CT),015043, Odia,5,3,2,0,0,0,5,3,2
C0116,28,532,570614,Thallapalle (CT),020000,20 TAMIL ,4,2,2,0,0,0,4,2,2
C0116,28,532,570614,Thallapalle (CT),020027, Tamil,2,2,0,0,0,0,2,2,0
C0116,28,532,570614,Thallapalle (CT),020029, Yerukala/Yerukula,2,0,2,0,0,0,2,0,2
C0116,28,532,570614,Thallapalle (CT),021000,21 TELUGU ,9139,4787,4352,0,0,0,9139,4787,4352
C0116,28,532,570614,Thallapalle (CT),021046, Telugu,9139,4787,4352,0,0,0,9139,4787,4352
C0116,28,532,570614,Thallapalle (CT),022000,22 URDU,331,170,161,0,0,0,331,170,161
C0116,28,532,570614,Thallapalle (CT),022015, Urdu,331,170,161,0,0,0,331,170,161
C0116,28,532,570614,Thallapalle (CT),044000,44 GONDI,1,1,0,0,0,0,1,1,0
C0116,28,532,570614,Thallapalle (CT),044007, Gondi,1,1,0,0,0,0,1,1,0
C0116,28,532,570615,Singapur (CT),006000,6 HINDI ,245,130,115,0,0,0,245,130,115
C0116,28,532,570615,Singapur (CT),006102, Bhojpuri,4,2,2,0,0,0,4,2,2
C0116,28,532,570615,Singapur (CT),006240, Hindi,59,34,25,0,0,0,59,34,25
C0116,28,532,570615,Singapur (CT),006353, Lamani/Lambadi,175,90,85,0,0,0,175,90,85
C0116,28,532,570615,Singapur (CT),006400, Marwari,7,4,3,0,0,0,7,4,3
C0116,28,532,570615,Singapur (CT),011000,11 MALAYALAM,1,0,1,0,0,0,1,0,1
C0116,28,532,570615,Singapur (CT),011016, Malayalam,1,0,1,0,0,0,1,0,1
C0116,28,532,570615,Singapur (CT),013000,13 MARATHI ,95,49,46,0,0,0,95,49,46
C0116,28,532,570615,Singapur (CT),013071, Marathi,95,49,46,0,0,0,95,49,46
C0116,28,532,570615,Singapur (CT),014000,14 NEPALI ,4,2,2,0,0,0,4,2,2
C0116,28,532,570615,Singapur (CT),014011, Nepali,4,2,2,0,0,0,4,2,2
C0116,28,532,570615,Singapur (CT),021000,21 TELUGU ,19193,10137,9056,0,0,0,19193,10137,9056
C0116,28,532,570615,Singapur (CT),021046, Telugu,19193,10137,9056,0,0,0,19193,10137,9056
C0116,28,532,570615,Singapur (CT),022000,22 URDU,513,262,251,0,0,0,513,262,251
C0116,28,532,570615,Singapur (CT),022015, Urdu,513,262,251,0,0,0,513,262,251
C0116,28,532,570615,Singapur (CT),044000,44 GONDI,1,0,1,0,0,0,1,0,1
C0116,28,532,570615,Singapur (CT),044007, Gondi,1,0,1,0,0,0,1,0,1
C0116,28,532,570615,Singapur (CT),069000,69 KOYA ,9,5,4,0,0,0,9,5,4
C0116,28,532,570615,Singapur (CT),069002, Koya,9,5,4,0,0,0,9,5,4
C0116,28,532,570685,Chennur (CT),002000,2 BENGALI ,15,9,6,0,0,0,15,9,6
C0116,28,532,570685,Chennur (CT),002007, Bengali,15,9,6,0,0,0,15,9,6
C0116,28,532,570685,Chennur (CT),005000,5 GUJARATI,33,14,19,0,0,0,33,14,19
C0116,28,532,570685,Chennur (CT),005018, Gujarati,22,8,14,0,0,0,22,8,14
C0116,28,532,570685,Chennur (CT),005999,5 Others,11,6,5,0,0,0,11,6,5
C0116,28,532,570685,Chennur (CT),006000,6 HINDI ,493,257,236,0,0,0,493,257,236
C0116,28,532,570685,Chennur (CT),006102, Bhojpuri,1,1,0,0,0,0,1,1,0
C0116,28,532,570685,Chennur (CT),006240, Hindi,244,127,117,0,0,0,244,127,117
C0116,28,532,570685,Chennur (CT),006353, Lamani/Lambadi,12,7,5,0,0,0,12,7,5
C0116,28,532,570685,Chennur (CT),006400, Marwari,220,112,108,0,0,0,220,112,108
C0116,28,532,570685,Chennur (CT),006489, Rajasthani,9,6,3,0,0,0,9,6,3
C0116,28,532,570685,Chennur (CT),006503, Sadan/Sadri,2,2,0,0,0,0,2,2,0
C0116,28,532,570685,Chennur (CT),006999,6 Others,5,2,3,0,0,0,5,2,3
C0116,28,532,570685,Chennur (CT),007000,7 KANNADA,1,1,0,0,0,0,1,1,0
C0116,28,532,570685,Chennur (CT),007016, Kannada,1,1,0,0,0,0,1,1,0
C0116,28,532,570685,Chennur (CT),011000,11 MALAYALAM,13,13,0,0,0,0,13,13,0
C0116,28,532,570685,Chennur (CT),011016, Malayalam,13,13,0,0,0,0,13,13,0
C0116,28,532,570685,Chennur (CT),012000,12 MANIPURI ,1,1,0,0,0,0,1,1,0
C0116,28,532,570685,Chennur (CT),012003, Manipuri,1,1,0,0,0,0,1,1,0
C0116,28,532,570685,Chennur (CT),013000,13 MARATHI ,75,42,33,0,0,0,75,42,33
C0116,28,532,570685,Chennur (CT),013071, Marathi,75,42,33,0,0,0,75,42,33
C0116,28,532,570685,Chennur (CT),015000,15 ODIA ,7,5,2,0,0,0,7,5,2
C0116,28,532,570685,Chennur (CT),015043, Odia,7,5,2,0,0,0,7,5,2
C0116,28,532,570685,Chennur (CT),016000,16 PUNJABI ,16,11,5,0,0,0,16,11,5
C0116,28,532,570685,Chennur (CT),016038, Punjabi,16,11,5,0,0,0,16,11,5
C0116,28,532,570685,Chennur (CT),020000,20 TAMIL ,25,19,6,0,0,0,25,19,6
C0116,28,532,570685,Chennur (CT),020027, Tamil,24,19,5,0,0,0,24,19,5
C0116,28,532,570685,Chennur (CT),020029, Yerukala/Yerukula,1,0,1,0,0,0,1,0,1
C0116,28,532,570685,Chennur (CT),021000,21 TELUGU ,19567,9752,9815,0,0,0,19567,9752,9815
C0116,28,532,570685,Chennur (CT),021046, Telugu,19567,9752,9815,0,0,0,19567,9752,9815
C0116,28,532,570685,Chennur (CT),022000,22 URDU,3332,1684,1648,0,0,0,3332,1684,1648
C0116,28,532,570685,Chennur (CT),022015, Urdu,3332,1684,1648,0,0,0,3332,1684,1648
C0116,28,532,570685,Chennur (CT),040000,40 ENGLISH ,1,1,0,0,0,0,1,1,0
C0116,28,532,570685,Chennur (CT),040001, English,1,1,0,0,0,0,1,1,0
C0116,28,533,000000,Nizamabad,001000,1 ASSAMESE,6,4,2,0,0,0,6,4,2
C0116,28,533,000000,Nizamabad,001002, Assamese,6,4,2,0,0,0,6,4,2
C0116,28,533,000000,Nizamabad,002000,2 BENGALI ,354,208,146,0,0,0,354,208,146
C0116,28,533,000000,Nizamabad,002007, Bengali,354,208,146,0,0,0,354,208,146
C0116,28,533,000000,Nizamabad,005000,5 GUJARATI,4582,2321,2261,0,0,0,4582,2321,2261
C0116,28,533,000000,Nizamabad,005018, Gujarati,2468,1269,1199,0,0,0,2468,1269,1199
C0116,28,533,000000,Nizamabad,005057, Saurashtra/Saurashtri,4,2,2,0,0,0,4,2,2
C0116,28,533,000000,Nizamabad,005999,5 Others,2110,1050,1060,0,0,0,2110,1050,1060
C0116,28,533,000000,Nizamabad,006000,6 HINDI ,14820,7251,7569,0,0,0,14820,7251,7569
C0116,28,533,000000,Nizamabad,006066, Banjari,57,31,26,0,0,0,57,31,26
C0116,28,533,000000,Nizamabad,006102, Bhojpuri,5,3,2,0,0,0,5,3,2
C0116,28,533,000000,Nizamabad,006235, Haryanvi,4,2,2,0,0,0,4,2,2
C0116,28,533,000000,Nizamabad,006240, Hindi,8367,4214,4153,0,0,0,8367,4214,4153
C0116,28,533,000000,Nizamabad,006353, Lamani/Lambadi,3832,1685,2147,0,0,0,3832,1685,2147
C0116,28,533,000000,Nizamabad,006376, Magadhi/Magahi,5,2,3,0,0,0,5,2,3
C0116,28,533,000000,Nizamabad,006394, Mandeali,1,1,0,0,0,0,1,1,0
C0116,28,533,000000,Nizamabad,006400, Marwari,2187,1118,1069,0,0,0,2187,1118,1069
C0116,28,533,000000,Nizamabad,006489, Rajasthani,307,167,140,0,0,0,307,167,140
C0116,28,533,000000,Nizamabad,006541, Sugali,4,3,1,0,0,0,4,3,1
C0116,28,533,000000,Nizamabad,006999,6 Others,51,25,26,0,0,0,51,25,26
C0116,28,533,000000,Nizamabad,007000,7 KANNADA,1459,729,730,0,0,0,1459,729,730
C0116,28,533,000000,Nizamabad,007016, Kannada,1453,726,727,0,0,0,1453,726,727
C0116,28,533,000000,Nizamabad,007999,7 Others,6,3,3,0,0,0,6,3,3
C0116,28,533,000000,Nizamabad,009000,9 KONKANI,8,4,4,0,0,0,8,4,4
C0116,28,533,000000,Nizamabad,009011, Konkani,8,4,4,0,0,0,8,4,4
C0116,28,533,000000,Nizamabad,010000,10 MAITHILI ,7,4,3,0,0,0,7,4,3
C0116,28,533,000000,Nizamabad,010008, Maithili,7,4,3,0,0,0,7,4,3
C0116,28,533,000000,Nizamabad,011000,11 MALAYALAM,192,93,99,0,0,0,192,93,99
C0116,28,533,000000,Nizamabad,011016, Malayalam,191,93,98,0,0,0,191,93,98
C0116,28,533,000000,Nizamabad,011999,11 Others,1,0,1,0,0,0,1,0,1
C0116,28,533,000000,Nizamabad,013000,13 MARATHI ,17664,8825,8839,0,0,0,17664,8825,8839
C0116,28,533,000000,Nizamabad,013004, Are,4,3,1,0,0,0,4,3,1
C0116,28,533,000000,Nizamabad,013071, Marathi,17660,8822,8838,0,0,0,17660,8822,8838
C0116,28,533,000000,Nizamabad,014000,14 NEPALI ,46,28,18,0,0,0,46,28,18
C0116,28,533,000000,Nizamabad,014011, Nepali,46,28,18,0,0,0,46,28,18
C0116,28,533,000000,Nizamabad,015000,15 ODIA ,42,23,19,0,0,0,42,23,19
C0116,28,533,000000,Nizamabad,015043, Odia,42,23,19,0,0,0,42,23,19
C0116,28,533,000000,Nizamabad,016000,16 PUNJABI ,604,312,292,0,0,0,604,312,292
C0116,28,533,000000,Nizamabad,016038, Punjabi,604,312,292,0,0,0,604,312,292
C0116,28,533,000000,Nizamabad,019000,19 SINDHI,121,69,52,0,0,0,121,69,52
C0116,28,533,000000,Nizamabad,019008, Kachchhi,21,12,9,0,0,0,21,12,9
C0116,28,533,000000,Nizamabad,019014, Sindhi,100,57,43,0,0,0,100,57,43
C0116,28,533,000000,Nizamabad,020000,20 TAMIL ,751,378,373,0,0,0,751,378,373
C0116,28,533,000000,Nizamabad,020009, Kaikadi,14,7,7,0,0,0,14,7,7
C0116,28,533,000000,Nizamabad,020027, Tamil,478,240,238,0,0,0,478,240,238
C0116,28,533,000000,Nizamabad,020029, Yerukala/Yerukula,259,131,128,0,0,0,259,131,128
C0116,28,533,000000,Nizamabad,021000,21 TELUGU ,337934,165637,172297,0,0,0,337934,165637,172297
C0116,28,533,000000,Nizamabad,021046, Telugu,337917,165626,172291,0,0,0,337917,165626,172291
C0116,28,533,000000,Nizamabad,021048, Vadari,10,7,3,0,0,0,10,7,3
C0116,28,533,000000,Nizamabad,021999,21 Others,7,4,3,0,0,0,7,4,3
C0116,28,533,000000,Nizamabad,022000,22 URDU,208137,105092,103045,0,0,0,208137,105092,103045
C0116,28,533,000000,Nizamabad,022015, Urdu,208135,105091,103044,0,0,0,208135,105091,103044
C0116,28,533,000000,Nizamabad,022999,22 Others,2,1,1,0,0,0,2,1,1
C0116,28,533,000000,Nizamabad,028000,28 ARABIC/ARBI ,5,2,3,0,0,0,5,2,3
C0116,28,533,000000,Nizamabad,028001, Arabic/Arbi,5,2,3,0,0,0,5,2,3
C0116,28,533,000000,Nizamabad,030000,30 BHILI/BHILODI ,3,2,1,0,0,0,3,2,1
C0116,28,533,000000,Nizamabad,030049, Mawchi,3,2,1,0,0,0,3,2,1
C0116,28,533,000000,Nizamabad,040000,40 ENGLISH ,51,20,31,0,0,0,51,20,31
C0116,28,533,000000,Nizamabad,040001, English,51,20,31,0,0,0,51,20,31
C0116,28,533,000000,Nizamabad,044000,44 GONDI,13,7,6,0,0,0,13,7,6
C0116,28,533,000000,Nizamabad,044007, Gondi,7,4,3,0,0,0,7,4,3
C0116,28,533,000000,Nizamabad,044999,44 Others,6,3,3,0,0,0,6,3,3
C0116,28,533,000000,Nizamabad,076000,76 LAKHER,2,2,0,0,0,0,2,2,0
C0116,28,533,000000,Nizamabad,076002, Mara,2,2,0,0,0,0,2,2,0
C0116,28,533,000000,Nizamabad,115000,115 TIBETAN ,1,1,0,0,0,0,1,1,0
C0116,28,533,000000,Nizamabad,115999,115 Others,1,1,0,0,0,0,1,1,0
C0116,28,533,000000,Nizamabad,124000,124 OTHERS,1570,792,778,0,0,0,1570,792,778
C0116,28,533,802903,Armur (M + OG),002000,2 BENGALI ,140,91,49,0,0,0,140,91,49
C0116,28,533,802903,Armur (M + OG),002007, Bengali,140,91,49,0,0,0,140,91,49
C0116,28,533,802903,Armur (M + OG),005000,5 GUJARATI,2108,1051,1057,0,0,0,2108,1051,1057
C0116,28,533,802903,Armur (M + OG),005018, Gujarati,105,56,49,0,0,0,105,56,49
C0116,28,533,802903,Armur (M + OG),005999,5 Others,2003,995,1008,0,0,0,2003,995,1008
C0116,28,533,802903,Armur (M + OG),006000,6 HINDI ,705,367,338,0,0,0,705,367,338
C0116,28,533,802903,Armur (M + OG),006066, Banjari,6,3,3,0,0,0,6,3,3
C0116,28,533,802903,Armur (M + OG),006240, Hindi,552,281,271,0,0,0,552,281,271
C0116,28,533,802903,Armur (M + OG),006353, Lamani/Lambadi,67,36,31,0,0,0,67,36,31
C0116,28,533,802903,Armur (M + OG),006400, Marwari,13,7,6,0,0,0,13,7,6
C0116,28,533,802903,Armur (M + OG),006489, Rajasthani,55,33,22,0,0,0,55,33,22
C0116,28,533,802903,Armur (M + OG),006999,6 Others,12,7,5,0,0,0,12,7,5
C0116,28,533,802903,Armur (M + OG),007000,7 KANNADA,32,14,18,0,0,0,32,14,18
C0116,28,533,802903,Armur (M + OG),007016, Kannada,32,14,18,0,0,0,32,14,18
C0116,28,533,802903,Armur (M + OG),011000,11 MALAYALAM,17,7,10,0,0,0,17,7,10
C0116,28,533,802903,Armur (M + OG),011016, Malayalam,17,7,10,0,0,0,17,7,10
C0116,28,533,802903,Armur (M + OG),013000,13 MARATHI ,736,368,368,0,0,0,736,368,368
C0116,28,533,802903,Armur (M + OG),013071, Marathi,736,368,368,0,0,0,736,368,368
C0116,28,533,802903,Armur (M + OG),014000,14 NEPALI ,15,10,5,0,0,0,15,10,5
C0116,28,533,802903,Armur (M + OG),014011, Nepali,15,10,5,0,0,0,15,10,5
C0116,28,533,802903,Armur (M + OG),015000,15 ODIA ,3,2,1,0,0,0,3,2,1
C0116,28,533,802903,Armur (M + OG),015043, Odia,3,2,1,0,0,0,3,2,1
C0116,28,533,802903,Armur (M + OG),016000,16 PUNJABI ,83,44,39,0,0,0,83,44,39
C0116,28,533,802903,Armur (M + OG),016038, Punjabi,83,44,39,0,0,0,83,44,39
C0116,28,533,802903,Armur (M + OG),020000,20 TAMIL ,138,72,66,0,0,0,138,72,66
C0116,28,533,802903,Armur (M + OG),020027, Tamil,33,18,15,0,0,0,33,18,15
C0116,28,533,802903,Armur (M + OG),020029, Yerukala/Yerukula,105,54,51,0,0,0,105,54,51
C0116,28,533,802903,Armur (M + OG),021000,21 TELUGU ,44090,21649,22441,0,0,0,44090,21649,22441
C0116,28,533,802903,Armur (M + OG),021046, Telugu,44090,21649,22441,0,0,0,44090,21649,22441
C0116,28,533,802903,Armur (M + OG),022000,22 URDU,14590,7373,7217,0,0,0,14590,7373,7217
C0116,28,533,802903,Armur (M + OG),022015, Urdu,14590,7373,7217,0,0,0,14590,7373,7217
C0116,28,533,802903,Armur (M + OG),124000,124 OTHERS,1366,688,678,0,0,0,1366,688,678
C0116,28,533,802904,Nizamabad (M Corp.),001000,1 ASSAMESE,6,4,2,0,0,0,6,4,2
C0116,28,533,802904,Nizamabad (M Corp.),001002, Assamese,6,4,2,0,0,0,6,4,2
C0116,28,533,802904,Nizamabad (M Corp.),002000,2 BENGALI ,163,87,76,0,0,0,163,87,76
C0116,28,533,802904,Nizamabad (M Corp.),002007, Bengali,163,87,76,0,0,0,163,87,76
C0116,28,533,802904,Nizamabad (M Corp.),005000,5 GUJARATI,2006,1021,985,0,0,0,2006,1021,985
C0116,28,533,802904,Nizamabad (M Corp.),005018, Gujarati,1906,970,936,0,0,0,1906,970,936
C0116,28,533,802904,Nizamabad (M Corp.),005057, Saurashtra/Saurashtri,4,2,2,0,0,0,4,2,2
C0116,28,533,802904,Nizamabad (M Corp.),005999,5 Others,96,49,47,0,0,0,96,49,47
C0116,28,533,802904,Nizamabad (M Corp.),006000,6 HINDI ,9307,4733,4574,0,0,0,9307,4733,4574
C0116,28,533,802904,Nizamabad (M Corp.),006066, Banjari,33,19,14,0,0,0,33,19,14
C0116,28,533,802904,Nizamabad (M Corp.),006102, Bhojpuri,4,3,1,0,0,0,4,3,1
C0116,28,533,802904,Nizamabad (M Corp.),006235, Haryanvi,4,2,2,0,0,0,4,2,2
C0116,28,533,802904,Nizamabad (M Corp.),006240, Hindi,5328,2697,2631,0,0,0,5328,2697,2631
C0116,28,533,802904,Nizamabad (M Corp.),006353, Lamani/Lambadi,1900,972,928,0,0,0,1900,972,928
C0116,28,533,802904,Nizamabad (M Corp.),006376, Magadhi/Magahi,5,2,3,0,0,0,5,2,3
C0116,28,533,802904,Nizamabad (M Corp.),006400, Marwari,1829,937,892,0,0,0,1829,937,892
C0116,28,533,802904,Nizamabad (M Corp.),006489, Rajasthani,180,90,90,0,0,0,180,90,90
C0116,28,533,802904,Nizamabad (M Corp.),006999,6 Others,24,11,13,0,0,0,24,11,13
C0116,28,533,802904,Nizamabad (M Corp.),007000,7 KANNADA,655,332,323,0,0,0,655,332,323
C0116,28,533,802904,Nizamabad (M Corp.),007016, Kannada,649,329,320,0,0,0,649,329,320
C0116,28,533,802904,Nizamabad (M Corp.),007999,7 Others,6,3,3,0,0,0,6,3,3
C0116,28,533,802904,Nizamabad (M Corp.),009000,9 KONKANI,8,4,4,0,0,0,8,4,4
C0116,28,533,802904,Nizamabad (M Corp.),009011, Konkani,8,4,4,0,0,0,8,4,4
C0116,28,533,802904,Nizamabad (M Corp.),010000,10 MAITHILI ,7,4,3,0,0,0,7,4,3
C0116,28,533,802904,Nizamabad (M Corp.),010008, Maithili,7,4,3,0,0,0,7,4,3
C0116,28,533,802904,Nizamabad (M Corp.),011000,11 MALAYALAM,85,45,40,0,0,0,85,45,40
C0116,28,533,802904,Nizamabad (M Corp.),011016, Malayalam,84,45,39,0,0,0,84,45,39
C0116,28,533,802904,Nizamabad (M Corp.),011999,11 Others,1,0,1,0,0,0,1,0,1
C0116,28,533,802904,Nizamabad (M Corp.),013000,13 MARATHI ,13224,6644,6580,0,0,0,13224,6644,6580
C0116,28,533,802904,Nizamabad (M Corp.),013071, Marathi,13224,6644,6580,0,0,0,13224,6644,6580
C0116,28,533,802904,Nizamabad (M Corp.),014000,14 NEPALI ,29,16,13,0,0,0,29,16,13
C0116,28,533,802904,Nizamabad (M Corp.),014011, Nepali,29,16,13,0,0,0,29,16,13
C0116,28,533,802904,Nizamabad (M Corp.),015000,15 ODIA ,31,16,15,0,0,0,31,16,15
C0116,28,533,802904,Nizamabad (M Corp.),015043, Odia,31,16,15,0,0,0,31,16,15
C0116,28,533,802904,Nizamabad (M Corp.),016000,16 PUNJABI ,230,122,108,0,0,0,230,122,108
C0116,28,533,802904,Nizamabad (M Corp.),016038, Punjabi,230,122,108,0,0,0,230,122,108
C0116,28,533,802904,Nizamabad (M Corp.),019000,19 SINDHI,112,65,47,0,0,0,112,65,47
C0116,28,533,802904,Nizamabad (M Corp.),019008, Kachchhi,21,12,9,0,0,0,21,12,9
C0116,28,533,802904,Nizamabad (M Corp.),019014, Sindhi,91,53,38,0,0,0,91,53,38
C0116,28,533,802904,Nizamabad (M Corp.),020000,20 TAMIL ,318,163,155,0,0,0,318,163,155
C0116,28,533,802904,Nizamabad (M Corp.),020027, Tamil,242,122,120,0,0,0,242,122,120
C0116,28,533,802904,Nizamabad (M Corp.),020029, Yerukala/Yerukula,76,41,35,0,0,0,76,41,35
C0116,28,533,802904,Nizamabad (M Corp.),021000,21 TELUGU ,167705,82189,85516,0,0,0,167705,82189,85516
C0116,28,533,802904,Nizamabad (M Corp.),021046, Telugu,167688,82178,85510,0,0,0,167688,82178,85510
C0116,28,533,802904,Nizamabad (M Corp.),021048, Vadari,10,7,3,0,0,0,10,7,3
C0116,28,533,802904,Nizamabad (M Corp.),021999,21 Others,7,4,3,0,0,0,7,4,3
C0116,28,533,802904,Nizamabad (M Corp.),022000,22 URDU,117062,59382,57680,0,0,0,117062,59382,57680
C0116,28,533,802904,Nizamabad (M Corp.),022015, Urdu,117060,59381,57679,0,0,0,117060,59381,57679
C0116,28,533,802904,Nizamabad (M Corp.),022999,22 Others,2,1,1,0,0,0,2,1,1
C0116,28,533,802904,Nizamabad (M Corp.),028000,28 ARABIC/ARBI ,4,2,2,0,0,0,4,2,2
C0116,28,533,802904,Nizamabad (M Corp.),028001, Arabic/Arbi,4,2,2,0,0,0,4,2,2
C0116,28,533,802904,Nizamabad (M Corp.),030000,30 BHILI/BHILODI ,3,2,1,0,0,0,3,2,1
C0116,28,533,802904,Nizamabad (M Corp.),030049, Mawchi,3,2,1,0,0,0,3,2,1
C0116,28,533,802904,Nizamabad (M Corp.),040000,40 ENGLISH ,34,12,22,0,0,0,34,12,22
C0116,28,533,802904,Nizamabad (M Corp.),040001, English,34,12,22,0,0,0,34,12,22
C0116,28,533,802904,Nizamabad (M Corp.),044000,44 GONDI,4,3,1,0,0,0,4,3,1
C0116,28,533,802904,Nizamabad (M Corp.),044007, Gondi,4,3,1,0,0,0,4,3,1
C0116,28,533,802904,Nizamabad (M Corp.),076000,76 LAKHER,2,2,0,0,0,0,2,2,0
C0116,28,533,802904,Nizamabad (M Corp.),076002, Mara,2,2,0,0,0,0,2,2,0
C0116,28,533,802904,Nizamabad (M Corp.),124000,124 OTHERS,157,81,76,0,0,0,157,81,76
C0116,28,533,802905,Bodhan (M),002000,2 BENGALI ,28,18,10,0,0,0,28,18,10
C0116,28,533,802905,Bodhan (M),002007, Bengali,28,18,10,0,0,0,28,18,10
C0116,28,533,802905,Bodhan (M),005000,5 GUJARATI,158,84,74,0,0,0,158,84,74
C0116,28,533,802905,Bodhan (M),005018, Gujarati,148,79,69,0,0,0,148,79,69
C0116,28,533,802905,Bodhan (M),005999,5 Others,10,5,5,0,0,0,10,5,5
C0116,28,533,802905,Bodhan (M),006000,6 HINDI ,1316,631,685,0,0,0,1316,631,685
C0116,28,533,802905,Bodhan (M),006066, Banjari,7,3,4,0,0,0,7,3,4
C0116,28,533,802905,Bodhan (M),006102, Bhojpuri,1,0,1,0,0,0,1,0,1
C0116,28,533,802905,Bodhan (M),006240, Hindi,939,449,490,0,0,0,939,449,490
C0116,28,533,802905,Bodhan (M),006353, Lamani/Lambadi,269,127,142,0,0,0,269,127,142
C0116,28,533,802905,Bodhan (M),006394, Mandeali,1,1,0,0,0,0,1,1,0
C0116,28,533,802905,Bodhan (M),006400, Marwari,80,38,42,0,0,0,80,38,42
C0116,28,533,802905,Bodhan (M),006489, Rajasthani,15,10,5,0,0,0,15,10,5
C0116,28,533,802905,Bodhan (M),006541, Sugali,4,3,1,0,0,0,4,3,1
C0116,28,533,802905,Bodhan (M),007000,7 KANNADA,481,228,253,0,0,0,481,228,253
C0116,28,533,802905,Bodhan (M),007016, Kannada,481,228,253,0,0,0,481,228,253
C0116,28,533,802905,Bodhan (M),011000,11 MALAYALAM,7,4,3,0,0,0,7,4,3
C0116,28,533,802905,Bodhan (M),011016, Malayalam,7,4,3,0,0,0,7,4,3
C0116,28,533,802905,Bodhan (M),013000,13 MARATHI ,1647,810,837,0,0,0,1647,810,837
C0116,28,533,802905,Bodhan (M),013071, Marathi,1647,810,837,0,0,0,1647,810,837
C0116,28,533,802905,Bodhan (M),016000,16 PUNJABI ,195,99,96,0,0,0,195,99,96
C0116,28,533,802905,Bodhan (M),016038, Punjabi,195,99,96,0,0,0,195,99,96
C0116,28,533,802905,Bodhan (M),020000,20 TAMIL ,91,39,52,0,0,0,91,39,52
C0116,28,533,802905,Bodhan (M),020009, Kaikadi,14,7,7,0,0,0,14,7,7
C0116,28,533,802905,Bodhan (M),020027, Tamil,53,23,30,0,0,0,53,23,30
C0116,28,533,802905,Bodhan (M),020029, Yerukala/Yerukula,24,9,15,0,0,0,24,9,15
C0116,28,533,802905,Bodhan (M),021000,21 TELUGU ,34610,17133,17477,0,0,0,34610,17133,17477
C0116,28,533,802905,Bodhan (M),021046, Telugu,34610,17133,17477,0,0,0,34610,17133,17477
C0116,28,533,802905,Bodhan (M),022000,22 URDU,39020,19596,19424,0,0,0,39020,19596,19424
C0116,28,533,802905,Bodhan (M),022015, Urdu,39020,19596,19424,0,0,0,39020,19596,19424
C0116,28,533,802905,Bodhan (M),028000,28 ARABIC/ARBI ,1,0,1,0,0,0,1,0,1
C0116,28,533,802905,Bodhan (M),028001, Arabic/Arbi,1,0,1,0,0,0,1,0,1
C0116,28,533,802905,Bodhan (M),040000,40 ENGLISH ,12,6,6,0,0,0,12,6,6
C0116,28,533,802905,Bodhan (M),040001, English,12,6,6,0,0,0,12,6,6
C0116,28,533,802905,Bodhan (M),124000,124 OTHERS,7,3,4,0,0,0,7,3,4
C0116,28,533,802906,Kamareddy (M),002000,2 BENGALI ,13,6,7,0,0,0,13,6,7
C0116,28,533,802906,Kamareddy (M),002007, Bengali,13,6,7,0,0,0,13,6,7
C0116,28,533,802906,Kamareddy (M),005000,5 GUJARATI,285,151,134,0,0,0,285,151,134
C0116,28,533,802906,Kamareddy (M),005018, Gujarati,285,151,134,0,0,0,285,151,134
C0116,28,533,802906,Kamareddy (M),006000,6 HINDI ,1875,822,1053,0,0,0,1875,822,1053
C0116,28,533,802906,Kamareddy (M),006066, Banjari,4,3,1,0,0,0,4,3,1
C0116,28,533,802906,Kamareddy (M),006240, Hindi,925,487,438,0,0,0,925,487,438
C0116,28,533,802906,Kamareddy (M),006353, Lamani/Lambadi,643,173,470,0,0,0,643,173,470
C0116,28,533,802906,Kamareddy (M),006400, Marwari,265,136,129,0,0,0,265,136,129
C0116,28,533,802906,Kamareddy (M),006489, Rajasthani,37,22,15,0,0,0,37,22,15
C0116,28,533,802906,Kamareddy (M),006999,6 Others,1,1,0,0,0,0,1,1,0
C0116,28,533,802906,Kamareddy (M),007000,7 KANNADA,130,71,59,0,0,0,130,71,59
C0116,28,533,802906,Kamareddy (M),007016, Kannada,130,71,59,0,0,0,130,71,59
C0116,28,533,802906,Kamareddy (M),011000,11 MALAYALAM,39,13,26,0,0,0,39,13,26
C0116,28,533,802906,Kamareddy (M),011016, Malayalam,39,13,26,0,0,0,39,13,26
C0116,28,533,802906,Kamareddy (M),013000,13 MARATHI ,574,298,276,0,0,0,574,298,276
C0116,28,533,802906,Kamareddy (M),013071, Marathi,574,298,276,0,0,0,574,298,276
C0116,28,533,802906,Kamareddy (M),014000,14 NEPALI ,2,2,0,0,0,0,2,2,0
C0116,28,533,802906,Kamareddy (M),014011, Nepali,2,2,0,0,0,0,2,2,0
C0116,28,533,802906,Kamareddy (M),015000,15 ODIA ,2,2,0,0,0,0,2,2,0
C0116,28,533,802906,Kamareddy (M),015043, Odia,2,2,0,0,0,0,2,2,0
C0116,28,533,802906,Kamareddy (M),016000,16 PUNJABI ,29,15,14,0,0,0,29,15,14
C0116,28,533,802906,Kamareddy (M),016038, Punjabi,29,15,14,0,0,0,29,15,14
C0116,28,533,802906,Kamareddy (M),019000,19 SINDHI,9,4,5,0,0,0,9,4,5
C0116,28,533,802906,Kamareddy (M),019014, Sindhi,9,4,5,0,0,0,9,4,5
C0116,28,533,802906,Kamareddy (M),020000,20 TAMIL ,66,39,27,0,0,0,66,39,27
C0116,28,533,802906,Kamareddy (M),020027, Tamil,51,31,20,0,0,0,51,31,20
C0116,28,533,802906,Kamareddy (M),020029, Yerukala/Yerukula,15,8,7,0,0,0,15,8,7
C0116,28,533,802906,Kamareddy (M),021000,21 TELUGU ,55387,27384,28003,0,0,0,55387,27384,28003
C0116,28,533,802906,Kamareddy (M),021046, Telugu,55387,27384,28003,0,0,0,55387,27384,28003
C0116,28,533,802906,Kamareddy (M),022000,22 URDU,21874,10839,11035,0,0,0,21874,10839,11035
C0116,28,533,802906,Kamareddy (M),022015, Urdu,21874,10839,11035,0,0,0,21874,10839,11035
C0116,28,533,802906,Kamareddy (M),040000,40 ENGLISH ,4,2,2,0,0,0,4,2,2
C0116,28,533,802906,Kamareddy (M),040001, English,4,2,2,0,0,0,4,2,2
C0116,28,533,802906,Kamareddy (M),044000,44 GONDI,9,4,5,0,0,0,9,4,5
C0116,28,533,802906,Kamareddy (M),044007, Gondi,3,1,2,0,0,0,3,1,2
C0116,28,533,802906,Kamareddy (M),044999,44 Others,6,3,3,0,0,0,6,3,3
C0116,28,533,802906,Kamareddy (M),124000,124 OTHERS,17,8,9,0,0,0,17,8,9
C0116,28,533,570807,Soanpet (CT),006000,6 HINDI ,67,32,35,0,0,0,67,32,35
C0116,28,533,570807,Soanpet (CT),006240, Hindi,47,21,26,0,0,0,47,21,26
C0116,28,533,570807,Soanpet (CT),006353, Lamani/Lambadi,14,6,8,0,0,0,14,6,8
C0116,28,533,570807,Soanpet (CT),006489, Rajasthani,6,5,1,0,0,0,6,5,1
C0116,28,533,570807,Soanpet (CT),013000,13 MARATHI ,473,226,247,0,0,0,473,226,247
C0116,28,533,570807,Soanpet (CT),013071, Marathi,473,226,247,0,0,0,473,226,247
C0116,28,533,570807,Soanpet (CT),020000,20 TAMIL ,79,38,41,0,0,0,79,38,41
C0116,28,533,570807,Soanpet (CT),020027, Tamil,79,38,41,0,0,0,79,38,41
C0116,28,533,570807,Soanpet (CT),021000,21 TELUGU ,4424,1887,2537,0,0,0,4424,1887,2537
C0116,28,533,570807,Soanpet (CT),021046, Telugu,4424,1887,2537,0,0,0,4424,1887,2537
C0116,28,533,570807,Soanpet (CT),022000,22 URDU,1766,866,900,0,0,0,1766,866,900
C0116,28,533,570807,Soanpet (CT),022015, Urdu,1766,866,900,0,0,0,1766,866,900
C0116,28,533,570807,Soanpet (CT),124000,124 OTHERS,11,7,4,0,0,0,11,7,4
C0116,28,533,571239,Ghanpur (CT),006000,6 HINDI ,206,105,101,0,0,0,206,105,101
C0116,28,533,571239,Ghanpur (CT),006066, Banjari,5,2,3,0,0,0,5,2,3
C0116,28,533,571239,Ghanpur (CT),006240, Hindi,78,43,35,0,0,0,78,43,35
C0116,28,533,571239,Ghanpur (CT),006353, Lamani/Lambadi,123,60,63,0,0,0,123,60,63
C0116,28,533,571239,Ghanpur (CT),007000,7 KANNADA,5,1,4,0,0,0,5,1,4
C0116,28,533,571239,Ghanpur (CT),007016, Kannada,5,1,4,0,0,0,5,1,4
C0116,28,533,571239,Ghanpur (CT),011000,11 MALAYALAM,33,16,17,0,0,0,33,16,17
C0116,28,533,571239,Ghanpur (CT),011016, Malayalam,33,16,17,0,0,0,33,16,17
C0116,28,533,571239,Ghanpur (CT),013000,13 MARATHI ,26,14,12,0,0,0,26,14,12
C0116,28,533,571239,Ghanpur (CT),013071, Marathi,26,14,12,0,0,0,26,14,12
C0116,28,533,571239,Ghanpur (CT),015000,15 ODIA ,3,2,1,0,0,0,3,2,1
C0116,28,533,571239,Ghanpur (CT),015043, Odia,3,2,1,0,0,0,3,2,1
C0116,28,533,571239,Ghanpur (CT),020000,20 TAMIL ,2,1,1,0,0,0,2,1,1
C0116,28,533,571239,Ghanpur (CT),020027, Tamil,2,1,1,0,0,0,2,1,1
C0116,28,533,571239,Ghanpur (CT),021000,21 TELUGU ,4090,1971,2119,0,0,0,4090,1971,2119
C0116,28,533,571239,Ghanpur (CT),021046, Telugu,4090,1971,2119,0,0,0,4090,1971,2119
C0116,28,533,571239,Ghanpur (CT),022000,22 URDU,804,415,389,0,0,0,804,415,389
C0116,28,533,571239,Ghanpur (CT),022015, Urdu,804,415,389,0,0,0,804,415,389
C0116,28,533,571239,Ghanpur (CT),115000,115 TIBETAN ,1,1,0,0,0,0,1,1,0
C0116,28,533,571239,Ghanpur (CT),115999,115 Others,1,1,0,0,0,0,1,1,0
C0116,28,533,571239,Ghanpur (CT),124000,124 OTHERS,12,5,7,0,0,0,12,5,7
C0116,28,533,571384,Banswada (CT),002000,2 BENGALI ,10,6,4,0,0,0,10,6,4
C0116,28,533,571384,Banswada (CT),002007, Bengali,10,6,4,0,0,0,10,6,4
C0116,28,533,571384,Banswada (CT),005000,5 GUJARATI,18,9,9,0,0,0,18,9,9
C0116,28,533,571384,Banswada (CT),005018, Gujarati,17,8,9,0,0,0,17,8,9
C0116,28,533,571384,Banswada (CT),005999,5 Others,1,1,0,0,0,0,1,1,0
C0116,28,533,571384,Banswada (CT),006000,6 HINDI ,1032,360,672,0,0,0,1032,360,672
C0116,28,533,571384,Banswada (CT),006066, Banjari,2,1,1,0,0,0,2,1,1
C0116,28,533,571384,Banswada (CT),006240, Hindi,417,197,220,0,0,0,417,197,220
C0116,28,533,571384,Banswada (CT),006353, Lamani/Lambadi,594,152,442,0,0,0,594,152,442
C0116,28,533,571384,Banswada (CT),006489, Rajasthani,5,4,1,0,0,0,5,4,1
C0116,28,533,571384,Banswada (CT),006999,6 Others,14,6,8,0,0,0,14,6,8
C0116,28,533,571384,Banswada (CT),007000,7 KANNADA,151,81,70,0,0,0,151,81,70
C0116,28,533,571384,Banswada (CT),007016, Kannada,151,81,70,0,0,0,151,81,70
C0116,28,533,571384,Banswada (CT),011000,11 MALAYALAM,2,1,1,0,0,0,2,1,1
C0116,28,533,571384,Banswada (CT),011016, Malayalam,2,1,1,0,0,0,2,1,1
C0116,28,533,571384,Banswada (CT),013000,13 MARATHI ,763,370,393,0,0,0,763,370,393
C0116,28,533,571384,Banswada (CT),013071, Marathi,763,370,393,0,0,0,763,370,393
C0116,28,533,571384,Banswada (CT),015000,15 ODIA ,3,1,2,0,0,0,3,1,2
C0116,28,533,571384,Banswada (CT),015043, Odia,3,1,2,0,0,0,3,1,2
C0116,28,533,571384,Banswada (CT),016000,16 PUNJABI ,66,32,34,0,0,0,66,32,34
C0116,28,533,571384,Banswada (CT),016038, Punjabi,66,32,34,0,0,0,66,32,34
C0116,28,533,571384,Banswada (CT),020000,20 TAMIL ,43,21,22,0,0,0,43,21,22
C0116,28,533,571384,Banswada (CT),020027, Tamil,4,2,2,0,0,0,4,2,2
C0116,28,533,571384,Banswada (CT),020029, Yerukala/Yerukula,39,19,20,0,0,0,39,19,20
C0116,28,533,571384,Banswada (CT),021000,21 TELUGU ,17510,8389,9121,0,0,0,17510,8389,9121
C0116,28,533,571384,Banswada (CT),021046, Telugu,17510,8389,9121,0,0,0,17510,8389,9121
C0116,28,533,571384,Banswada (CT),022000,22 URDU,8785,4478,4307,0,0,0,8785,4478,4307
C0116,28,533,571384,Banswada (CT),022015, Urdu,8785,4478,4307,0,0,0,8785,4478,4307
C0116,28,533,571384,Banswada (CT),040000,40 ENGLISH ,1,0,1,0,0,0,1,0,1
C0116,28,533,571384,Banswada (CT),040001, English,1,0,1,0,0,0,1,0,1
C0116,28,533,571473,Yellareddy (CT),005000,5 GUJARATI,7,5,2,0,0,0,7,5,2
C0116,28,533,571473,Yellareddy (CT),005018, Gujarati,7,5,2,0,0,0,7,5,2
C0116,28,533,571473,Yellareddy (CT),006000,6 HINDI ,312,201,111,0,0,0,312,201,111
C0116,28,533,571473,Yellareddy (CT),006240, Hindi,81,39,42,0,0,0,81,39,42
C0116,28,533,571473,Yellareddy (CT),006353, Lamani/Lambadi,222,159,63,0,0,0,222,159,63
C0116,28,533,571473,Yellareddy (CT),006489, Rajasthani,9,3,6,0,0,0,9,3,6
C0116,28,533,571473,Yellareddy (CT),007000,7 KANNADA,5,2,3,0,0,0,5,2,3
C0116,28,533,571473,Yellareddy (CT),007016, Kannada,5,2,3,0,0,0,5,2,3
C0116,28,533,571473,Yellareddy (CT),011000,11 MALAYALAM,9,7,2,0,0,0,9,7,2
C0116,28,533,571473,Yellareddy (CT),011016, Malayalam,9,7,2,0,0,0,9,7,2
C0116,28,533,571473,Yellareddy (CT),013000,13 MARATHI ,221,95,126,0,0,0,221,95,126
C0116,28,533,571473,Yellareddy (CT),013004, Are,4,3,1,0,0,0,4,3,1
C0116,28,533,571473,Yellareddy (CT),013071, Marathi,217,92,125,0,0,0,217,92,125
C0116,28,533,571473,Yellareddy (CT),016000,16 PUNJABI ,1,0,1,0,0,0,1,0,1
C0116,28,533,571473,Yellareddy (CT),016038, Punjabi,1,0,1,0,0,0,1,0,1
C0116,28,533,571473,Yellareddy (CT),020000,20 TAMIL ,14,5,9,0,0,0,14,5,9
C0116,28,533,571473,Yellareddy (CT),020027, Tamil,14,5,9,0,0,0,14,5,9
C0116,28,533,571473,Yellareddy (CT),021000,21 TELUGU ,10118,5035,5083,0,0,0,10118,5035,5083
C0116,28,533,571473,Yellareddy (CT),021046, Telugu,10118,5035,5083,0,0,0,10118,5035,5083
C0116,28,533,571473,Yellareddy (CT),022000,22 URDU,4236,2143,2093,0,0,0,4236,2143,2093
C0116,28,533,571473,Yellareddy (CT),022015, Urdu,4236,2143,2093,0,0,0,4236,2143,2093
C0116,28,534,000000,Karimnagar,001000,1 ASSAMESE,15,8,7,0,0,0,15,8,7
C0116,28,534,000000,Karimnagar,001002, Assamese,15,8,7,0,0,0,15,8,7
C0116,28,534,000000,Karimnagar,002000,2 BENGALI ,524,282,242,0,0,0,524,282,242
C0116,28,534,000000,Karimnagar,002007, Bengali,524,282,242,0,0,0,524,282,242
C0116,28,534,000000,Karimnagar,003000,3 BODO ,4,2,2,0,0,0,4,2,2
C0116,28,534,000000,Karimnagar,003001, Bodo/Boro,4,2,2,0,0,0,4,2,2
C0116,28,534,000000,Karimnagar,005000,5 GUJARATI,820,421,399,0,0,0,820,421,399
C0116,28,534,000000,Karimnagar,005018, Gujarati,648,340,308,0,0,0,648,340,308
C0116,28,534,000000,Karimnagar,005057, Saurashtra/Saurashtri,12,5,7,0,0,0,12,5,7
C0116,28,534,000000,Karimnagar,005999,5 Others,160,76,84,0,0,0,160,76,84
C0116,28,534,000000,Karimnagar,006000,6 HINDI ,13318,6990,6328,0,0,0,13318,6990,6328
C0116,28,534,000000,Karimnagar,006066, Banjari,258,133,125,0,0,0,258,133,125
C0116,28,534,000000,Karimnagar,006096, Bharmauri/Gaddi,1,1,0,0,0,0,1,1,0
C0116,28,534,000000,Karimnagar,006102, Bhojpuri,47,29,18,0,0,0,47,29,18
C0116,28,534,000000,Karimnagar,006142, Chhattisgarhi,113,55,58,0,0,0,113,55,58
C0116,28,534,000000,Karimnagar,006240, Hindi,8051,4206,3845,0,0,0,8051,4206,3845
C0116,28,534,000000,Karimnagar,006353, Lamani/Lambadi,3773,1975,1798,0,0,0,3773,1975,1798
C0116,28,534,000000,Karimnagar,006358, Lodhi,5,2,3,0,0,0,5,2,3
C0116,28,534,000000,Karimnagar,006400, Marwari,735,378,357,0,0,0,735,378,357
C0116,28,534,000000,Karimnagar,006489, Rajasthani,304,194,110,0,0,0,304,194,110
C0116,28,534,000000,Karimnagar,006541, Sugali,4,2,2,0,0,0,4,2,2
C0116,28,534,000000,Karimnagar,006999,6 Others,27,15,12,0,0,0,27,15,12
C0116,28,534,000000,Karimnagar,007000,7 KANNADA,296,149,147,0,0,0,296,149,147
C0116,28,534,000000,Karimnagar,007016, Kannada,296,149,147,0,0,0,296,149,147
C0116,28,534,000000,Karimnagar,008000,8 KASHMIRI ,1,0,1,0,0,0,1,0,1
C0116,28,534,000000,Karimnagar,008005, Kashmiri,1,0,1,0,0,0,1,0,1
C0116,28,534,000000,Karimnagar,009000,9 KONKANI,3,2,1,0,0,0,3,2,1
C0116,28,534,000000,Karimnagar,009011, Konkani,3,2,1,0,0,0,3,2,1
C0116,28,534,000000,Karimnagar,010000,10 MAITHILI ,10,6,4,0,0,0,10,6,4
C0116,28,534,000000,Karimnagar,010008, Maithili,9,5,4,0,0,0,9,5,4
C0116,28,534,000000,Karimnagar,010013, Thati,1,1,0,0,0,0,1,1,0
C0116,28,534,000000,Karimnagar,011000,11 MALAYALAM,654,314,340,0,0,0,654,314,340
C0116,28,534,000000,Karimnagar,011016, Malayalam,654,314,340,0,0,0,654,314,340
C0116,28,534,000000,Karimnagar,013000,13 MARATHI ,2487,1311,1176,0,0,0,2487,1311,1176
C0116,28,534,000000,Karimnagar,013004, Are,3,1,2,0,0,0,3,1,2
C0116,28,534,000000,Karimnagar,013071, Marathi,2484,1310,1174,0,0,0,2484,1310,1174
C0116,28,534,000000,Karimnagar,014000,14 NEPALI ,134,78,56,0,0,0,134,78,56
C0116,28,534,000000,Karimnagar,014011, Nepali,134,78,56,0,0,0,134,78,56
C0116,28,534,000000,Karimnagar,015000,15 ODIA ,2418,1208,1210,0,0,0,2418,1208,1210
C0116,28,534,000000,Karimnagar,015043, Odia,2390,1192,1198,0,0,0,2390,1192,1198
C0116,28,534,000000,Karimnagar,015055, Relli,28,16,12,0,0,0,28,16,12
C0116,28,534,000000,Karimnagar,016000,16 PUNJABI ,881,462,419,0,0,0,881,462,419
C0116,28,534,000000,Karimnagar,016038, Punjabi,881,462,419,0,0,0,881,462,419
C0116,28,534,000000,Karimnagar,017000,17 SANSKRIT ,26,13,13,0,0,0,26,13,13
C0116,28,534,000000,Karimnagar,017002, Sanskrit,26,13,13,0,0,0,26,13,13
C0116,28,534,000000,Karimnagar,019000,19 SINDHI,276,140,136,0,0,0,276,140,136
C0116,28,534,000000,Karimnagar,019014, Sindhi,276,140,136,0,0,0,276,140,136
C0116,28,534,000000,Karimnagar,020000,20 TAMIL ,2184,1153,1031,0,0,0,2184,1153,1031
C0116,28,534,000000,Karimnagar,020027, Tamil,1421,780,641,0,0,0,1421,780,641
C0116,28,534,000000,Karimnagar,020029, Yerukala/Yerukula,763,373,390,0,0,0,763,373,390
C0116,28,534,000000,Karimnagar,021000,21 TELUGU ,776419,390054,386365,0,0,0,776419,390054,386365
C0116,28,534,000000,Karimnagar,021046, Telugu,776321,390011,386310,0,0,0,776321,390011,386310
C0116,28,534,000000,Karimnagar,021048, Vadari,1,0,1,0,0,0,1,0,1
C0116,28,534,000000,Karimnagar,021999,21 Others,97,43,54,0,0,0,97,43,54
C0116,28,534,000000,Karimnagar,022000,22 URDU,150306,76022,74284,0,0,0,150306,76022,74284
C0116,28,534,000000,Karimnagar,022015, Urdu,150306,76022,74284,0,0,0,150306,76022,74284
C0116,28,534,000000,Karimnagar,028000,28 ARABIC/ARBI ,1,0,1,0,0,0,1,0,1
C0116,28,534,000000,Karimnagar,028001, Arabic/Arbi,1,0,1,0,0,0,1,0,1
C0116,28,534,000000,Karimnagar,030000,30 BHILI/BHILODI ,10,6,4,0,0,0,10,6,4
C0116,28,534,000000,Karimnagar,030002, Baori,1,1,0,0,0,0,1,1,0
C0116,28,534,000000,Karimnagar,030035, Kokna/Kokni/Kukna,5,3,2,0,0,0,5,3,2
C0116,28,534,000000,Karimnagar,030999,30 Others,4,2,2,0,0,0,4,2,2
C0116,28,534,000000,Karimnagar,040000,40 ENGLISH ,108,56,52,0,0,0,108,56,52
C0116,28,534,000000,Karimnagar,040001, English,108,56,52,0,0,0,108,56,52
C0116,28,534,000000,Karimnagar,044000,44 GONDI,239,123,116,0,0,0,239,123,116
C0116,28,534,000000,Karimnagar,044007, Gondi,224,117,107,0,0,0,224,117,107
C0116,28,534,000000,Karimnagar,044999,44 Others,15,6,9,0,0,0,15,6,9
C0116,28,534,000000,Karimnagar,065000,65 KONDA,3,1,2,0,0,0,3,1,2
C0116,28,534,000000,Karimnagar,065003, Konda,3,1,2,0,0,0,3,1,2
C0116,28,534,000000,Karimnagar,069000,69 KOYA ,21,14,7,0,0,0,21,14,7
C0116,28,534,000000,Karimnagar,069002, Koya,21,14,7,0,0,0,21,14,7
C0116,28,534,000000,Karimnagar,124000,124 OTHERS,67,35,32,0,0,0,67,35,32
C0116,28,534,802907,Ramagundam (M + OG) (Part),001000,1 ASSAMESE,12,5,7,0,0,0,12,5,7
C0116,28,534,802907,Ramagundam (M + OG) (Part),001002, Assamese,12,5,7,0,0,0,12,5,7
C0116,28,534,802907,Ramagundam (M + OG) (Part),002000,2 BENGALI ,394,204,190,0,0,0,394,204,190
C0116,28,534,802907,Ramagundam (M + OG) (Part),002007, Bengali,394,204,190,0,0,0,394,204,190
C0116,28,534,802907,Ramagundam (M + OG) (Part),003000,3 BODO ,4,2,2,0,0,0,4,2,2
C0116,28,534,802907,Ramagundam (M + OG) (Part),003001, Bodo/Boro,4,2,2,0,0,0,4,2,2
C0116,28,534,802907,Ramagundam (M + OG) (Part),005000,5 GUJARATI,90,50,40,0,0,0,90,50,40
C0116,28,534,802907,Ramagundam (M + OG) (Part),005018, Gujarati,81,44,37,0,0,0,81,44,37
C0116,28,534,802907,Ramagundam (M + OG) (Part),005057, Saurashtra/Saurashtri,6,3,3,0,0,0,6,3,3
C0116,28,534,802907,Ramagundam (M + OG) (Part),005999,5 Others,3,3,0,0,0,0,3,3,0
C0116,28,534,802907,Ramagundam (M + OG) (Part),006000,6 HINDI ,4360,2237,2123,0,0,0,4360,2237,2123
C0116,28,534,802907,Ramagundam (M + OG) (Part),006066, Banjari,6,3,3,0,0,0,6,3,3
C0116,28,534,802907,Ramagundam (M + OG) (Part),006102, Bhojpuri,8,5,3,0,0,0,8,5,3
C0116,28,534,802907,Ramagundam (M + OG) (Part),006142, Chhattisgarhi,113,55,58,0,0,0,113,55,58
C0116,28,534,802907,Ramagundam (M + OG) (Part),006240, Hindi,2099,1111,988,0,0,0,2099,1111,988
C0116,28,534,802907,Ramagundam (M + OG) (Part),006353, Lamani/Lambadi,1986,986,1000,0,0,0,1986,986,1000
C0116,28,534,802907,Ramagundam (M + OG) (Part),006400, Marwari,99,50,49,0,0,0,99,50,49
C0116,28,534,802907,Ramagundam (M + OG) (Part),006489, Rajasthani,42,23,19,0,0,0,42,23,19
C0116,28,534,802907,Ramagundam (M + OG) (Part),006999,6 Others,7,4,3,0,0,0,7,4,3
C0116,28,534,802907,Ramagundam (M + OG) (Part),007000,7 KANNADA,116,55,61,0,0,0,116,55,61
C0116,28,534,802907,Ramagundam (M + OG) (Part),007016, Kannada,116,55,61,0,0,0,116,55,61
C0116,28,534,802907,Ramagundam (M + OG) (Part),008000,8 KASHMIRI ,1,0,1,0,0,0,1,0,1
C0116,28,534,802907,Ramagundam (M + OG) (Part),008005, Kashmiri,1,0,1,0,0,0,1,0,1
C0116,28,534,802907,Ramagundam (M + OG) (Part),010000,10 MAITHILI ,1,1,0,0,0,0,1,1,0
C0116,28,534,802907,Ramagundam (M + OG) (Part),010008, Maithili,1,1,0,0,0,0,1,1,0
C0116,28,534,802907,Ramagundam (M + OG) (Part),011000,11 MALAYALAM,447,214,233,0,0,0,447,214,233
C0116,28,534,802907,Ramagundam (M + OG) (Part),011016, Malayalam,447,214,233,0,0,0,447,214,233
C0116,28,534,802907,Ramagundam (M + OG) (Part),013000,13 MARATHI ,473,263,210,0,0,0,473,263,210
C0116,28,534,802907,Ramagundam (M + OG) (Part),013071, Marathi,473,263,210,0,0,0,473,263,210
C0116,28,534,802907,Ramagundam (M + OG) (Part),014000,14 NEPALI ,12,7,5,0,0,0,12,7,5
C0116,28,534,802907,Ramagundam (M + OG) (Part),014011, Nepali,12,7,5,0,0,0,12,7,5
C0116,28,534,802907,Ramagundam (M + OG) (Part),015000,15 ODIA ,2323,1154,1169,0,0,0,2323,1154,1169
C0116,28,534,802907,Ramagundam (M + OG) (Part),015043, Odia,2296,1139,1157,0,0,0,2296,1139,1157
C0116,28,534,802907,Ramagundam (M + OG) (Part),015055, Relli,27,15,12,0,0,0,27,15,12
C0116,28,534,802907,Ramagundam (M + OG) (Part),016000,16 PUNJABI ,113,61,52,0,0,0,113,61,52
C0116,28,534,802907,Ramagundam (M + OG) (Part),016038, Punjabi,113,61,52,0,0,0,113,61,52
C0116,28,534,802907,Ramagundam (M + OG) (Part),019000,19 SINDHI,18,8,10,0,0,0,18,8,10
C0116,28,534,802907,Ramagundam (M + OG) (Part),019014, Sindhi,18,8,10,0,0,0,18,8,10
C0116,28,534,802907,Ramagundam (M + OG) (Part),020000,20 TAMIL ,655,323,332,0,0,0,655,323,332
C0116,28,534,802907,Ramagundam (M + OG) (Part),020027, Tamil,515,256,259,0,0,0,515,256,259
C0116,28,534,802907,Ramagundam (M + OG) (Part),020029, Yerukala/Yerukula,140,67,73,0,0,0,140,67,73
C0116,28,534,802907,Ramagundam (M + OG) (Part),021000,21 TELUGU ,212086,107699,104387,0,0,0,212086,107699,104387
C0116,28,534,802907,Ramagundam (M + OG) (Part),021046, Telugu,212082,107696,104386,0,0,0,212082,107696,104386
C0116,28,534,802907,Ramagundam (M + OG) (Part),021999,21 Others,4,3,1,0,0,0,4,3,1
C0116,28,534,802907,Ramagundam (M + OG) (Part),022000,22 URDU,21750,11089,10661,0,0,0,21750,11089,10661
C0116,28,534,802907,Ramagundam (M + OG) (Part),022015, Urdu,21750,11089,10661,0,0,0,21750,11089,10661
C0116,28,534,802907,Ramagundam (M + OG) (Part),028000,28 ARABIC/ARBI ,1,0,1,0,0,0,1,0,1
C0116,28,534,802907,Ramagundam (M + OG) (Part),028001, Arabic/Arbi,1,0,1,0,0,0,1,0,1
C0116,28,534,802907,Ramagundam (M + OG) (Part),030000,30 BHILI/BHILODI ,5,3,2,0,0,0,5,3,2
C0116,28,534,802907,Ramagundam (M + OG) (Part),030035, Kokna/Kokni/Kukna,1,1,0,0,0,0,1,1,0
C0116,28,534,802907,Ramagundam (M + OG) (Part),030999,30 Others,4,2,2,0,0,0,4,2,2
C0116,28,534,802907,Ramagundam (M + OG) (Part),040000,40 ENGLISH ,28,13,15,0,0,0,28,13,15
C0116,28,534,802907,Ramagundam (M + OG) (Part),040001, English,28,13,15,0,0,0,28,13,15
C0116,28,534,802907,Ramagundam (M + OG) (Part),044000,44 GONDI,77,32,45,0,0,0,77,32,45
C0116,28,534,802907,Ramagundam (M + OG) (Part),044007, Gondi,70,29,41,0,0,0,70,29,41
C0116,28,534,802907,Ramagundam (M + OG) (Part),044999,44 Others,7,3,4,0,0,0,7,3,4
C0116,28,534,802907,Ramagundam (M + OG) (Part),069000,69 KOYA ,7,5,2,0,0,0,7,5,2
C0116,28,534,802907,Ramagundam (M + OG) (Part),069002, Koya,7,5,2,0,0,0,7,5,2
C0116,28,534,802907,Ramagundam (M + OG) (Part),124000,124 OTHERS,6,5,1,0,0,0,6,5,1
C0116,28,534,802908,Jagtial (M + OG),001000,1 ASSAMESE,3,3,0,0,0,0,3,3,0
C0116,28,534,802908,Jagtial (M + OG),001002, Assamese,3,3,0,0,0,0,3,3,0
C0116,28,534,802908,Jagtial (M + OG),002000,2 BENGALI ,3,3,0,0,0,0,3,3,0
C0116,28,534,802908,Jagtial (M + OG),002007, Bengali,3,3,0,0,0,0,3,3,0
C0116,28,534,802908,Jagtial (M + OG),005000,5 GUJARATI,32,17,15,0,0,0,32,17,15
C0116,28,534,802908,Jagtial (M + OG),005018, Gujarati,32,17,15,0,0,0,32,17,15
C0116,28,534,802908,Jagtial (M + OG),006000,6 HINDI ,607,315,292,0,0,0,607,315,292
C0116,28,534,802908,Jagtial (M + OG),006066, Banjari,9,4,5,0,0,0,9,4,5
C0116,28,534,802908,Jagtial (M + OG),006102, Bhojpuri,7,4,3,0,0,0,7,4,3
C0116,28,534,802908,Jagtial (M + OG),006240, Hindi,446,237,209,0,0,0,446,237,209
C0116,28,534,802908,Jagtial (M + OG),006353, Lamani/Lambadi,113,55,58,0,0,0,113,55,58
C0116,28,534,802908,Jagtial (M + OG),006400, Marwari,4,1,3,0,0,0,4,1,3
C0116,28,534,802908,Jagtial (M + OG),006489, Rajasthani,27,14,13,0,0,0,27,14,13
C0116,28,534,802908,Jagtial (M + OG),006541, Sugali,1,0,1,0,0,0,1,0,1
C0116,28,534,802908,Jagtial (M + OG),007000,7 KANNADA,30,18,12,0,0,0,30,18,12
C0116,28,534,802908,Jagtial (M + OG),007016, Kannada,30,18,12,0,0,0,30,18,12
C0116,28,534,802908,Jagtial (M + OG),011000,11 MALAYALAM,16,9,7,0,0,0,16,9,7
C0116,28,534,802908,Jagtial (M + OG),011016, Malayalam,16,9,7,0,0,0,16,9,7
C0116,28,534,802908,Jagtial (M + OG),013000,13 MARATHI ,256,127,129,0,0,0,256,127,129
C0116,28,534,802908,Jagtial (M + OG),013071, Marathi,256,127,129,0,0,0,256,127,129
C0116,28,534,802908,Jagtial (M + OG),014000,14 NEPALI ,22,15,7,0,0,0,22,15,7
C0116,28,534,802908,Jagtial (M + OG),014011, Nepali,22,15,7,0,0,0,22,15,7
C0116,28,534,802908,Jagtial (M + OG),015000,15 ODIA ,7,3,4,0,0,0,7,3,4
C0116,28,534,802908,Jagtial (M + OG),015043, Odia,7,3,4,0,0,0,7,3,4
C0116,28,534,802908,Jagtial (M + OG),016000,16 PUNJABI ,3,3,0,0,0,0,3,3,0
C0116,28,534,802908,Jagtial (M + OG),016038, Punjabi,3,3,0,0,0,0,3,3,0
C0116,28,534,802908,Jagtial (M + OG),017000,17 SANSKRIT ,1,1,0,0,0,0,1,1,0
C0116,28,534,802908,Jagtial (M + OG),017002, Sanskrit,1,1,0,0,0,0,1,1,0
C0116,28,534,802908,Jagtial (M + OG),020000,20 TAMIL ,141,71,70,0,0,0,141,71,70
C0116,28,534,802908,Jagtial (M + OG),020027, Tamil,55,28,27,0,0,0,55,28,27
C0116,28,534,802908,Jagtial (M + OG),020029, Yerukala/Yerukula,86,43,43,0,0,0,86,43,43
C0116,28,534,802908,Jagtial (M + OG),021000,21 TELUGU ,81857,40698,41159,0,0,0,81857,40698,41159
C0116,28,534,802908,Jagtial (M + OG),021046, Telugu,81773,40663,41110,0,0,0,81773,40663,41110
C0116,28,534,802908,Jagtial (M + OG),021999,21 Others,84,35,49,0,0,0,84,35,49
C0116,28,534,802908,Jagtial (M + OG),022000,22 URDU,20929,10534,10395,0,0,0,20929,10534,10395
C0116,28,534,802908,Jagtial (M + OG),022015, Urdu,20929,10534,10395,0,0,0,20929,10534,10395
C0116,28,534,802908,Jagtial (M + OG),040000,40 ENGLISH ,4,1,3,0,0,0,4,1,3
C0116,28,534,802908,Jagtial (M + OG),040001, English,4,1,3,0,0,0,4,1,3
C0116,28,534,802908,Jagtial (M + OG),044000,44 GONDI,15,7,8,0,0,0,15,7,8
C0116,28,534,802908,Jagtial (M + OG),044007, Gondi,15,7,8,0,0,0,15,7,8
C0116,28,534,802908,Jagtial (M + OG),124000,124 OTHERS,4,3,1,0,0,0,4,3,1
C0116,28,534,802909,Koratla (M),002000,2 BENGALI ,18,9,9,0,0,0,18,9,9
C0116,28,534,802909,Koratla (M),002007, Bengali,18,9,9,0,0,0,18,9,9
C0116,28,534,802909,Koratla (M),005000,5 GUJARATI,179,93,86,0,0,0,179,93,86
C0116,28,534,802909,Koratla (M),005018, Gujarati,62,34,28,0,0,0,62,34,28
C0116,28,534,802909,Koratla (M),005999,5 Others,117,59,58,0,0,0,117,59,58
C0116,28,534,802909,Koratla (M),006000,6 HINDI ,507,333,174,0,0,0,507,333,174
C0116,28,534,802909,Koratla (M),006240, Hindi,240,128,112,0,0,0,240,128,112
C0116,28,534,802909,Koratla (M),006353, Lamani/Lambadi,216,165,51,0,0,0,216,165,51
C0116,28,534,802909,Koratla (M),006400, Marwari,8,6,2,0,0,0,8,6,2
C0116,28,534,802909,Koratla (M),006489, Rajasthani,43,34,9,0,0,0,43,34,9
C0116,28,534,802909,Koratla (M),007000,7 KANNADA,8,2,6,0,0,0,8,2,6
C0116,28,534,802909,Koratla (M),007016, Kannada,8,2,6,0,0,0,8,2,6
C0116,28,534,802909,Koratla (M),011000,11 MALAYALAM,10,6,4,0,0,0,10,6,4
C0116,28,534,802909,Koratla (M),011016, Malayalam,10,6,4,0,0,0,10,6,4
C0116,28,534,802909,Koratla (M),013000,13 MARATHI ,334,177,157,0,0,0,334,177,157
C0116,28,534,802909,Koratla (M),013071, Marathi,334,177,157,0,0,0,334,177,157
C0116,28,534,802909,Koratla (M),014000,14 NEPALI ,11,6,5,0,0,0,11,6,5
C0116,28,534,802909,Koratla (M),014011, Nepali,11,6,5,0,0,0,11,6,5
C0116,28,534,802909,Koratla (M),016000,16 PUNJABI ,49,27,22,0,0,0,49,27,22
C0116,28,534,802909,Koratla (M),016038, Punjabi,49,27,22,0,0,0,49,27,22
C0116,28,534,802909,Koratla (M),020000,20 TAMIL ,139,69,70,0,0,0,139,69,70
C0116,28,534,802909,Koratla (M),020027, Tamil,50,26,24,0,0,0,50,26,24
C0116,28,534,802909,Koratla (M),020029, Yerukala/Yerukula,89,43,46,0,0,0,89,43,46
C0116,28,534,802909,Koratla (M),021000,21 TELUGU ,44947,22266,22681,0,0,0,44947,22266,22681
C0116,28,534,802909,Koratla (M),021046, Telugu,44947,22266,22681,0,0,0,44947,22266,22681
C0116,28,534,802909,Koratla (M),022000,22 URDU,20233,10221,10012,0,0,0,20233,10221,10012
C0116,28,534,802909,Koratla (M),022015, Urdu,20233,10221,10012,0,0,0,20233,10221,10012
C0116,28,534,802909,Koratla (M),040000,40 ENGLISH ,4,2,2,0,0,0,4,2,2
C0116,28,534,802909,Koratla (M),040001, English,4,2,2,0,0,0,4,2,2
C0116,28,534,802909,Koratla (M),044000,44 GONDI,28,18,10,0,0,0,28,18,10
C0116,28,534,802909,Koratla (M),044007, Gondi,28,18,10,0,0,0,28,18,10
C0116,28,534,802909,Koratla (M),069000,69 KOYA ,5,4,1,0,0,0,5,4,1
C0116,28,534,802909,Koratla (M),069002, Koya,5,4,1,0,0,0,5,4,1
C0116,28,534,802909,Koratla (M),124000,124 OTHERS,32,17,15,0,0,0,32,17,15
C0116,28,534,802910,Metpalle (M),002000,2 BENGALI ,10,8,2,0,0,0,10,8,2
C0116,28,534,802910,Metpalle (M),002007, Bengali,10,8,2,0,0,0,10,8,2
C0116,28,534,802910,Metpalle (M),005000,5 GUJARATI,61,29,32,0,0,0,61,29,32
C0116,28,534,802910,Metpalle (M),005018, Gujarati,39,21,18,0,0,0,39,21,18
C0116,28,534,802910,Metpalle (M),005999,5 Others,22,8,14,0,0,0,22,8,14
C0116,28,534,802910,Metpalle (M),006000,6 HINDI ,364,213,151,0,0,0,364,213,151
C0116,28,534,802910,Metpalle (M),006066, Banjari,7,2,5,0,0,0,7,2,5
C0116,28,534,802910,Metpalle (M),006102, Bhojpuri,7,2,5,0,0,0,7,2,5
C0116,28,534,802910,Metpalle (M),006240, Hindi,198,113,85,0,0,0,198,113,85
C0116,28,534,802910,Metpalle (M),006353, Lamani/Lambadi,123,75,48,0,0,0,123,75,48
C0116,28,534,802910,Metpalle (M),006400, Marwari,12,6,6,0,0,0,12,6,6
C0116,28,534,802910,Metpalle (M),006489, Rajasthani,15,14,1,0,0,0,15,14,1
C0116,28,534,802910,Metpalle (M),006999,6 Others,2,1,1,0,0,0,2,1,1
C0116,28,534,802910,Metpalle (M),007000,7 KANNADA,25,15,10,0,0,0,25,15,10
C0116,28,534,802910,Metpalle (M),007016, Kannada,25,15,10,0,0,0,25,15,10
C0116,28,534,802910,Metpalle (M),009000,9 KONKANI,3,2,1,0,0,0,3,2,1
C0116,28,534,802910,Metpalle (M),009011, Konkani,3,2,1,0,0,0,3,2,1
C0116,28,534,802910,Metpalle (M),011000,11 MALAYALAM,17,5,12,0,0,0,17,5,12
C0116,28,534,802910,Metpalle (M),011016, Malayalam,17,5,12,0,0,0,17,5,12
C0116,28,534,802910,Metpalle (M),013000,13 MARATHI ,263,142,121,0,0,0,263,142,121
C0116,28,534,802910,Metpalle (M),013071, Marathi,263,142,121,0,0,0,263,142,121
C0116,28,534,802910,Metpalle (M),014000,14 NEPALI ,17,8,9,0,0,0,17,8,9
C0116,28,534,802910,Metpalle (M),014011, Nepali,17,8,9,0,0,0,17,8,9
C0116,28,534,802910,Metpalle (M),015000,15 ODIA ,13,7,6,0,0,0,13,7,6
C0116,28,534,802910,Metpalle (M),015043, Odia,12,6,6,0,0,0,12,6,6
C0116,28,534,802910,Metpalle (M),015055, Relli,1,1,0,0,0,0,1,1,0
C0116,28,534,802910,Metpalle (M),016000,16 PUNJABI ,68,34,34,0,0,0,68,34,34
C0116,28,534,802910,Metpalle (M),016038, Punjabi,68,34,34,0,0,0,68,34,34
C0116,28,534,802910,Metpalle (M),020000,20 TAMIL ,365,188,177,0,0,0,365,188,177
C0116,28,534,802910,Metpalle (M),020027, Tamil,157,89,68,0,0,0,157,89,68
C0116,28,534,802910,Metpalle (M),020029, Yerukala/Yerukula,208,99,109,0,0,0,208,99,109
C0116,28,534,802910,Metpalle (M),021000,21 TELUGU ,40583,20223,20360,0,0,0,40583,20223,20360
C0116,28,534,802910,Metpalle (M),021046, Telugu,40583,20223,20360,0,0,0,40583,20223,20360
C0116,28,534,802910,Metpalle (M),022000,22 URDU,9084,4578,4506,0,0,0,9084,4578,4506
C0116,28,534,802910,Metpalle (M),022015, Urdu,9084,4578,4506,0,0,0,9084,4578,4506
C0116,28,534,802910,Metpalle (M),040000,40 ENGLISH ,6,3,3,0,0,0,6,3,3
C0116,28,534,802910,Metpalle (M),040001, English,6,3,3,0,0,0,6,3,3
C0116,28,534,802910,Metpalle (M),044000,44 GONDI,15,15,0,0,0,0,15,15,0
C0116,28,534,802910,Metpalle (M),044007, Gondi,15,15,0,0,0,0,15,15,0
C0116,28,534,802910,Metpalle (M),069000,69 KOYA ,8,5,3,0,0,0,8,5,3
C0116,28,534,802910,Metpalle (M),069002, Koya,8,5,3,0,0,0,8,5,3
C0116,28,534,802911,Karimnagar (M Corp. + OG) (Part),002000,2 BENGALI ,39,19,20,0,0,0,39,19,20
C0116,28,534,802911,Karimnagar (M Corp. + OG) (Part),002007, Bengali,39,19,20,0,0,0,39,19,20
C0116,28,534,802911,Karimnagar (M Corp. + OG) (Part),005000,5 GUJARATI,399,204,195,0,0,0,399,204,195
C0116,28,534,802911,Karimnagar (M Corp. + OG) (Part),005018, Gujarati,376,196,180,0,0,0,376,196,180
C0116,28,534,802911,Karimnagar (M Corp. + OG) (Part),005057, Saurashtra/Saurashtri,6,2,4,0,0,0,6,2,4
C0116,28,534,802911,Karimnagar (M Corp. + OG) (Part),005999,5 Others,17,6,11,0,0,0,17,6,11
C0116,28,534,802911,Karimnagar (M Corp. + OG) (Part),006000,6 HINDI ,4800,2488,2312,0,0,0,4800,2488,2312
C0116,28,534,802911,Karimnagar (M Corp. + OG) (Part),006066, Banjari,122,65,57,0,0,0,122,65,57
C0116,28,534,802911,Karimnagar (M Corp. + OG) (Part),006096, Bharmauri/Gaddi,1,1,0,0,0,0,1,1,0
C0116,28,534,802911,Karimnagar (M Corp. + OG) (Part),006102, Bhojpuri,9,6,3,0,0,0,9,6,3
C0116,28,534,802911,Karimnagar (M Corp. + OG) (Part),006240, Hindi,3142,1616,1526,0,0,0,3142,1616,1526
C0116,28,534,802911,Karimnagar (M Corp. + OG) (Part),006353, Lamani/Lambadi,1100,572,528,0,0,0,1100,572,528
C0116,28,534,802911,Karimnagar (M Corp. + OG) (Part),006358, Lodhi,5,2,3,0,0,0,5,2,3
C0116,28,534,802911,Karimnagar (M Corp. + OG) (Part),006400, Marwari,321,168,153,0,0,0,321,168,153
C0116,28,534,802911,Karimnagar (M Corp. + OG) (Part),006489, Rajasthani,88,52,36,0,0,0,88,52,36
C0116,28,534,802911,Karimnagar (M Corp. + OG) (Part),006541, Sugali,2,1,1,0,0,0,2,1,1
C0116,28,534,802911,Karimnagar (M Corp. + OG) (Part),006999,6 Others,10,5,5,0,0,0,10,5,5
C0116,28,534,802911,Karimnagar (M Corp. + OG) (Part),007000,7 KANNADA,67,36,31,0,0,0,67,36,31
C0116,28,534,802911,Karimnagar (M Corp. + OG) (Part),007016, Kannada,67,36,31,0,0,0,67,36,31
C0116,28,534,802911,Karimnagar (M Corp. + OG) (Part),010000,10 MAITHILI ,9,5,4,0,0,0,9,5,4
C0116,28,534,802911,Karimnagar (M Corp. + OG) (Part),010008, Maithili,8,4,4,0,0,0,8,4,4
C0116,28,534,802911,Karimnagar (M Corp. + OG) (Part),010013, Thati,1,1,0,0,0,0,1,1,0
C0116,28,534,802911,Karimnagar (M Corp. + OG) (Part),011000,11 MALAYALAM,94,48,46,0,0,0,94,48,46
C0116,28,534,802911,Karimnagar (M Corp. + OG) (Part),011016, Malayalam,94,48,46,0,0,0,94,48,46
C0116,28,534,802911,Karimnagar (M Corp. + OG) (Part),013000,13 MARATHI ,850,446,404,0,0,0,850,446,404
C0116,28,534,802911,Karimnagar (M Corp. + OG) (Part),013004, Are,3,1,2,0,0,0,3,1,2
C0116,28,534,802911,Karimnagar (M Corp. + OG) (Part),013071, Marathi,847,445,402,0,0,0,847,445,402
C0116,28,534,802911,Karimnagar (M Corp. + OG) (Part),014000,14 NEPALI ,50,30,20,0,0,0,50,30,20
C0116,28,534,802911,Karimnagar (M Corp. + OG) (Part),014011, Nepali,50,30,20,0,0,0,50,30,20
C0116,28,534,802911,Karimnagar (M Corp. + OG) (Part),015000,15 ODIA ,29,16,13,0,0,0,29,16,13
C0116,28,534,802911,Karimnagar (M Corp. + OG) (Part),015043, Odia,29,16,13,0,0,0,29,16,13
C0116,28,534,802911,Karimnagar (M Corp. + OG) (Part),016000,16 PUNJABI ,530,278,252,0,0,0,530,278,252
C0116,28,534,802911,Karimnagar (M Corp. + OG) (Part),016038, Punjabi,530,278,252,0,0,0,530,278,252
C0116,28,534,802911,Karimnagar (M Corp. + OG) (Part),017000,17 SANSKRIT ,25,12,13,0,0,0,25,12,13
C0116,28,534,802911,Karimnagar (M Corp. + OG) (Part),017002, Sanskrit,25,12,13,0,0,0,25,12,13
C0116,28,534,802911,Karimnagar (M Corp. + OG) (Part),019000,19 SINDHI,258,132,126,0,0,0,258,132,126
C0116,28,534,802911,Karimnagar (M Corp. + OG) (Part),019014, Sindhi,258,132,126,0,0,0,258,132,126
C0116,28,534,802911,Karimnagar (M Corp. + OG) (Part),020000,20 TAMIL ,573,338,235,0,0,0,573,338,235
C0116,28,534,802911,Karimnagar (M Corp. + OG) (Part),020027, Tamil,491,300,191,0,0,0,491,300,191
C0116,28,534,802911,Karimnagar (M Corp. + OG) (Part),020029, Yerukala/Yerukula,82,38,44,0,0,0,82,38,44
C0116,28,534,802911,Karimnagar (M Corp. + OG) (Part),021000,21 TELUGU ,222988,112118,110870,0,0,0,222988,112118,110870
C0116,28,534,802911,Karimnagar (M Corp. + OG) (Part),021046, Telugu,222988,112118,110870,0,0,0,222988,112118,110870
C0116,28,534,802911,Karimnagar (M Corp. + OG) (Part),022000,22 URDU,58937,29888,29049,0,0,0,58937,29888,29049
C0116,28,534,802911,Karimnagar (M Corp. + OG) (Part),022015, Urdu,58937,29888,29049,0,0,0,58937,29888,29049
C0116,28,534,802911,Karimnagar (M Corp. + OG) (Part),030000,30 BHILI/BHILODI ,4,2,2,0,0,0,4,2,2
C0116,28,534,802911,Karimnagar (M Corp. + OG) (Part),030035, Kokna/Kokni/Kukna,4,2,2,0,0,0,4,2,2
C0116,28,534,802911,Karimnagar (M Corp. + OG) (Part),040000,40 ENGLISH ,52,30,22,0,0,0,52,30,22
C0116,28,534,802911,Karimnagar (M Corp. + OG) (Part),040001, English,52,30,22,0,0,0,52,30,22
C0116,28,534,802911,Karimnagar (M Corp. + OG) (Part),044000,44 GONDI,96,47,49,0,0,0,96,47,49
C0116,28,534,802911,Karimnagar (M Corp. + OG) (Part),044007, Gondi,88,44,44,0,0,0,88,44,44
C0116,28,534,802911,Karimnagar (M Corp. + OG) (Part),044999,44 Others,8,3,5,0,0,0,8,3,5
C0116,28,534,802911,Karimnagar (M Corp. + OG) (Part),069000,69 KOYA ,1,0,1,0,0,0,1,0,1
C0116,28,534,802911,Karimnagar (M Corp. + OG) (Part),069002, Koya,1,0,1,0,0,0,1,0,1
C0116,28,534,802911,Karimnagar (M Corp. + OG) (Part),124000,124 OTHERS,20,8,12,0,0,0,20,8,12
C0116,28,534,802912,Sircilla (M + OG),002000,2 BENGALI ,14,10,4,0,0,0,14,10,4
C0116,28,534,802912,Sircilla (M + OG),002007, Bengali,14,10,4,0,0,0,14,10,4
C0116,28,534,802912,Sircilla (M + OG),005000,5 GUJARATI,40,20,20,0,0,0,40,20,20
C0116,28,534,802912,Sircilla (M + OG),005018, Gujarati,40,20,20,0,0,0,40,20,20
C0116,28,534,802912,Sircilla (M + OG),006000,6 HINDI ,715,379,336,0,0,0,715,379,336
C0116,28,534,802912,Sircilla (M + OG),006102, Bhojpuri,3,3,0,0,0,0,3,3,0
C0116,28,534,802912,Sircilla (M + OG),006240, Hindi,552,290,262,0,0,0,552,290,262
C0116,28,534,802912,Sircilla (M + OG),006353, Lamani/Lambadi,117,60,57,0,0,0,117,60,57
C0116,28,534,802912,Sircilla (M + OG),006400, Marwari,12,8,4,0,0,0,12,8,4
C0116,28,534,802912,Sircilla (M + OG),006489, Rajasthani,27,15,12,0,0,0,27,15,12
C0116,28,534,802912,Sircilla (M + OG),006999,6 Others,4,3,1,0,0,0,4,3,1
C0116,28,534,802912,Sircilla (M + OG),007000,7 KANNADA,22,6,16,0,0,0,22,6,16
C0116,28,534,802912,Sircilla (M + OG),007016, Kannada,22,6,16,0,0,0,22,6,16
C0116,28,534,802912,Sircilla (M + OG),011000,11 MALAYALAM,10,4,6,0,0,0,10,4,6
C0116,28,534,802912,Sircilla (M + OG),011016, Malayalam,10,4,6,0,0,0,10,4,6
C0116,28,534,802912,Sircilla (M + OG),013000,13 MARATHI ,119,56,63,0,0,0,119,56,63
C0116,28,534,802912,Sircilla (M + OG),013071, Marathi,119,56,63,0,0,0,119,56,63
C0116,28,534,802912,Sircilla (M + OG),014000,14 NEPALI ,7,4,3,0,0,0,7,4,3
C0116,28,534,802912,Sircilla (M + OG),014011, Nepali,7,4,3,0,0,0,7,4,3
C0116,28,534,802912,Sircilla (M + OG),015000,15 ODIA ,3,2,1,0,0,0,3,2,1
C0116,28,534,802912,Sircilla (M + OG),015043, Odia,3,2,1,0,0,0,3,2,1
C0116,28,534,802912,Sircilla (M + OG),016000,16 PUNJABI ,78,37,41,0,0,0,78,37,41
C0116,28,534,802912,Sircilla (M + OG),016038, Punjabi,78,37,41,0,0,0,78,37,41
C0116,28,534,802912,Sircilla (M + OG),020000,20 TAMIL ,43,22,21,0,0,0,43,22,21
C0116,28,534,802912,Sircilla (M + OG),020027, Tamil,39,19,20,0,0,0,39,19,20
C0116,28,534,802912,Sircilla (M + OG),020029, Yerukala/Yerukula,4,3,1,0,0,0,4,3,1
C0116,28,534,802912,Sircilla (M + OG),021000,21 TELUGU ,77700,38774,38926,0,0,0,77700,38774,38926
C0116,28,534,802912,Sircilla (M + OG),021046, Telugu,77700,38774,38926,0,0,0,77700,38774,38926
C0116,28,534,802912,Sircilla (M + OG),022000,22 URDU,4434,2210,2224,0,0,0,4434,2210,2224
C0116,28,534,802912,Sircilla (M + OG),022015, Urdu,4434,2210,2224,0,0,0,4434,2210,2224
C0116,28,534,802912,Sircilla (M + OG),040000,40 ENGLISH ,1,1,0,0,0,0,1,1,0
C0116,28,534,802912,Sircilla (M + OG),040001, English,1,1,0,0,0,0,1,1,0
C0116,28,534,571754,Palakurthy (CT),002000,2 BENGALI ,8,5,3,0,0,0,8,5,3
C0116,28,534,571754,Palakurthy (CT),002007, Bengali,8,5,3,0,0,0,8,5,3
C0116,28,534,571754,Palakurthy (CT),006000,6 HINDI ,345,198,147,0,0,0,345,198,147
C0116,28,534,571754,Palakurthy (CT),006102, Bhojpuri,11,8,3,0,0,0,11,8,3
C0116,28,534,571754,Palakurthy (CT),006240, Hindi,330,188,142,0,0,0,330,188,142
C0116,28,534,571754,Palakurthy (CT),006353, Lamani/Lambadi,4,2,2,0,0,0,4,2,2
C0116,28,534,571754,Palakurthy (CT),011000,11 MALAYALAM,5,2,3,0,0,0,5,2,3
C0116,28,534,571754,Palakurthy (CT),011016, Malayalam,5,2,3,0,0,0,5,2,3
C0116,28,534,571754,Palakurthy (CT),013000,13 MARATHI ,33,18,15,0,0,0,33,18,15
C0116,28,534,571754,Palakurthy (CT),013071, Marathi,33,18,15,0,0,0,33,18,15
C0116,28,534,571754,Palakurthy (CT),015000,15 ODIA ,9,5,4,0,0,0,9,5,4
C0116,28,534,571754,Palakurthy (CT),015043, Odia,9,5,4,0,0,0,9,5,4
C0116,28,534,571754,Palakurthy (CT),016000,16 PUNJABI ,14,9,5,0,0,0,14,9,5
C0116,28,534,571754,Palakurthy (CT),016038, Punjabi,14,9,5,0,0,0,14,9,5
C0116,28,534,571754,Palakurthy (CT),020000,20 TAMIL ,27,16,11,0,0,0,27,16,11
C0116,28,534,571754,Palakurthy (CT),020027, Tamil,27,16,11,0,0,0,27,16,11
C0116,28,534,571754,Palakurthy (CT),021000,21 TELUGU ,6453,3276,3177,0,0,0,6453,3276,3177
C0116,28,534,571754,Palakurthy (CT),021046, Telugu,6453,3276,3177,0,0,0,6453,3276,3177
C0116,28,534,571754,Palakurthy (CT),022000,22 URDU,483,259,224,0,0,0,483,259,224
C0116,28,534,571754,Palakurthy (CT),022015, Urdu,483,259,224,0,0,0,483,259,224
C0116,28,534,571754,Palakurthy (CT),030000,30 BHILI/BHILODI ,1,1,0,0,0,0,1,1,0
C0116,28,534,571754,Palakurthy (CT),030002, Baori,1,1,0,0,0,0,1,1,0
C0116,28,534,571754,Palakurthy (CT),040000,40 ENGLISH ,2,1,1,0,0,0,2,1,1
C0116,28,534,571754,Palakurthy (CT),040001, English,2,1,1,0,0,0,2,1,1
C0116,28,534,571779,Jallaram (CT),002000,2 BENGALI ,14,10,4,0,0,0,14,10,4
C0116,28,534,571779,Jallaram (CT),002007, Bengali,14,10,4,0,0,0,14,10,4
C0116,28,534,571779,Jallaram (CT),006000,6 HINDI ,329,159,170,0,0,0,329,159,170
C0116,28,534,571779,Jallaram (CT),006066, Banjari,110,58,52,0,0,0,110,58,52
C0116,28,534,571779,Jallaram (CT),006102, Bhojpuri,2,1,1,0,0,0,2,1,1
C0116,28,534,571779,Jallaram (CT),006240, Hindi,180,80,100,0,0,0,180,80,100
C0116,28,534,571779,Jallaram (CT),006353, Lamani/Lambadi,29,16,13,0,0,0,29,16,13
C0116,28,534,571779,Jallaram (CT),006400, Marwari,4,2,2,0,0,0,4,2,2
C0116,28,534,571779,Jallaram (CT),006999,6 Others,4,2,2,0,0,0,4,2,2
C0116,28,534,571779,Jallaram (CT),007000,7 KANNADA,1,0,1,0,0,0,1,0,1
C0116,28,534,571779,Jallaram (CT),007016, Kannada,1,0,1,0,0,0,1,0,1
C0116,28,534,571779,Jallaram (CT),011000,11 MALAYALAM,13,6,7,0,0,0,13,6,7
C0116,28,534,571779,Jallaram (CT),011016, Malayalam,13,6,7,0,0,0,13,6,7
C0116,28,534,571779,Jallaram (CT),013000,13 MARATHI ,6,5,1,0,0,0,6,5,1
C0116,28,534,571779,Jallaram (CT),013071, Marathi,6,5,1,0,0,0,6,5,1
C0116,28,534,571779,Jallaram (CT),015000,15 ODIA ,4,3,1,0,0,0,4,3,1
C0116,28,534,571779,Jallaram (CT),015043, Odia,4,3,1,0,0,0,4,3,1
C0116,28,534,571779,Jallaram (CT),016000,16 PUNJABI ,10,5,5,0,0,0,10,5,5
C0116,28,534,571779,Jallaram (CT),016038, Punjabi,10,5,5,0,0,0,10,5,5
C0116,28,534,571779,Jallaram (CT),020000,20 TAMIL ,22,10,12,0,0,0,22,10,12
C0116,28,534,571779,Jallaram (CT),020027, Tamil,22,10,12,0,0,0,22,10,12
C0116,28,534,571779,Jallaram (CT),021000,21 TELUGU ,8493,4399,4094,0,0,0,8493,4399,4094
C0116,28,534,571779,Jallaram (CT),021046, Telugu,8493,4399,4094,0,0,0,8493,4399,4094
C0116,28,534,571779,Jallaram (CT),022000,22 URDU,436,212,224,0,0,0,436,212,224
C0116,28,534,571779,Jallaram (CT),022015, Urdu,436,212,224,0,0,0,436,212,224
C0116,28,534,571779,Jallaram (CT),124000,124 OTHERS,1,0,1,0,0,0,1,0,1
C0116,28,534,571780,Ratnapur (CT),002000,2 BENGALI ,3,2,1,0,0,0,3,2,1
C0116,28,534,571780,Ratnapur (CT),002007, Bengali,3,2,1,0,0,0,3,2,1
C0116,28,534,571780,Ratnapur (CT),006000,6 HINDI ,29,14,15,0,0,0,29,14,15
C0116,28,534,571780,Ratnapur (CT),006240, Hindi,26,13,13,0,0,0,26,13,13
C0116,28,534,571780,Ratnapur (CT),006353, Lamani/Lambadi,3,1,2,0,0,0,3,1,2
C0116,28,534,571780,Ratnapur (CT),007000,7 KANNADA,2,1,1,0,0,0,2,1,1
C0116,28,534,571780,Ratnapur (CT),007016, Kannada,2,1,1,0,0,0,2,1,1
C0116,28,534,571780,Ratnapur (CT),011000,11 MALAYALAM,4,2,2,0,0,0,4,2,2
C0116,28,534,571780,Ratnapur (CT),011016, Malayalam,4,2,2,0,0,0,4,2,2
C0116,28,534,571780,Ratnapur (CT),013000,13 MARATHI ,4,2,2,0,0,0,4,2,2
C0116,28,534,571780,Ratnapur (CT),013071, Marathi,4,2,2,0,0,0,4,2,2
C0116,28,534,571780,Ratnapur (CT),015000,15 ODIA ,4,3,1,0,0,0,4,3,1
C0116,28,534,571780,Ratnapur (CT),015043, Odia,4,3,1,0,0,0,4,3,1
C0116,28,534,571780,Ratnapur (CT),020000,20 TAMIL ,6,4,2,0,0,0,6,4,2
C0116,28,534,571780,Ratnapur (CT),020027, Tamil,6,4,2,0,0,0,6,4,2
C0116,28,534,571780,Ratnapur (CT),021000,21 TELUGU ,2987,1512,1475,0,0,0,2987,1512,1475
C0116,28,534,571780,Ratnapur (CT),021046, Telugu,2987,1512,1475,0,0,0,2987,1512,1475
C0116,28,534,571780,Ratnapur (CT),022000,22 URDU,115,56,59,0,0,0,115,56,59
C0116,28,534,571780,Ratnapur (CT),022015, Urdu,115,56,59,0,0,0,115,56,59
C0116,28,534,571999,Peddapalle (CT),002000,2 BENGALI ,13,7,6,0,0,0,13,7,6
C0116,28,534,571999,Peddapalle (CT),002007, Bengali,13,7,6,0,0,0,13,7,6
C0116,28,534,571999,Peddapalle (CT),005000,5 GUJARATI,19,8,11,0,0,0,19,8,11
C0116,28,534,571999,Peddapalle (CT),005018, Gujarati,18,8,10,0,0,0,18,8,10
C0116,28,534,571999,Peddapalle (CT),005999,5 Others,1,0,1,0,0,0,1,0,1
C0116,28,534,571999,Peddapalle (CT),006000,6 HINDI ,837,435,402,0,0,0,837,435,402
C0116,28,534,571999,Peddapalle (CT),006240, Hindi,539,277,262,0,0,0,539,277,262
C0116,28,534,571999,Peddapalle (CT),006353, Lamani/Lambadi,29,15,14,0,0,0,29,15,14
C0116,28,534,571999,Peddapalle (CT),006400, Marwari,236,118,118,0,0,0,236,118,118
C0116,28,534,571999,Peddapalle (CT),006489, Rajasthani,32,24,8,0,0,0,32,24,8
C0116,28,534,571999,Peddapalle (CT),006541, Sugali,1,1,0,0,0,0,1,1,0
C0116,28,534,571999,Peddapalle (CT),007000,7 KANNADA,17,12,5,0,0,0,17,12,5
C0116,28,534,571999,Peddapalle (CT),007016, Kannada,17,12,5,0,0,0,17,12,5
C0116,28,534,571999,Peddapalle (CT),011000,11 MALAYALAM,32,14,18,0,0,0,32,14,18
C0116,28,534,571999,Peddapalle (CT),011016, Malayalam,32,14,18,0,0,0,32,14,18
C0116,28,534,571999,Peddapalle (CT),013000,13 MARATHI ,96,50,46,0,0,0,96,50,46
C0116,28,534,571999,Peddapalle (CT),013071, Marathi,96,50,46,0,0,0,96,50,46
C0116,28,534,571999,Peddapalle (CT),014000,14 NEPALI ,5,3,2,0,0,0,5,3,2
C0116,28,534,571999,Peddapalle (CT),014011, Nepali,5,3,2,0,0,0,5,3,2
C0116,28,534,571999,Peddapalle (CT),015000,15 ODIA ,3,1,2,0,0,0,3,1,2
C0116,28,534,571999,Peddapalle (CT),015043, Odia,3,1,2,0,0,0,3,1,2
C0116,28,534,571999,Peddapalle (CT),020000,20 TAMIL ,71,37,34,0,0,0,71,37,34
C0116,28,534,571999,Peddapalle (CT),020027, Tamil,33,18,15,0,0,0,33,18,15
C0116,28,534,571999,Peddapalle (CT),020029, Yerukala/Yerukula,38,19,19,0,0,0,38,19,19
C0116,28,534,571999,Peddapalle (CT),021000,21 TELUGU ,30981,15541,15440,0,0,0,30981,15541,15440
C0116,28,534,571999,Peddapalle (CT),021046, Telugu,30981,15541,15440,0,0,0,30981,15541,15440
C0116,28,534,571999,Peddapalle (CT),022000,22 URDU,9087,4536,4551,0,0,0,9087,4536,4551
C0116,28,534,571999,Peddapalle (CT),022015, Urdu,9087,4536,4551,0,0,0,9087,4536,4551
C0116,28,534,571999,Peddapalle (CT),040000,40 ENGLISH ,7,3,4,0,0,0,7,3,4
C0116,28,534,571999,Peddapalle (CT),040001, English,7,3,4,0,0,0,7,3,4
C0116,28,534,571999,Peddapalle (CT),065000,65 KONDA,3,1,2,0,0,0,3,1,2
C0116,28,534,571999,Peddapalle (CT),065003, Konda,3,1,2,0,0,0,3,1,2
C0116,28,534,572326,Rekurthi (CT),006000,6 HINDI ,45,22,23,0,0,0,45,22,23
C0116,28,534,572326,Rekurthi (CT),006240, Hindi,13,6,7,0,0,0,13,6,7
C0116,28,534,572326,Rekurthi (CT),006353, Lamani/Lambadi,32,16,16,0,0,0,32,16,16
C0116,28,534,572326,Rekurthi (CT),020000,20 TAMIL ,11,6,5,0,0,0,11,6,5
C0116,28,534,572326,Rekurthi (CT),020027, Tamil,1,1,0,0,0,0,1,1,0
C0116,28,534,572326,Rekurthi (CT),020029, Yerukala/Yerukula,10,5,5,0,0,0,10,5,5
C0116,28,534,572326,Rekurthi (CT),021000,21 TELUGU ,5405,2664,2741,0,0,0,5405,2664,2741
C0116,28,534,572326,Rekurthi (CT),021046, Telugu,5404,2664,2740,0,0,0,5404,2664,2740
C0116,28,534,572326,Rekurthi (CT),021048, Vadari,1,0,1,0,0,0,1,0,1
C0116,28,534,572326,Rekurthi (CT),022000,22 URDU,2161,1098,1063,0,0,0,2161,1098,1063
C0116,28,534,572326,Rekurthi (CT),022015, Urdu,2161,1098,1063,0,0,0,2161,1098,1063
C0116,28,534,572326,Rekurthi (CT),044000,44 GONDI,4,2,2,0,0,0,4,2,2
C0116,28,534,572326,Rekurthi (CT),044007, Gondi,4,2,2,0,0,0,4,2,2
C0116,28,534,572368,Vemulawada (R) (CT),002000,2 BENGALI ,8,5,3,0,0,0,8,5,3
C0116,28,534,572368,Vemulawada (R) (CT),002007, Bengali,8,5,3,0,0,0,8,5,3
C0116,28,534,572368,Vemulawada (R) (CT),006000,6 HINDI ,308,158,150,0,0,0,308,158,150
C0116,28,534,572368,Vemulawada (R) (CT),006066, Banjari,4,1,3,0,0,0,4,1,3
C0116,28,534,572368,Vemulawada (R) (CT),006240, Hindi,214,108,106,0,0,0,214,108,106
C0116,28,534,572368,Vemulawada (R) (CT),006353, Lamani/Lambadi,21,12,9,0,0,0,21,12,9
C0116,28,534,572368,Vemulawada (R) (CT),006400, Marwari,39,19,20,0,0,0,39,19,20
C0116,28,534,572368,Vemulawada (R) (CT),006489, Rajasthani,30,18,12,0,0,0,30,18,12
C0116,28,534,572368,Vemulawada (R) (CT),007000,7 KANNADA,8,4,4,0,0,0,8,4,4
C0116,28,534,572368,Vemulawada (R) (CT),007016, Kannada,8,4,4,0,0,0,8,4,4
C0116,28,534,572368,Vemulawada (R) (CT),011000,11 MALAYALAM,6,4,2,0,0,0,6,4,2
C0116,28,534,572368,Vemulawada (R) (CT),011016, Malayalam,6,4,2,0,0,0,6,4,2
C0116,28,534,572368,Vemulawada (R) (CT),013000,13 MARATHI ,51,24,27,0,0,0,51,24,27
C0116,28,534,572368,Vemulawada (R) (CT),013071, Marathi,51,24,27,0,0,0,51,24,27
C0116,28,534,572368,Vemulawada (R) (CT),014000,14 NEPALI ,10,5,5,0,0,0,10,5,5
C0116,28,534,572368,Vemulawada (R) (CT),014011, Nepali,10,5,5,0,0,0,10,5,5
C0116,28,534,572368,Vemulawada (R) (CT),015000,15 ODIA ,23,14,9,0,0,0,23,14,9
C0116,28,534,572368,Vemulawada (R) (CT),015043, Odia,23,14,9,0,0,0,23,14,9
C0116,28,534,572368,Vemulawada (R) (CT),020000,20 TAMIL ,117,61,56,0,0,0,117,61,56
C0116,28,534,572368,Vemulawada (R) (CT),020027, Tamil,16,8,8,0,0,0,16,8,8
C0116,28,534,572368,Vemulawada (R) (CT),020029, Yerukala/Yerukula,101,53,48,0,0,0,101,53,48
C0116,28,534,572368,Vemulawada (R) (CT),021000,21 TELUGU ,31272,15566,15706,0,0,0,31272,15566,15706
C0116,28,534,572368,Vemulawada (R) (CT),021046, Telugu,31263,15561,15702,0,0,0,31263,15561,15702
C0116,28,534,572368,Vemulawada (R) (CT),021999,21 Others,9,5,4,0,0,0,9,5,4
C0116,28,534,572368,Vemulawada (R) (CT),022000,22 URDU,1891,946,945,0,0,0,1891,946,945
C0116,28,534,572368,Vemulawada (R) (CT),022015, Urdu,1891,946,945,0,0,0,1891,946,945
C0116,28,534,572368,Vemulawada (R) (CT),040000,40 ENGLISH ,4,2,2,0,0,0,4,2,2
C0116,28,534,572368,Vemulawada (R) (CT),040001, English,4,2,2,0,0,0,4,2,2
C0116,28,534,572368,Vemulawada (R) (CT),044000,44 GONDI,4,2,2,0,0,0,4,2,2
C0116,28,534,572368,Vemulawada (R) (CT),044007, Gondi,4,2,2,0,0,0,4,2,2
C0116,28,534,572368,Vemulawada (R) (CT),124000,124 OTHERS,4,2,2,0,0,0,4,2,2
C0116,28,534,572560,Dharmaram (P.B) (CT),006000,6 HINDI ,72,39,33,0,0,0,72,39,33
C0116,28,534,572560,Dharmaram (P.B) (CT),006240, Hindi,72,39,33,0,0,0,72,39,33
C0116,28,534,572560,Dharmaram (P.B) (CT),013000,13 MARATHI ,2,1,1,0,0,0,2,1,1
C0116,28,534,572560,Dharmaram (P.B) (CT),013071, Marathi,2,1,1,0,0,0,2,1,1
C0116,28,534,572560,Dharmaram (P.B) (CT),016000,16 PUNJABI ,16,8,8,0,0,0,16,8,8
C0116,28,534,572560,Dharmaram (P.B) (CT),016038, Punjabi,16,8,8,0,0,0,16,8,8
C0116,28,534,572560,Dharmaram (P.B) (CT),020000,20 TAMIL ,14,8,6,0,0,0,14,8,6
C0116,28,534,572560,Dharmaram (P.B) (CT),020027, Tamil,9,5,4,0,0,0,9,5,4
C0116,28,534,572560,Dharmaram (P.B) (CT),020029, Yerukala/Yerukula,5,3,2,0,0,0,5,3,2
C0116,28,534,572560,Dharmaram (P.B) (CT),021000,21 TELUGU ,10667,5318,5349,0,0,0,10667,5318,5349
C0116,28,534,572560,Dharmaram (P.B) (CT),021046, Telugu,10667,5318,5349,0,0,0,10667,5318,5349
C0116,28,534,572560,Dharmaram (P.B) (CT),022000,22 URDU,766,395,371,0,0,0,766,395,371
C0116,28,534,572560,Dharmaram (P.B) (CT),022015, Urdu,766,395,371,0,0,0,766,395,371
C0116,28,535,000000,Medak,001000,1 ASSAMESE,161,132,29,0,0,0,161,132,29
C0116,28,535,000000,Medak,001002, Assamese,161,132,29,0,0,0,161,132,29
C0116,28,535,000000,Medak,002000,2 BENGALI ,1116,715,401,0,0,0,1116,715,401
C0116,28,535,000000,Medak,002007, Bengali,1116,715,401,0,0,0,1116,715,401
C0116,28,535,000000,Medak,004000,4 DOGRI ,9,9,0,0,0,0,9,9,0
C0116,28,535,000000,Medak,004001, Dogri,9,9,0,0,0,0,9,9,0
C0116,28,535,000000,Medak,005000,5 GUJARATI,986,520,466,0,0,0,986,520,466
C0116,28,535,000000,Medak,005018, Gujarati,645,330,315,0,0,0,645,330,315
C0116,28,535,000000,Medak,005057, Saurashtra/Saurashtri,10,6,4,0,0,0,10,6,4
C0116,28,535,000000,Medak,005999,5 Others,331,184,147,0,0,0,331,184,147
C0116,28,535,000000,Medak,006000,6 HINDI ,30152,16675,13477,0,0,0,30152,16675,13477
C0116,28,535,000000,Medak,006066, Banjari,60,26,34,0,0,0,60,26,34
C0116,28,535,000000,Medak,006102, Bhojpuri,1251,779,472,0,0,0,1251,779,472
C0116,28,535,000000,Medak,006125, Bundeli/Bundel khandi,4,3,1,0,0,0,4,3,1
C0116,28,535,000000,Medak,006235, Haryanvi,11,7,4,0,0,0,11,7,4
C0116,28,535,000000,Medak,006240, Hindi,20453,11467,8986,0,0,0,20453,11467,8986
C0116,28,535,000000,Medak,006340, Kumauni,4,3,1,0,0,0,4,3,1
C0116,28,535,000000,Medak,006353, Lamani/Lambadi,6197,3144,3053,0,0,0,6197,3144,3053
C0116,28,535,000000,Medak,006376, Magadhi/Magahi,6,3,3,0,0,0,6,3,3
C0116,28,535,000000,Medak,006400, Marwari,744,401,343,0,0,0,744,401,343
C0116,28,535,000000,Medak,006420, Nagpuria,1,0,1,0,0,0,1,0,1
C0116,28,535,000000,Medak,006439, Pahari,1,1,0,0,0,0,1,1,0
C0116,28,535,000000,Medak,006489, Rajasthani,457,267,190,0,0,0,457,267,190
C0116,28,535,000000,Medak,006503, Sadan/Sadri,1,1,0,0,0,0,1,1,0
C0116,28,535,000000,Medak,006541, Sugali,28,15,13,0,0,0,28,15,13
C0116,28,535,000000,Medak,006999,6 Others,934,558,376,0,0,0,934,558,376
C0116,28,535,000000,Medak,007000,7 KANNADA,7820,3953,3867,0,0,0,7820,3953,3867
C0116,28,535,000000,Medak,007002, Badaga,5,2,3,0,0,0,5,2,3
C0116,28,535,000000,Medak,007016, Kannada,7804,3943,3861,0,0,0,7804,3943,3861
C0116,28,535,000000,Medak,007999,7 Others,11,8,3,0,0,0,11,8,3
C0116,28,535,000000,Medak,008000,8 KASHMIRI ,7,5,2,0,0,0,7,5,2
C0116,28,535,000000,Medak,008005, Kashmiri,7,5,2,0,0,0,7,5,2
C0116,28,535,000000,Medak,009000,9 KONKANI,21,15,6,0,0,0,21,15,6
C0116,28,535,000000,Medak,009011, Konkani,15,10,5,0,0,0,15,10,5
C0116,28,535,000000,Medak,009999,9 Others,6,5,1,0,0,0,6,5,1
C0116,28,535,000000,Medak,010000,10 MAITHILI ,55,28,27,0,0,0,55,28,27
C0116,28,535,000000,Medak,010008, Maithili,55,28,27,0,0,0,55,28,27
C0116,28,535,000000,Medak,011000,11 MALAYALAM,2060,1074,986,0,0,0,2060,1074,986
C0116,28,535,000000,Medak,011016, Malayalam,2060,1074,986,0,0,0,2060,1074,986
C0116,28,535,000000,Medak,012000,12 MANIPURI ,14,8,6,0,0,0,14,8,6
C0116,28,535,000000,Medak,012003, Manipuri,14,8,6,0,0,0,14,8,6
C0116,28,535,000000,Medak,013000,13 MARATHI ,6369,3323,3046,0,0,0,6369,3323,3046
C0116,28,535,000000,Medak,013071, Marathi,6347,3314,3033,0,0,0,6347,3314,3033
C0116,28,535,000000,Medak,013999,13 Others,22,9,13,0,0,0,22,9,13
C0116,28,535,000000,Medak,014000,14 NEPALI ,376,221,155,0,0,0,376,221,155
C0116,28,535,000000,Medak,014011, Nepali,376,221,155,0,0,0,376,221,155
C0116,28,535,000000,Medak,015000,15 ODIA ,6879,4295,2584,0,0,0,6879,4295,2584
C0116,28,535,000000,Medak,015043, Odia,6876,4294,2582,0,0,0,6876,4294,2582
C0116,28,535,000000,Medak,015055, Relli,3,1,2,0,0,0,3,1,2
C0116,28,535,000000,Medak,016000,16 PUNJABI ,574,307,267,0,0,0,574,307,267
C0116,28,535,000000,Medak,016038, Punjabi,574,307,267,0,0,0,574,307,267
C0116,28,535,000000,Medak,017000,17 SANSKRIT ,1,1,0,0,0,0,1,1,0
C0116,28,535,000000,Medak,017002, Sanskrit,1,1,0,0,0,0,1,1,0
C0116,28,535,000000,Medak,018000,18 SANTALI ,7,3,4,0,0,0,7,3,4
C0116,28,535,000000,Medak,018040, Santali,7,3,4,0,0,0,7,3,4
C0116,28,535,000000,Medak,019000,19 SINDHI,36,15,21,0,0,0,36,15,21
C0116,28,535,000000,Medak,019014, Sindhi,35,14,21,0,0,0,35,14,21
C0116,28,535,000000,Medak,019999,19 Others,1,1,0,0,0,0,1,1,0
C0116,28,535,000000,Medak,020000,20 TAMIL ,2602,1401,1201,0,0,0,2602,1401,1201
C0116,28,535,000000,Medak,020027, Tamil,2033,1095,938,0,0,0,2033,1095,938
C0116,28,535,000000,Medak,020029, Yerukala/Yerukula,568,305,263,0,0,0,568,305,263
C0116,28,535,000000,Medak,020999,20 Others,1,1,0,0,0,0,1,1,0
C0116,28,535,000000,Medak,021000,21 TELUGU ,525940,264832,261108,0,0,0,525940,264832,261108
C0116,28,535,000000,Medak,021046, Telugu,525935,264829,261106,0,0,0,525935,264829,261106
C0116,28,535,000000,Medak,021999,21 Others,5,3,2,0,0,0,5,3,2
C0116,28,535,000000,Medak,022000,22 URDU,142090,72382,69708,0,0,0,142090,72382,69708
C0116,28,535,000000,Medak,022015, Urdu,142079,72374,69705,0,0,0,142079,72374,69705
C0116,28,535,000000,Medak,022999,22 Others,11,8,3,0,0,0,11,8,3
C0116,28,535,000000,Medak,026000,26 ANGAMI ,1,0,1,0,0,0,1,0,1
C0116,28,535,000000,Medak,026002, Angami,1,0,1,0,0,0,1,0,1
C0116,28,535,000000,Medak,028000,28 ARABIC/ARBI ,6,3,3,0,0,0,6,3,3
C0116,28,535,000000,Medak,028001, Arabic/Arbi,6,3,3,0,0,0,6,3,3
C0116,28,535,000000,Medak,030000,30 BHILI/BHILODI ,2,1,1,0,0,0,2,1,1
C0116,28,535,000000,Medak,030035, Kokna/Kokni/Kukna,2,1,1,0,0,0,2,1,1
C0116,28,535,000000,Medak,037000,37 COORGI/KODAGU ,4,3,1,0,0,0,4,3,1
C0116,28,535,000000,Medak,037001, Coorgi/Kodagu,4,3,1,0,0,0,4,3,1
C0116,28,535,000000,Medak,040000,40 ENGLISH ,115,57,58,0,0,0,115,57,58
C0116,28,535,000000,Medak,040001, English,115,57,58,0,0,0,115,57,58
C0116,28,535,000000,Medak,044000,44 GONDI,111,59,52,0,0,0,111,59,52
C0116,28,535,000000,Medak,044007, Gondi,99,54,45,0,0,0,99,54,45
C0116,28,535,000000,Medak,044999,44 Others,12,5,7,0,0,0,12,5,7
C0116,28,535,000000,Medak,046000,46 HALAM ,3,1,2,0,0,0,3,1,2
C0116,28,535,000000,Medak,046999,46 Others,3,1,2,0,0,0,3,1,2
C0116,28,535,000000,Medak,053000,53 KHANDESHI,1,1,0,0,0,0,1,1,0
C0116,28,535,000000,Medak,053002, Ahirani,1,1,0,0,0,0,1,1,0
C0116,28,535,000000,Medak,054000,54 KHARIA ,4,3,1,0,0,0,4,3,1
C0116,28,535,000000,Medak,054005, Kharia,4,3,1,0,0,0,4,3,1
C0116,28,535,000000,Medak,059000,59 KINNAURI ,4,1,3,0,0,0,4,1,3
C0116,28,535,000000,Medak,059999,59 Others,4,1,3,0,0,0,4,1,3
C0116,28,535,000000,Medak,068000,68 KORWA ,5,3,2,0,0,0,5,3,2
C0116,28,535,000000,Medak,068999,68 Others ,5,3,2,0,0,0,5,3,2
C0116,28,535,000000,Medak,069000,69 KOYA ,4,3,1,0,0,0,4,3,1
C0116,28,535,000000,Medak,069002, Koya,4,3,1,0,0,0,4,3,1
C0116,28,535,000000,Medak,092000,92 MUNDARI ,4,3,1,0,0,0,4,3,1
C0116,28,535,000000,Medak,092005, Mundari,4,3,1,0,0,0,4,3,1
C0116,28,535,000000,Medak,107000,107 SEMA,1,0,1,0,0,0,1,0,1
C0116,28,535,000000,Medak,107002, Sema,1,0,1,0,0,0,1,0,1
C0116,28,535,000000,Medak,116000,116 TRIPURI ,1,1,0,0,0,0,1,1,0
C0116,28,535,000000,Medak,116007, Kokbarak,1,1,0,0,0,0,1,1,0
C0116,28,535,000000,Medak,117000,117 TULU ,11,5,6,0,0,0,11,5,6
C0116,28,535,000000,Medak,117009, Tulu,10,5,5,0,0,0,10,5,5
C0116,28,535,000000,Medak,117999,117 Others ,1,0,1,0,0,0,1,0,1
C0116,28,535,000000,Medak,124000,124 OTHERS,319,166,153,0,0,0,319,166,153
C0116,28,535,802913,Medak (M + OG),002000,2 BENGALI ,3,3,0,0,0,0,3,3,0
C0116,28,535,802913,Medak (M + OG),002007, Bengali,3,3,0,0,0,0,3,3,0
C0116,28,535,802913,Medak (M + OG),005000,5 GUJARATI,38,24,14,0,0,0,38,24,14
C0116,28,535,802913,Medak (M + OG),005018, Gujarati,25,15,10,0,0,0,25,15,10
C0116,28,535,802913,Medak (M + OG),005999,5 Others,13,9,4,0,0,0,13,9,4
C0116,28,535,802913,Medak (M + OG),006000,6 HINDI ,924,411,513,0,0,0,924,411,513
C0116,28,535,802913,Medak (M + OG),006240, Hindi,275,153,122,0,0,0,275,153,122
C0116,28,535,802913,Medak (M + OG),006353, Lamani/Lambadi,626,243,383,0,0,0,626,243,383
C0116,28,535,802913,Medak (M + OG),006400, Marwari,14,8,6,0,0,0,14,8,6
C0116,28,535,802913,Medak (M + OG),006489, Rajasthani,9,7,2,0,0,0,9,7,2
C0116,28,535,802913,Medak (M + OG),007000,7 KANNADA,112,39,73,0,0,0,112,39,73
C0116,28,535,802913,Medak (M + OG),007016, Kannada,112,39,73,0,0,0,112,39,73
C0116,28,535,802913,Medak (M + OG),011000,11 MALAYALAM,26,12,14,0,0,0,26,12,14
C0116,28,535,802913,Medak (M + OG),011016, Malayalam,26,12,14,0,0,0,26,12,14
C0116,28,535,802913,Medak (M + OG),013000,13 MARATHI ,222,108,114,0,0,0,222,108,114
C0116,28,535,802913,Medak (M + OG),013071, Marathi,222,108,114,0,0,0,222,108,114
C0116,28,535,802913,Medak (M + OG),015000,15 ODIA ,10,5,5,0,0,0,10,5,5
C0116,28,535,802913,Medak (M + OG),015043, Odia,10,5,5,0,0,0,10,5,5
C0116,28,535,802913,Medak (M + OG),016000,16 PUNJABI ,94,43,51,0,0,0,94,43,51
C0116,28,535,802913,Medak (M + OG),016038, Punjabi,94,43,51,0,0,0,94,43,51
C0116,28,535,802913,Medak (M + OG),019000,19 SINDHI,4,1,3,0,0,0,4,1,3
C0116,28,535,802913,Medak (M + OG),019014, Sindhi,4,1,3,0,0,0,4,1,3
C0116,28,535,802913,Medak (M + OG),020000,20 TAMIL ,264,133,131,0,0,0,264,133,131
C0116,28,535,802913,Medak (M + OG),020027, Tamil,13,6,7,0,0,0,13,6,7
C0116,28,535,802913,Medak (M + OG),020029, Yerukala/Yerukula,251,127,124,0,0,0,251,127,124
C0116,28,535,802913,Medak (M + OG),021000,21 TELUGU ,34944,16570,18374,0,0,0,34944,16570,18374
C0116,28,535,802913,Medak (M + OG),021046, Telugu,34944,16570,18374,0,0,0,34944,16570,18374
C0116,28,535,802913,Medak (M + OG),022000,22 URDU,10232,5233,4999,0,0,0,10232,5233,4999
C0116,28,535,802913,Medak (M + OG),022015, Urdu,10232,5233,4999,0,0,0,10232,5233,4999
C0116,28,535,802913,Medak (M + OG),040000,40 ENGLISH ,5,4,1,0,0,0,5,4,1
C0116,28,535,802913,Medak (M + OG),040001, English,5,4,1,0,0,0,5,4,1
C0116,28,535,802913,Medak (M + OG),124000,124 OTHERS,2,0,2,0,0,0,2,0,2
C0116,28,535,802914,Siddipet (M + OG),002000,2 BENGALI ,8,5,3,0,0,0,8,5,3
C0116,28,535,802914,Siddipet (M + OG),002007, Bengali,8,5,3,0,0,0,8,5,3
C0116,28,535,802914,Siddipet (M + OG),005000,5 GUJARATI,57,30,27,0,0,0,57,30,27
C0116,28,535,802914,Siddipet (M + OG),005018, Gujarati,31,18,13,0,0,0,31,18,13
C0116,28,535,802914,Siddipet (M + OG),005999,5 Others,26,12,14,0,0,0,26,12,14
C0116,28,535,802914,Siddipet (M + OG),006000,6 HINDI ,572,323,249,0,0,0,572,323,249
C0116,28,535,802914,Siddipet (M + OG),006066, Banjari,8,3,5,0,0,0,8,3,5
C0116,28,535,802914,Siddipet (M + OG),006240, Hindi,320,181,139,0,0,0,320,181,139
C0116,28,535,802914,Siddipet (M + OG),006353, Lamani/Lambadi,78,49,29,0,0,0,78,49,29
C0116,28,535,802914,Siddipet (M + OG),006400, Marwari,105,54,51,0,0,0,105,54,51
C0116,28,535,802914,Siddipet (M + OG),006489, Rajasthani,39,23,16,0,0,0,39,23,16
C0116,28,535,802914,Siddipet (M + OG),006541, Sugali,1,1,0,0,0,0,1,1,0
C0116,28,535,802914,Siddipet (M + OG),006999,6 Others,21,12,9,0,0,0,21,12,9
C0116,28,535,802914,Siddipet (M + OG),007000,7 KANNADA,38,20,18,0,0,0,38,20,18
C0116,28,535,802914,Siddipet (M + OG),007016, Kannada,38,20,18,0,0,0,38,20,18
C0116,28,535,802914,Siddipet (M + OG),009000,9 KONKANI,1,0,1,0,0,0,1,0,1
C0116,28,535,802914,Siddipet (M + OG),009999,9 Others,1,0,1,0,0,0,1,0,1
C0116,28,535,802914,Siddipet (M + OG),011000,11 MALAYALAM,26,11,15,0,0,0,26,11,15
C0116,28,535,802914,Siddipet (M + OG),011016, Malayalam,26,11,15,0,0,0,26,11,15
C0116,28,535,802914,Siddipet (M + OG),013000,13 MARATHI ,108,61,47,0,0,0,108,61,47
C0116,28,535,802914,Siddipet (M + OG),013071, Marathi,108,61,47,0,0,0,108,61,47
C0116,28,535,802914,Siddipet (M + OG),014000,14 NEPALI ,9,4,5,0,0,0,9,4,5
C0116,28,535,802914,Siddipet (M + OG),014011, Nepali,9,4,5,0,0,0,9,4,5
C0116,28,535,802914,Siddipet (M + OG),015000,15 ODIA ,3,1,2,0,0,0,3,1,2
C0116,28,535,802914,Siddipet (M + OG),015043, Odia,3,1,2,0,0,0,3,1,2
C0116,28,535,802914,Siddipet (M + OG),016000,16 PUNJABI ,42,23,19,0,0,0,42,23,19
C0116,28,535,802914,Siddipet (M + OG),016038, Punjabi,42,23,19,0,0,0,42,23,19
C0116,28,535,802914,Siddipet (M + OG),020000,20 TAMIL ,45,24,21,0,0,0,45,24,21
C0116,28,535,802914,Siddipet (M + OG),020027, Tamil,20,11,9,0,0,0,20,11,9
C0116,28,535,802914,Siddipet (M + OG),020029, Yerukala/Yerukula,25,13,12,0,0,0,25,13,12
C0116,28,535,802914,Siddipet (M + OG),021000,21 TELUGU ,52516,25952,26564,0,0,0,52516,25952,26564
C0116,28,535,802914,Siddipet (M + OG),021046, Telugu,52516,25952,26564,0,0,0,52516,25952,26564
C0116,28,535,802914,Siddipet (M + OG),022000,22 URDU,13270,6691,6579,0,0,0,13270,6691,6579
C0116,28,535,802914,Siddipet (M + OG),022015, Urdu,13270,6691,6579,0,0,0,13270,6691,6579
C0116,28,535,802914,Siddipet (M + OG),028000,28 ARABIC/ARBI ,1,1,0,0,0,0,1,1,0
C0116,28,535,802914,Siddipet (M + OG),028001, Arabic/Arbi,1,1,0,0,0,0,1,1,0
C0116,28,535,802914,Siddipet (M + OG),040000,40 ENGLISH ,6,3,3,0,0,0,6,3,3
C0116,28,535,802914,Siddipet (M + OG),040001, English,6,3,3,0,0,0,6,3,3
C0116,28,535,802914,Siddipet (M + OG),124000,124 OTHERS,35,15,20,0,0,0,35,15,20
C0116,28,535,802915,Zahirabad (M + OG),001000,1 ASSAMESE,3,2,1,0,0,0,3,2,1
C0116,28,535,802915,Zahirabad (M + OG),001002, Assamese,3,2,1,0,0,0,3,2,1
C0116,28,535,802915,Zahirabad (M + OG),002000,2 BENGALI ,13,11,2,0,0,0,13,11,2
C0116,28,535,802915,Zahirabad (M + OG),002007, Bengali,13,11,2,0,0,0,13,11,2
C0116,28,535,802915,Zahirabad (M + OG),005000,5 GUJARATI,8,5,3,0,0,0,8,5,3
C0116,28,535,802915,Zahirabad (M + OG),005018, Gujarati,7,4,3,0,0,0,7,4,3
C0116,28,535,802915,Zahirabad (M + OG),005999,5 Others,1,1,0,0,0,0,1,1,0
C0116,28,535,802915,Zahirabad (M + OG),006000,6 HINDI ,2789,1418,1371,0,0,0,2789,1418,1371
C0116,28,535,802915,Zahirabad (M + OG),006102, Bhojpuri,13,7,6,0,0,0,13,7,6
C0116,28,535,802915,Zahirabad (M + OG),006240, Hindi,1497,745,752,0,0,0,1497,745,752
C0116,28,535,802915,Zahirabad (M + OG),006353, Lamani/Lambadi,1117,578,539,0,0,0,1117,578,539
C0116,28,535,802915,Zahirabad (M + OG),006400, Marwari,141,73,68,0,0,0,141,73,68
C0116,28,535,802915,Zahirabad (M + OG),006489, Rajasthani,17,12,5,0,0,0,17,12,5
C0116,28,535,802915,Zahirabad (M + OG),006541, Sugali,1,1,0,0,0,0,1,1,0
C0116,28,535,802915,Zahirabad (M + OG),006999,6 Others,3,2,1,0,0,0,3,2,1
C0116,28,535,802915,Zahirabad (M + OG),007000,7 KANNADA,2111,1055,1056,0,0,0,2111,1055,1056
C0116,28,535,802915,Zahirabad (M + OG),007016, Kannada,2111,1055,1056,0,0,0,2111,1055,1056
C0116,28,535,802915,Zahirabad (M + OG),009000,9 KONKANI,4,2,2,0,0,0,4,2,2
C0116,28,535,802915,Zahirabad (M + OG),009011, Konkani,4,2,2,0,0,0,4,2,2
C0116,28,535,802915,Zahirabad (M + OG),011000,11 MALAYALAM,35,15,20,0,0,0,35,15,20
C0116,28,535,802915,Zahirabad (M + OG),011016, Malayalam,35,15,20,0,0,0,35,15,20
C0116,28,535,802915,Zahirabad (M + OG),013000,13 MARATHI ,909,464,445,0,0,0,909,464,445
C0116,28,535,802915,Zahirabad (M + OG),013071, Marathi,909,464,445,0,0,0,909,464,445
C0116,28,535,802915,Zahirabad (M + OG),014000,14 NEPALI ,16,13,3,0,0,0,16,13,3
C0116,28,535,802915,Zahirabad (M + OG),014011, Nepali,16,13,3,0,0,0,16,13,3
C0116,28,535,802915,Zahirabad (M + OG),015000,15 ODIA ,15,8,7,0,0,0,15,8,7
C0116,28,535,802915,Zahirabad (M + OG),015043, Odia,15,8,7,0,0,0,15,8,7
C0116,28,535,802915,Zahirabad (M + OG),016000,16 PUNJABI ,19,11,8,0,0,0,19,11,8
C0116,28,535,802915,Zahirabad (M + OG),016038, Punjabi,19,11,8,0,0,0,19,11,8
C0116,28,535,802915,Zahirabad (M + OG),019000,19 SINDHI,1,1,0,0,0,0,1,1,0
C0116,28,535,802915,Zahirabad (M + OG),019014, Sindhi,1,1,0,0,0,0,1,1,0
C0116,28,535,802915,Zahirabad (M + OG),020000,20 TAMIL ,56,29,27,0,0,0,56,29,27
C0116,28,535,802915,Zahirabad (M + OG),020027, Tamil,47,24,23,0,0,0,47,24,23
C0116,28,535,802915,Zahirabad (M + OG),020029, Yerukala/Yerukula,9,5,4,0,0,0,9,5,4
C0116,28,535,802915,Zahirabad (M + OG),021000,21 TELUGU ,32802,16434,16368,0,0,0,32802,16434,16368
C0116,28,535,802915,Zahirabad (M + OG),021046, Telugu,32802,16434,16368,0,0,0,32802,16434,16368
C0116,28,535,802915,Zahirabad (M + OG),022000,22 URDU,32368,16592,15776,0,0,0,32368,16592,15776
C0116,28,535,802915,Zahirabad (M + OG),022015, Urdu,32368,16592,15776,0,0,0,32368,16592,15776
C0116,28,535,802915,Zahirabad (M + OG),040000,40 ENGLISH ,3,2,1,0,0,0,3,2,1
C0116,28,535,802915,Zahirabad (M + OG),040001, English,3,2,1,0,0,0,3,2,1
C0116,28,535,802915,Zahirabad (M + OG),069000,69 KOYA ,2,1,1,0,0,0,2,1,1
C0116,28,535,802915,Zahirabad (M + OG),069002, Koya,2,1,1,0,0,0,2,1,1
C0116,28,535,802915,Zahirabad (M + OG),124000,124 OTHERS,12,6,6,0,0,0,12,6,6
C0116,28,535,802916,Sadasivpet (M + OG),001000,1 ASSAMESE,5,5,0,0,0,0,5,5,0
C0116,28,535,802916,Sadasivpet (M + OG),001002, Assamese,5,5,0,0,0,0,5,5,0
C0116,28,535,802916,Sadasivpet (M + OG),002000,2 BENGALI ,24,14,10,0,0,0,24,14,10
C0116,28,535,802916,Sadasivpet (M + OG),002007, Bengali,24,14,10,0,0,0,24,14,10
C0116,28,535,802916,Sadasivpet (M + OG),005000,5 GUJARATI,96,55,41,0,0,0,96,55,41
C0116,28,535,802916,Sadasivpet (M + OG),005018, Gujarati,3,2,1,0,0,0,3,2,1
C0116,28,535,802916,Sadasivpet (M + OG),005999,5 Others,93,53,40,0,0,0,93,53,40
C0116,28,535,802916,Sadasivpet (M + OG),006000,6 HINDI ,1054,569,485,0,0,0,1054,569,485
C0116,28,535,802916,Sadasivpet (M + OG),006102, Bhojpuri,23,16,7,0,0,0,23,16,7
C0116,28,535,802916,Sadasivpet (M + OG),006240, Hindi,701,374,327,0,0,0,701,374,327
C0116,28,535,802916,Sadasivpet (M + OG),006353, Lamani/Lambadi,137,75,62,0,0,0,137,75,62
C0116,28,535,802916,Sadasivpet (M + OG),006400, Marwari,107,56,51,0,0,0,107,56,51
C0116,28,535,802916,Sadasivpet (M + OG),006489, Rajasthani,17,10,7,0,0,0,17,10,7
C0116,28,535,802916,Sadasivpet (M + OG),006541, Sugali,1,1,0,0,0,0,1,1,0
C0116,28,535,802916,Sadasivpet (M + OG),006999,6 Others,68,37,31,0,0,0,68,37,31
C0116,28,535,802916,Sadasivpet (M + OG),007000,7 KANNADA,507,257,250,0,0,0,507,257,250
C0116,28,535,802916,Sadasivpet (M + OG),007016, Kannada,502,254,248,0,0,0,502,254,248
C0116,28,535,802916,Sadasivpet (M + OG),007999,7 Others,5,3,2,0,0,0,5,3,2
C0116,28,535,802916,Sadasivpet (M + OG),011000,11 MALAYALAM,80,47,33,0,0,0,80,47,33
C0116,28,535,802916,Sadasivpet (M + OG),011016, Malayalam,80,47,33,0,0,0,80,47,33
C0116,28,535,802916,Sadasivpet (M + OG),013000,13 MARATHI ,565,294,271,0,0,0,565,294,271
C0116,28,535,802916,Sadasivpet (M + OG),013071, Marathi,565,294,271,0,0,0,565,294,271
C0116,28,535,802916,Sadasivpet (M + OG),014000,14 NEPALI ,40,21,19,0,0,0,40,21,19
C0116,28,535,802916,Sadasivpet (M + OG),014011, Nepali,40,21,19,0,0,0,40,21,19
C0116,28,535,802916,Sadasivpet (M + OG),015000,15 ODIA ,20,14,6,0,0,0,20,14,6
C0116,28,535,802916,Sadasivpet (M + OG),015043, Odia,20,14,6,0,0,0,20,14,6
C0116,28,535,802916,Sadasivpet (M + OG),016000,16 PUNJABI ,19,10,9,0,0,0,19,10,9
C0116,28,535,802916,Sadasivpet (M + OG),016038, Punjabi,19,10,9,0,0,0,19,10,9
C0116,28,535,802916,Sadasivpet (M + OG),020000,20 TAMIL ,95,58,37,0,0,0,95,58,37
C0116,28,535,802916,Sadasivpet (M + OG),020027, Tamil,47,23,24,0,0,0,47,23,24
C0116,28,535,802916,Sadasivpet (M + OG),020029, Yerukala/Yerukula,48,35,13,0,0,0,48,35,13
C0116,28,535,802916,Sadasivpet (M + OG),021000,21 TELUGU ,32138,16221,15917,0,0,0,32138,16221,15917
C0116,28,535,802916,Sadasivpet (M + OG),021046, Telugu,32138,16221,15917,0,0,0,32138,16221,15917
C0116,28,535,802916,Sadasivpet (M + OG),022000,22 URDU,13247,6770,6477,0,0,0,13247,6770,6477
C0116,28,535,802916,Sadasivpet (M + OG),022015, Urdu,13246,6770,6476,0,0,0,13246,6770,6476
C0116,28,535,802916,Sadasivpet (M + OG),022999,22 Others,1,0,1,0,0,0,1,0,1
C0116,28,535,802916,Sadasivpet (M + OG),040000,40 ENGLISH ,2,1,1,0,0,0,2,1,1
C0116,28,535,802916,Sadasivpet (M + OG),040001, English,2,1,1,0,0,0,2,1,1
C0116,28,535,802916,Sadasivpet (M + OG),124000,124 OTHERS,28,11,17,0,0,0,28,11,17
C0116,28,535,802917,Sangareddy (M + OG),002000,2 BENGALI ,30,18,12,0,0,0,30,18,12
C0116,28,535,802917,Sangareddy (M + OG),002007, Bengali,30,18,12,0,0,0,30,18,12
C0116,28,535,802917,Sangareddy (M + OG),005000,5 GUJARATI,92,48,44,0,0,0,92,48,44
C0116,28,535,802917,Sangareddy (M + OG),005018, Gujarati,22,10,12,0,0,0,22,10,12
C0116,28,535,802917,Sangareddy (M + OG),005999,5 Others,70,38,32,0,0,0,70,38,32
C0116,28,535,802917,Sangareddy (M + OG),006000,6 HINDI ,1855,902,953,0,0,0,1855,902,953
C0116,28,535,802917,Sangareddy (M + OG),006240, Hindi,948,494,454,0,0,0,948,494,454
C0116,28,535,802917,Sangareddy (M + OG),006353, Lamani/Lambadi,813,362,451,0,0,0,813,362,451
C0116,28,535,802917,Sangareddy (M + OG),006400, Marwari,25,15,10,0,0,0,25,15,10
C0116,28,535,802917,Sangareddy (M + OG),006489, Rajasthani,30,14,16,0,0,0,30,14,16
C0116,28,535,802917,Sangareddy (M + OG),006999,6 Others,39,17,22,0,0,0,39,17,22
C0116,28,535,802917,Sangareddy (M + OG),007000,7 KANNADA,590,302,288,0,0,0,590,302,288
C0116,28,535,802917,Sangareddy (M + OG),007016, Kannada,588,301,287,0,0,0,588,301,287
C0116,28,535,802917,Sangareddy (M + OG),007999,7 Others,2,1,1,0,0,0,2,1,1
C0116,28,535,802917,Sangareddy (M + OG),010000,10 MAITHILI ,5,2,3,0,0,0,5,2,3
C0116,28,535,802917,Sangareddy (M + OG),010008, Maithili,5,2,3,0,0,0,5,2,3
C0116,28,535,802917,Sangareddy (M + OG),011000,11 MALAYALAM,72,33,39,0,0,0,72,33,39
C0116,28,535,802917,Sangareddy (M + OG),011016, Malayalam,72,33,39,0,0,0,72,33,39
C0116,28,535,802917,Sangareddy (M + OG),013000,13 MARATHI ,582,303,279,0,0,0,582,303,279
C0116,28,535,802917,Sangareddy (M + OG),013071, Marathi,582,303,279,0,0,0,582,303,279
C0116,28,535,802917,Sangareddy (M + OG),014000,14 NEPALI ,21,13,8,0,0,0,21,13,8
C0116,28,535,802917,Sangareddy (M + OG),014011, Nepali,21,13,8,0,0,0,21,13,8
C0116,28,535,802917,Sangareddy (M + OG),015000,15 ODIA ,25,15,10,0,0,0,25,15,10
C0116,28,535,802917,Sangareddy (M + OG),015043, Odia,25,15,10,0,0,0,25,15,10
C0116,28,535,802917,Sangareddy (M + OG),016000,16 PUNJABI ,61,32,29,0,0,0,61,32,29
C0116,28,535,802917,Sangareddy (M + OG),016038, Punjabi,61,32,29,0,0,0,61,32,29
C0116,28,535,802917,Sangareddy (M + OG),020000,20 TAMIL ,92,53,39,0,0,0,92,53,39
C0116,28,535,802917,Sangareddy (M + OG),020027, Tamil,92,53,39,0,0,0,92,53,39
C0116,28,535,802917,Sangareddy (M + OG),021000,21 TELUGU ,43930,22328,21602,0,0,0,43930,22328,21602
C0116,28,535,802917,Sangareddy (M + OG),021046, Telugu,43930,22328,21602,0,0,0,43930,22328,21602
C0116,28,535,802917,Sangareddy (M + OG),022000,22 URDU,24932,12632,12300,0,0,0,24932,12632,12300
C0116,28,535,802917,Sangareddy (M + OG),022015, Urdu,24932,12632,12300,0,0,0,24932,12632,12300
C0116,28,535,802917,Sangareddy (M + OG),040000,40 ENGLISH ,16,8,8,0,0,0,16,8,8
C0116,28,535,802917,Sangareddy (M + OG),040001, English,16,8,8,0,0,0,16,8,8
C0116,28,535,802917,Sangareddy (M + OG),124000,124 OTHERS,41,17,24,0,0,0,41,17,24
C0116,28,535,802918,GHMC (M Corp. + OG) (Part),001000,1 ASSAMESE,9,5,4,0,0,0,9,5,4
C0116,28,535,802918,GHMC (M Corp. + OG) (Part),001002, Assamese,9,5,4,0,0,0,9,5,4
C0116,28,535,802918,GHMC (M Corp. + OG) (Part),002000,2 BENGALI ,112,63,49,0,0,0,112,63,49
C0116,28,535,802918,GHMC (M Corp. + OG) (Part),002007, Bengali,112,63,49,0,0,0,112,63,49
C0116,28,535,802918,GHMC (M Corp. + OG) (Part),005000,5 GUJARATI,31,16,15,0,0,0,31,16,15
C0116,28,535,802918,GHMC (M Corp. + OG) (Part),005018, Gujarati,20,10,10,0,0,0,20,10,10
C0116,28,535,802918,GHMC (M Corp. + OG) (Part),005999,5 Others,11,6,5,0,0,0,11,6,5
C0116,28,535,802918,GHMC (M Corp. + OG) (Part),006000,6 HINDI ,3622,1993,1629,0,0,0,3622,1993,1629
C0116,28,535,802918,GHMC (M Corp. + OG) (Part),006066, Banjari,6,3,3,0,0,0,6,3,3
C0116,28,535,802918,GHMC (M Corp. + OG) (Part),006102, Bhojpuri,122,68,54,0,0,0,122,68,54
C0116,28,535,802918,GHMC (M Corp. + OG) (Part),006125, Bundeli/Bundel khandi,4,3,1,0,0,0,4,3,1
C0116,28,535,802918,GHMC (M Corp. + OG) (Part),006235, Haryanvi,5,3,2,0,0,0,5,3,2
C0116,28,535,802918,GHMC (M Corp. + OG) (Part),006240, Hindi,2932,1629,1303,0,0,0,2932,1629,1303
C0116,28,535,802918,GHMC (M Corp. + OG) (Part),006353, Lamani/Lambadi,343,176,167,0,0,0,343,176,167
C0116,28,535,802918,GHMC (M Corp. + OG) (Part),006400, Marwari,66,35,31,0,0,0,66,35,31
C0116,28,535,802918,GHMC (M Corp. + OG) (Part),006489, Rajasthani,59,34,25,0,0,0,59,34,25
C0116,28,535,802918,GHMC (M Corp. + OG) (Part),006541, Sugali,1,0,1,0,0,0,1,0,1
C0116,28,535,802918,GHMC (M Corp. + OG) (Part),006999,6 Others,84,42,42,0,0,0,84,42,42
C0116,28,535,802918,GHMC (M Corp. + OG) (Part),007000,7 KANNADA,605,320,285,0,0,0,605,320,285
C0116,28,535,802918,GHMC (M Corp. + OG) (Part),007016, Kannada,605,320,285,0,0,0,605,320,285
C0116,28,535,802918,GHMC (M Corp. + OG) (Part),010000,10 MAITHILI ,3,2,1,0,0,0,3,2,1
C0116,28,535,802918,GHMC (M Corp. + OG) (Part),010008, Maithili,3,2,1,0,0,0,3,2,1
C0116,28,535,802918,GHMC (M Corp. + OG) (Part),011000,11 MALAYALAM,341,170,171,0,0,0,341,170,171
C0116,28,535,802918,GHMC (M Corp. + OG) (Part),011016, Malayalam,341,170,171,0,0,0,341,170,171
C0116,28,535,802918,GHMC (M Corp. + OG) (Part),012000,12 MANIPURI ,6,4,2,0,0,0,6,4,2
C0116,28,535,802918,GHMC (M Corp. + OG) (Part),012003, Manipuri,6,4,2,0,0,0,6,4,2
C0116,28,535,802918,GHMC (M Corp. + OG) (Part),013000,13 MARATHI ,632,320,312,0,0,0,632,320,312
C0116,28,535,802918,GHMC (M Corp. + OG) (Part),013071, Marathi,632,320,312,0,0,0,632,320,312
C0116,28,535,802918,GHMC (M Corp. + OG) (Part),014000,14 NEPALI ,37,23,14,0,0,0,37,23,14
C0116,28,535,802918,GHMC (M Corp. + OG) (Part),014011, Nepali,37,23,14,0,0,0,37,23,14
C0116,28,535,802918,GHMC (M Corp. + OG) (Part),015000,15 ODIA ,744,469,275,0,0,0,744,469,275
C0116,28,535,802918,GHMC (M Corp. + OG) (Part),015043, Odia,743,468,275,0,0,0,743,468,275
C0116,28,535,802918,GHMC (M Corp. + OG) (Part),015055, Relli,1,1,0,0,0,0,1,1,0
C0116,28,535,802918,GHMC (M Corp. + OG) (Part),016000,16 PUNJABI ,36,18,18,0,0,0,36,18,18
C0116,28,535,802918,GHMC (M Corp. + OG) (Part),016038, Punjabi,36,18,18,0,0,0,36,18,18
C0116,28,535,802918,GHMC (M Corp. + OG) (Part),020000,20 TAMIL ,193,89,104,0,0,0,193,89,104
C0116,28,535,802918,GHMC (M Corp. + OG) (Part),020027, Tamil,187,86,101,0,0,0,187,86,101
C0116,28,535,802918,GHMC (M Corp. + OG) (Part),020029, Yerukala/Yerukula,6,3,3,0,0,0,6,3,3
C0116,28,535,802918,GHMC (M Corp. + OG) (Part),021000,21 TELUGU ,34117,17525,16592,0,0,0,34117,17525,16592
C0116,28,535,802918,GHMC (M Corp. + OG) (Part),021046, Telugu,34117,17525,16592,0,0,0,34117,17525,16592
C0116,28,535,802918,GHMC (M Corp. + OG) (Part),022000,22 URDU,5749,2943,2806,0,0,0,5749,2943,2806
C0116,28,535,802918,GHMC (M Corp. + OG) (Part),022015, Urdu,5747,2942,2805,0,0,0,5747,2942,2805
C0116,28,535,802918,GHMC (M Corp. + OG) (Part),022999,22 Others,2,1,1,0,0,0,2,1,1
C0116,28,535,802918,GHMC (M Corp. + OG) (Part),028000,28 ARABIC/ARBI ,5,2,3,0,0,0,5,2,3
C0116,28,535,802918,GHMC (M Corp. + OG) (Part),028001, Arabic/Arbi,5,2,3,0,0,0,5,2,3
C0116,28,535,802918,GHMC (M Corp. + OG) (Part),040000,40 ENGLISH ,3,2,1,0,0,0,3,2,1
C0116,28,535,802918,GHMC (M Corp. + OG) (Part),040001, English,3,2,1,0,0,0,3,2,1
C0116,28,535,802918,GHMC (M Corp. + OG) (Part),044000,44 GONDI,4,3,1,0,0,0,4,3,1
C0116,28,535,802918,GHMC (M Corp. + OG) (Part),044007, Gondi,4,3,1,0,0,0,4,3,1
C0116,28,535,802918,GHMC (M Corp. + OG) (Part),124000,124 OTHERS,6,4,2,0,0,0,6,4,2
C0116,28,535,802918,GHMC (M Corp. + OG) (Part),001000,1 ASSAMESE,13,10,3,0,0,0,13,10,3
C0116,28,535,802918,GHMC (M Corp. + OG) (Part),001002, Assamese,13,10,3,0,0,0,13,10,3
C0116,28,535,802918,GHMC (M Corp. + OG) (Part),002000,2 BENGALI ,249,176,73,0,0,0,249,176,73
C0116,28,535,802918,GHMC (M Corp. + OG) (Part),002007, Bengali,249,176,73,0,0,0,249,176,73
C0116,28,535,802918,GHMC (M Corp. + OG) (Part),005000,5 GUJARATI,409,211,198,0,0,0,409,211,198
C0116,28,535,802918,GHMC (M Corp. + OG) (Part),005018, Gujarati,371,189,182,0,0,0,371,189,182
C0116,28,535,802918,GHMC (M Corp. + OG) (Part),005057, Saurashtra/Saurashtri,6,3,3,0,0,0,6,3,3
C0116,28,535,802918,GHMC (M Corp. + OG) (Part),005999,5 Others,32,19,13,0,0,0,32,19,13
C0116,28,535,802918,GHMC (M Corp. + OG) (Part),006000,6 HINDI ,4202,2275,1927,0,0,0,4202,2275,1927
C0116,28,535,802918,GHMC (M Corp. + OG) (Part),006066, Banjari,5,2,3,0,0,0,5,2,3
C0116,28,535,802918,GHMC (M Corp. + OG) (Part),006102, Bhojpuri,192,115,77,0,0,0,192,115,77
C0116,28,535,802918,GHMC (M Corp. + OG) (Part),006235, Haryanvi,3,2,1,0,0,0,3,2,1
C0116,28,535,802918,GHMC (M Corp. + OG) (Part),006240, Hindi,2916,1565,1351,0,0,0,2916,1565,1351
C0116,28,535,802918,GHMC (M Corp. + OG) (Part),006340, Kumauni,4,3,1,0,0,0,4,3,1
C0116,28,535,802918,GHMC (M Corp. + OG) (Part),006353, Lamani/Lambadi,752,397,355,0,0,0,752,397,355
C0116,28,535,802918,GHMC (M Corp. + OG) (Part),006400, Marwari,79,43,36,0,0,0,79,43,36
C0116,28,535,802918,GHMC (M Corp. + OG) (Part),006489, Rajasthani,84,45,39,0,0,0,84,45,39
C0116,28,535,802918,GHMC (M Corp. + OG) (Part),006541, Sugali,4,2,2,0,0,0,4,2,2
C0116,28,535,802918,GHMC (M Corp. + OG) (Part),006999,6 Others,163,101,62,0,0,0,163,101,62
C0116,28,535,802918,GHMC (M Corp. + OG) (Part),007000,7 KANNADA,1382,717,665,0,0,0,1382,717,665
C0116,28,535,802918,GHMC (M Corp. + OG) (Part),007016, Kannada,1382,717,665,0,0,0,1382,717,665
C0116,28,535,802918,GHMC (M Corp. + OG) (Part),008000,8 KASHMIRI ,2,2,0,0,0,0,2,2,0
C0116,28,535,802918,GHMC (M Corp. + OG) (Part),008005, Kashmiri,2,2,0,0,0,0,2,2,0
C0116,28,535,802918,GHMC (M Corp. + OG) (Part),009000,9 KONKANI,6,4,2,0,0,0,6,4,2
C0116,28,535,802918,GHMC (M Corp. + OG) (Part),009011, Konkani,6,4,2,0,0,0,6,4,2
C0116,28,535,802918,GHMC (M Corp. + OG) (Part),010000,10 MAITHILI ,9,3,6,0,0,0,9,3,6
C0116,28,535,802918,GHMC (M Corp. + OG) (Part),010008, Maithili,9,3,6,0,0,0,9,3,6
C0116,28,535,802918,GHMC (M Corp. + OG) (Part),011000,11 MALAYALAM,646,334,312,0,0,0,646,334,312
C0116,28,535,802918,GHMC (M Corp. + OG) (Part),011016, Malayalam,646,334,312,0,0,0,646,334,312
C0116,28,535,802918,GHMC (M Corp. + OG) (Part),012000,12 MANIPURI ,1,0,1,0,0,0,1,0,1
C0116,28,535,802918,GHMC (M Corp. + OG) (Part),012003, Manipuri,1,0,1,0,0,0,1,0,1
C0116,28,535,802918,GHMC (M Corp. + OG) (Part),013000,13 MARATHI ,938,484,454,0,0,0,938,484,454
C0116,28,535,802918,GHMC (M Corp. + OG) (Part),013071, Marathi,938,484,454,0,0,0,938,484,454
C0116,28,535,802918,GHMC (M Corp. + OG) (Part),014000,14 NEPALI ,65,38,27,0,0,0,65,38,27
C0116,28,535,802918,GHMC (M Corp. + OG) (Part),014011, Nepali,65,38,27,0,0,0,65,38,27
C0116,28,535,802918,GHMC (M Corp. + OG) (Part),015000,15 ODIA ,554,349,205,0,0,0,554,349,205
C0116,28,535,802918,GHMC (M Corp. + OG) (Part),015043, Odia,554,349,205,0,0,0,554,349,205
C0116,28,535,802918,GHMC (M Corp. + OG) (Part),016000,16 PUNJABI ,118,60,58,0,0,0,118,60,58
C0116,28,535,802918,GHMC (M Corp. + OG) (Part),016038, Punjabi,118,60,58,0,0,0,118,60,58
C0116,28,535,802918,GHMC (M Corp. + OG) (Part),017000,17 SANSKRIT ,1,1,0,0,0,0,1,1,0
C0116,28,535,802918,GHMC (M Corp. + OG) (Part),017002, Sanskrit,1,1,0,0,0,0,1,1,0
C0116,28,535,802918,GHMC (M Corp. + OG) (Part),020000,20 TAMIL ,497,252,245,0,0,0,497,252,245
C0116,28,535,802918,GHMC (M Corp. + OG) (Part),020027, Tamil,489,249,240,0,0,0,489,249,240
C0116,28,535,802918,GHMC (M Corp. + OG) (Part),020029, Yerukala/Yerukula,8,3,5,0,0,0,8,3,5
C0116,28,535,802918,GHMC (M Corp. + OG) (Part),021000,21 TELUGU ,72859,36862,35997,0,0,0,72859,36862,35997
C0116,28,535,802918,GHMC (M Corp. + OG) (Part),021046, Telugu,72859,36862,35997,0,0,0,72859,36862,35997
C0116,28,535,802918,GHMC (M Corp. + OG) (Part),022000,22 URDU,9797,4989,4808,0,0,0,9797,4989,4808
C0116,28,535,802918,GHMC (M Corp. + OG) (Part),022015, Urdu,9797,4989,4808,0,0,0,9797,4989,4808
C0116,28,535,802918,GHMC (M Corp. + OG) (Part),040000,40 ENGLISH ,39,18,21,0,0,0,39,18,21
C0116,28,535,802918,GHMC (M Corp. + OG) (Part),040001, English,39,18,21,0,0,0,39,18,21
C0116,28,535,802918,GHMC (M Corp. + OG) (Part),046000,46 HALAM ,3,1,2,0,0,0,3,1,2
C0116,28,535,802918,GHMC (M Corp. + OG) (Part),046999,46 Others,3,1,2,0,0,0,3,1,2
C0116,28,535,802918,GHMC (M Corp. + OG) (Part),054000,54 KHARIA ,4,3,1,0,0,0,4,3,1
C0116,28,535,802918,GHMC (M Corp. + OG) (Part),054005, Kharia,4,3,1,0,0,0,4,3,1
C0116,28,535,802918,GHMC (M Corp. + OG) (Part),117000,117 TULU ,4,3,1,0,0,0,4,3,1
C0116,28,535,802918,GHMC (M Corp. + OG) (Part),117009, Tulu,4,3,1,0,0,0,4,3,1
C0116,28,535,802918,GHMC (M Corp. + OG) (Part),124000,124 OTHERS,29,17,12,0,0,0,29,17,12
C0116,28,535,572812,Narayankhed (CT),002000,2 BENGALI ,3,3,0,0,0,0,3,3,0
C0116,28,535,572812,Narayankhed (CT),002007, Bengali,3,3,0,0,0,0,3,3,0
C0116,28,535,572812,Narayankhed (CT),005000,5 GUJARATI,5,3,2,0,0,0,5,3,2
C0116,28,535,572812,Narayankhed (CT),005018, Gujarati,4,2,2,0,0,0,4,2,2
C0116,28,535,572812,Narayankhed (CT),005999,5 Others,1,1,0,0,0,0,1,1,0
C0116,28,535,572812,Narayankhed (CT),006000,6 HINDI ,1123,576,547,0,0,0,1123,576,547
C0116,28,535,572812,Narayankhed (CT),006240, Hindi,643,323,320,0,0,0,643,323,320
C0116,28,535,572812,Narayankhed (CT),006353, Lamani/Lambadi,453,236,217,0,0,0,453,236,217
C0116,28,535,572812,Narayankhed (CT),006400, Marwari,18,12,6,0,0,0,18,12,6
C0116,28,535,572812,Narayankhed (CT),006489, Rajasthani,8,5,3,0,0,0,8,5,3
C0116,28,535,572812,Narayankhed (CT),006541, Sugali,1,0,1,0,0,0,1,0,1
C0116,28,535,572812,Narayankhed (CT),007000,7 KANNADA,617,295,322,0,0,0,617,295,322
C0116,28,535,572812,Narayankhed (CT),007016, Kannada,617,295,322,0,0,0,617,295,322
C0116,28,535,572812,Narayankhed (CT),011000,11 MALAYALAM,12,7,5,0,0,0,12,7,5
C0116,28,535,572812,Narayankhed (CT),011016, Malayalam,12,7,5,0,0,0,12,7,5
C0116,28,535,572812,Narayankhed (CT),013000,13 MARATHI ,542,291,251,0,0,0,542,291,251
C0116,28,535,572812,Narayankhed (CT),013071, Marathi,542,291,251,0,0,0,542,291,251
C0116,28,535,572812,Narayankhed (CT),015000,15 ODIA ,7,4,3,0,0,0,7,4,3
C0116,28,535,572812,Narayankhed (CT),015043, Odia,7,4,3,0,0,0,7,4,3
C0116,28,535,572812,Narayankhed (CT),020000,20 TAMIL ,1,0,1,0,0,0,1,0,1
C0116,28,535,572812,Narayankhed (CT),020029, Yerukala/Yerukula,1,0,1,0,0,0,1,0,1
C0116,28,535,572812,Narayankhed (CT),021000,21 TELUGU ,8520,4333,4187,0,0,0,8520,4333,4187
C0116,28,535,572812,Narayankhed (CT),021046, Telugu,8520,4333,4187,0,0,0,8520,4333,4187
C0116,28,535,572812,Narayankhed (CT),022000,22 URDU,4777,2448,2329,0,0,0,4777,2448,2329
C0116,28,535,572812,Narayankhed (CT),022015, Urdu,4777,2448,2329,0,0,0,4777,2448,2329
C0116,28,535,572812,Narayankhed (CT),040000,40 ENGLISH ,3,3,0,0,0,0,3,3,0
C0116,28,535,572812,Narayankhed (CT),040001, English,3,3,0,0,0,0,3,3,0
C0116,28,535,572862,Shankarampet (A) (CT),006000,6 HINDI ,140,67,73,0,0,0,140,67,73
C0116,28,535,572862,Shankarampet (A) (CT),006240, Hindi,125,57,68,0,0,0,125,57,68
C0116,28,535,572862,Shankarampet (A) (CT),006353, Lamani/Lambadi,14,9,5,0,0,0,14,9,5
C0116,28,535,572862,Shankarampet (A) (CT),006541, Sugali,1,1,0,0,0,0,1,1,0
C0116,28,535,572862,Shankarampet (A) (CT),007000,7 KANNADA,13,3,10,0,0,0,13,3,10
C0116,28,535,572862,Shankarampet (A) (CT),007016, Kannada,13,3,10,0,0,0,13,3,10
C0116,28,535,572862,Shankarampet (A) (CT),011000,11 MALAYALAM,5,2,3,0,0,0,5,2,3
C0116,28,535,572862,Shankarampet (A) (CT),011016, Malayalam,5,2,3,0,0,0,5,2,3
C0116,28,535,572862,Shankarampet (A) (CT),013000,13 MARATHI ,99,44,55,0,0,0,99,44,55
C0116,28,535,572862,Shankarampet (A) (CT),013071, Marathi,99,44,55,0,0,0,99,44,55
C0116,28,535,572862,Shankarampet (A) (CT),014000,14 NEPALI ,4,3,1,0,0,0,4,3,1
C0116,28,535,572862,Shankarampet (A) (CT),014011, Nepali,4,3,1,0,0,0,4,3,1
C0116,28,535,572862,Shankarampet (A) (CT),021000,21 TELUGU ,5263,2643,2620,0,0,0,5263,2643,2620
C0116,28,535,572862,Shankarampet (A) (CT),021046, Telugu,5263,2643,2620,0,0,0,5263,2643,2620
C0116,28,535,572862,Shankarampet (A) (CT),022000,22 URDU,703,343,360,0,0,0,703,343,360
C0116,28,535,572862,Shankarampet (A) (CT),022015, Urdu,703,343,360,0,0,0,703,343,360
C0116,28,535,572997,Siddipet (CT),005000,5 GUJARATI,30,15,15,0,0,0,30,15,15
C0116,28,535,572997,Siddipet (CT),005018, Gujarati,27,13,14,0,0,0,27,13,14
C0116,28,535,572997,Siddipet (CT),005999,5 Others,3,2,1,0,0,0,3,2,1
C0116,28,535,572997,Siddipet (CT),006000,6 HINDI ,331,166,165,0,0,0,331,166,165
C0116,28,535,572997,Siddipet (CT),006240, Hindi,252,129,123,0,0,0,252,129,123
C0116,28,535,572997,Siddipet (CT),006353, Lamani/Lambadi,66,27,39,0,0,0,66,27,39
C0116,28,535,572997,Siddipet (CT),006400, Marwari,7,4,3,0,0,0,7,4,3
C0116,28,535,572997,Siddipet (CT),006489, Rajasthani,5,5,0,0,0,0,5,5,0
C0116,28,535,572997,Siddipet (CT),006541, Sugali,1,1,0,0,0,0,1,1,0
C0116,28,535,572997,Siddipet (CT),007000,7 KANNADA,12,3,9,0,0,0,12,3,9
C0116,28,535,572997,Siddipet (CT),007016, Kannada,12,3,9,0,0,0,12,3,9
C0116,28,535,572997,Siddipet (CT),011000,11 MALAYALAM,9,3,6,0,0,0,9,3,6
C0116,28,535,572997,Siddipet (CT),011016, Malayalam,9,3,6,0,0,0,9,3,6
C0116,28,535,572997,Siddipet (CT),013000,13 MARATHI ,48,29,19,0,0,0,48,29,19
C0116,28,535,572997,Siddipet (CT),013071, Marathi,48,29,19,0,0,0,48,29,19
C0116,28,535,572997,Siddipet (CT),014000,14 NEPALI ,3,2,1,0,0,0,3,2,1
C0116,28,535,572997,Siddipet (CT),014011, Nepali,3,2,1,0,0,0,3,2,1
C0116,28,535,572997,Siddipet (CT),015000,15 ODIA ,38,22,16,0,0,0,38,22,16
C0116,28,535,572997,Siddipet (CT),015043, Odia,38,22,16,0,0,0,38,22,16
C0116,28,535,572997,Siddipet (CT),020000,20 TAMIL ,143,72,71,0,0,0,143,72,71
C0116,28,535,572997,Siddipet (CT),020027, Tamil,45,20,25,0,0,0,45,20,25
C0116,28,535,572997,Siddipet (CT),020029, Yerukala/Yerukula,98,52,46,0,0,0,98,52,46
C0116,28,535,572997,Siddipet (CT),021000,21 TELUGU ,35650,17807,17843,0,0,0,35650,17807,17843
C0116,28,535,572997,Siddipet (CT),021046, Telugu,35645,17804,17841,0,0,0,35645,17804,17841
C0116,28,535,572997,Siddipet (CT),021999,21 Others,5,3,2,0,0,0,5,3,2
C0116,28,535,572997,Siddipet (CT),022000,22 URDU,4428,2175,2253,0,0,0,4428,2175,2253
C0116,28,535,572997,Siddipet (CT),022015, Urdu,4428,2175,2253,0,0,0,4428,2175,2253
C0116,28,535,572997,Siddipet (CT),040000,40 ENGLISH ,3,1,2,0,0,0,3,1,2
C0116,28,535,572997,Siddipet (CT),040001, English,3,1,2,0,0,0,3,1,2
C0116,28,535,572997,Siddipet (CT),044000,44 GONDI,8,4,4,0,0,0,8,4,4
C0116,28,535,572997,Siddipet (CT),044999,44 Others,8,4,4,0,0,0,8,4,4
C0116,28,535,572997,Siddipet (CT),124000,124 OTHERS,4,3,1,0,0,0,4,3,1
C0116,28,535,572998,Narsapur (CT),006000,6 HINDI ,33,16,17,0,0,0,33,16,17
C0116,28,535,572998,Narsapur (CT),006102, Bhojpuri,4,2,2,0,0,0,4,2,2
C0116,28,535,572998,Narsapur (CT),006240, Hindi,25,12,13,0,0,0,25,12,13
C0116,28,535,572998,Narsapur (CT),006353, Lamani/Lambadi,4,2,2,0,0,0,4,2,2
C0116,28,535,572998,Narsapur (CT),011000,11 MALAYALAM,3,2,1,0,0,0,3,2,1
C0116,28,535,572998,Narsapur (CT),011016, Malayalam,3,2,1,0,0,0,3,2,1
C0116,28,535,572998,Narsapur (CT),013000,13 MARATHI ,18,7,11,0,0,0,18,7,11
C0116,28,535,572998,Narsapur (CT),013071, Marathi,18,7,11,0,0,0,18,7,11
C0116,28,535,572998,Narsapur (CT),015000,15 ODIA ,2,2,0,0,0,0,2,2,0
C0116,28,535,572998,Narsapur (CT),015043, Odia,2,2,0,0,0,0,2,2,0
C0116,28,535,572998,Narsapur (CT),020000,20 TAMIL ,45,25,20,0,0,0,45,25,20
C0116,28,535,572998,Narsapur (CT),020027, Tamil,19,11,8,0,0,0,19,11,8
C0116,28,535,572998,Narsapur (CT),020029, Yerukala/Yerukula,26,14,12,0,0,0,26,14,12
C0116,28,535,572998,Narsapur (CT),021000,21 TELUGU ,6220,3093,3127,0,0,0,6220,3093,3127
C0116,28,535,572998,Narsapur (CT),021046, Telugu,6220,3093,3127,0,0,0,6220,3093,3127
C0116,28,535,572998,Narsapur (CT),022000,22 URDU,298,144,154,0,0,0,298,144,154
C0116,28,535,572998,Narsapur (CT),022015, Urdu,298,144,154,0,0,0,298,144,154
C0116,28,535,572998,Narsapur (CT),068000,68 KORWA ,5,3,2,0,0,0,5,3,2
C0116,28,535,572998,Narsapur (CT),068999,68 Others ,5,3,2,0,0,0,5,3,2
C0116,28,535,572998,Narsapur (CT),124000,124 OTHERS,23,11,12,0,0,0,23,11,12
C0116,28,535,573158,Chegunta (CT),005000,5 GUJARATI,24,10,14,0,0,0,24,10,14
C0116,28,535,573158,Chegunta (CT),005018, Gujarati,24,10,14,0,0,0,24,10,14
C0116,28,535,573158,Chegunta (CT),006000,6 HINDI ,122,66,56,0,0,0,122,66,56
C0116,28,535,573158,Chegunta (CT),006066, Banjari,2,1,1,0,0,0,2,1,1
C0116,28,535,573158,Chegunta (CT),006102, Bhojpuri,1,1,0,0,0,0,1,1,0
C0116,28,535,573158,Chegunta (CT),006240, Hindi,100,55,45,0,0,0,100,55,45
C0116,28,535,573158,Chegunta (CT),006353, Lamani/Lambadi,12,5,7,0,0,0,12,5,7
C0116,28,535,573158,Chegunta (CT),006489, Rajasthani,7,4,3,0,0,0,7,4,3
C0116,28,535,573158,Chegunta (CT),007000,7 KANNADA,18,9,9,0,0,0,18,9,9
C0116,28,535,573158,Chegunta (CT),007016, Kannada,18,9,9,0,0,0,18,9,9
C0116,28,535,573158,Chegunta (CT),010000,10 MAITHILI ,5,2,3,0,0,0,5,2,3
C0116,28,535,573158,Chegunta (CT),010008, Maithili,5,2,3,0,0,0,5,2,3
C0116,28,535,573158,Chegunta (CT),011000,11 MALAYALAM,3,1,2,0,0,0,3,1,2
C0116,28,535,573158,Chegunta (CT),011016, Malayalam,3,1,2,0,0,0,3,1,2
C0116,28,535,573158,Chegunta (CT),013000,13 MARATHI ,18,11,7,0,0,0,18,11,7
C0116,28,535,573158,Chegunta (CT),013071, Marathi,18,11,7,0,0,0,18,11,7
C0116,28,535,573158,Chegunta (CT),014000,14 NEPALI ,4,3,1,0,0,0,4,3,1
C0116,28,535,573158,Chegunta (CT),014011, Nepali,4,3,1,0,0,0,4,3,1
C0116,28,535,573158,Chegunta (CT),015000,15 ODIA ,3,2,1,0,0,0,3,2,1
C0116,28,535,573158,Chegunta (CT),015043, Odia,3,2,1,0,0,0,3,2,1
C0116,28,535,573158,Chegunta (CT),016000,16 PUNJABI ,4,3,1,0,0,0,4,3,1
C0116,28,535,573158,Chegunta (CT),016038, Punjabi,4,3,1,0,0,0,4,3,1
C0116,28,535,573158,Chegunta (CT),021000,21 TELUGU ,4864,2428,2436,0,0,0,4864,2428,2436
C0116,28,535,573158,Chegunta (CT),021046, Telugu,4864,2428,2436,0,0,0,4864,2428,2436
C0116,28,535,573158,Chegunta (CT),022000,22 URDU,682,337,345,0,0,0,682,337,345
C0116,28,535,573158,Chegunta (CT),022015, Urdu,682,337,345,0,0,0,682,337,345
C0116,28,535,573373,Allipur (CT),005000,5 GUJARATI,9,5,4,0,0,0,9,5,4
C0116,28,535,573373,Allipur (CT),005018, Gujarati,9,5,4,0,0,0,9,5,4
C0116,28,535,573373,Allipur (CT),006000,6 HINDI ,219,103,116,0,0,0,219,103,116
C0116,28,535,573373,Allipur (CT),006240, Hindi,115,57,58,0,0,0,115,57,58
C0116,28,535,573373,Allipur (CT),006353, Lamani/Lambadi,83,37,46,0,0,0,83,37,46
C0116,28,535,573373,Allipur (CT),006400, Marwari,21,9,12,0,0,0,21,9,12
C0116,28,535,573373,Allipur (CT),007000,7 KANNADA,167,81,86,0,0,0,167,81,86
C0116,28,535,573373,Allipur (CT),007016, Kannada,167,81,86,0,0,0,167,81,86
C0116,28,535,573373,Allipur (CT),011000,11 MALAYALAM,17,9,8,0,0,0,17,9,8
C0116,28,535,573373,Allipur (CT),011016, Malayalam,17,9,8,0,0,0,17,9,8
C0116,28,535,573373,Allipur (CT),013000,13 MARATHI ,57,29,28,0,0,0,57,29,28
C0116,28,535,573373,Allipur (CT),013071, Marathi,57,29,28,0,0,0,57,29,28
C0116,28,535,573373,Allipur (CT),015000,15 ODIA ,15,8,7,0,0,0,15,8,7
C0116,28,535,573373,Allipur (CT),015043, Odia,15,8,7,0,0,0,15,8,7
C0116,28,535,573373,Allipur (CT),016000,16 PUNJABI ,18,8,10,0,0,0,18,8,10
C0116,28,535,573373,Allipur (CT),016038, Punjabi,18,8,10,0,0,0,18,8,10
C0116,28,535,573373,Allipur (CT),020000,20 TAMIL ,31,19,12,0,0,0,31,19,12
C0116,28,535,573373,Allipur (CT),020027, Tamil,31,19,12,0,0,0,31,19,12
C0116,28,535,573373,Allipur (CT),021000,21 TELUGU ,5723,2828,2895,0,0,0,5723,2828,2895
C0116,28,535,573373,Allipur (CT),021046, Telugu,5723,2828,2895,0,0,0,5723,2828,2895
C0116,28,535,573373,Allipur (CT),022000,22 URDU,5009,2578,2431,0,0,0,5009,2578,2431
C0116,28,535,573373,Allipur (CT),022015, Urdu,5009,2578,2431,0,0,0,5009,2578,2431
C0116,28,535,573373,Allipur (CT),040000,40 ENGLISH ,1,1,0,0,0,0,1,1,0
C0116,28,535,573373,Allipur (CT),040001, English,1,1,0,0,0,0,1,1,0
C0116,28,535,573373,Allipur (CT),044000,44 GONDI,4,1,3,0,0,0,4,1,3
C0116,28,535,573373,Allipur (CT),044999,44 Others,4,1,3,0,0,0,4,1,3
C0116,28,535,573373,Allipur (CT),069000,69 KOYA ,1,1,0,0,0,0,1,1,0
C0116,28,535,573373,Allipur (CT),069002, Koya,1,1,0,0,0,0,1,1,0
C0116,28,535,573373,Allipur (CT),124000,124 OTHERS,5,3,2,0,0,0,5,3,2
C0116,28,535,573524,Jogipet (CT),002000,2 BENGALI ,14,7,7,0,0,0,14,7,7
C0116,28,535,573524,Jogipet (CT),002007, Bengali,14,7,7,0,0,0,14,7,7
C0116,28,535,573524,Jogipet (CT),005000,5 GUJARATI,58,29,29,0,0,0,58,29,29
C0116,28,535,573524,Jogipet (CT),005018, Gujarati,18,9,9,0,0,0,18,9,9
C0116,28,535,573524,Jogipet (CT),005999,5 Others,40,20,20,0,0,0,40,20,20
C0116,28,535,573524,Jogipet (CT),006000,6 HINDI ,366,228,138,0,0,0,366,228,138
C0116,28,535,573524,Jogipet (CT),006102, Bhojpuri,5,3,2,0,0,0,5,3,2
C0116,28,535,573524,Jogipet (CT),006240, Hindi,143,69,74,0,0,0,143,69,74
C0116,28,535,573524,Jogipet (CT),006353, Lamani/Lambadi,182,141,41,0,0,0,182,141,41
C0116,28,535,573524,Jogipet (CT),006400, Marwari,36,15,21,0,0,0,36,15,21
C0116,28,535,573524,Jogipet (CT),007000,7 KANNADA,185,85,100,0,0,0,185,85,100
C0116,28,535,573524,Jogipet (CT),007016, Kannada,185,85,100,0,0,0,185,85,100
C0116,28,535,573524,Jogipet (CT),011000,11 MALAYALAM,13,4,9,0,0,0,13,4,9
C0116,28,535,573524,Jogipet (CT),011016, Malayalam,13,4,9,0,0,0,13,4,9
C0116,28,535,573524,Jogipet (CT),013000,13 MARATHI ,193,96,97,0,0,0,193,96,97
C0116,28,535,573524,Jogipet (CT),013071, Marathi,171,87,84,0,0,0,171,87,84
C0116,28,535,573524,Jogipet (CT),013999,13 Others,22,9,13,0,0,0,22,9,13
C0116,28,535,573524,Jogipet (CT),014000,14 NEPALI ,16,10,6,0,0,0,16,10,6
C0116,28,535,573524,Jogipet (CT),014011, Nepali,16,10,6,0,0,0,16,10,6
C0116,28,535,573524,Jogipet (CT),015000,15 ODIA ,7,2,5,0,0,0,7,2,5
C0116,28,535,573524,Jogipet (CT),015043, Odia,7,2,5,0,0,0,7,2,5
C0116,28,535,573524,Jogipet (CT),016000,16 PUNJABI ,15,10,5,0,0,0,15,10,5
C0116,28,535,573524,Jogipet (CT),016038, Punjabi,15,10,5,0,0,0,15,10,5
C0116,28,535,573524,Jogipet (CT),020000,20 TAMIL ,9,3,6,0,0,0,9,3,6
C0116,28,535,573524,Jogipet (CT),020027, Tamil,9,3,6,0,0,0,9,3,6
C0116,28,535,573524,Jogipet (CT),021000,21 TELUGU ,14341,7032,7309,0,0,0,14341,7032,7309
C0116,28,535,573524,Jogipet (CT),021046, Telugu,14341,7032,7309,0,0,0,14341,7032,7309
C0116,28,535,573524,Jogipet (CT),022000,22 URDU,3265,1655,1610,0,0,0,3265,1655,1610
C0116,28,535,573524,Jogipet (CT),022015, Urdu,3265,1655,1610,0,0,0,3265,1655,1610
C0116,28,535,573524,Jogipet (CT),026000,26 ANGAMI ,1,0,1,0,0,0,1,0,1
C0116,28,535,573524,Jogipet (CT),026002, Angami,1,0,1,0,0,0,1,0,1
C0116,28,535,573524,Jogipet (CT),040000,40 ENGLISH ,3,0,3,0,0,0,3,0,3
C0116,28,535,573524,Jogipet (CT),040001, English,3,0,3,0,0,0,3,0,3
C0116,28,535,573524,Jogipet (CT),124000,124 OTHERS,8,4,4,0,0,0,8,4,4
C0116,28,535,573642,Gajwel (CT),002000,2 BENGALI ,20,11,9,0,0,0,20,11,9
C0116,28,535,573642,Gajwel (CT),002007, Bengali,20,11,9,0,0,0,20,11,9
C0116,28,535,573642,Gajwel (CT),005000,5 GUJARATI,11,5,6,0,0,0,11,5,6
C0116,28,535,573642,Gajwel (CT),005018, Gujarati,11,5,6,0,0,0,11,5,6
C0116,28,535,573642,Gajwel (CT),006000,6 HINDI ,583,336,247,0,0,0,583,336,247
C0116,28,535,573642,Gajwel (CT),006240, Hindi,445,244,201,0,0,0,445,244,201
C0116,28,535,573642,Gajwel (CT),006353, Lamani/Lambadi,81,61,20,0,0,0,81,61,20
C0116,28,535,573642,Gajwel (CT),006400, Marwari,10,5,5,0,0,0,10,5,5
C0116,28,535,573642,Gajwel (CT),006489, Rajasthani,47,26,21,0,0,0,47,26,21
C0116,28,535,573642,Gajwel (CT),007000,7 KANNADA,19,10,9,0,0,0,19,10,9
C0116,28,535,573642,Gajwel (CT),007016, Kannada,19,10,9,0,0,0,19,10,9
C0116,28,535,573642,Gajwel (CT),011000,11 MALAYALAM,19,7,12,0,0,0,19,7,12
C0116,28,535,573642,Gajwel (CT),011016, Malayalam,19,7,12,0,0,0,19,7,12
C0116,28,535,573642,Gajwel (CT),013000,13 MARATHI ,16,7,9,0,0,0,16,7,9
C0116,28,535,573642,Gajwel (CT),013071, Marathi,16,7,9,0,0,0,16,7,9
C0116,28,535,573642,Gajwel (CT),014000,14 NEPALI ,3,1,2,0,0,0,3,1,2
C0116,28,535,573642,Gajwel (CT),014011, Nepali,3,1,2,0,0,0,3,1,2
C0116,28,535,573642,Gajwel (CT),015000,15 ODIA ,8,2,6,0,0,0,8,2,6
C0116,28,535,573642,Gajwel (CT),015043, Odia,7,2,5,0,0,0,7,2,5
C0116,28,535,573642,Gajwel (CT),015055, Relli,1,0,1,0,0,0,1,0,1
C0116,28,535,573642,Gajwel (CT),016000,16 PUNJABI ,5,3,2,0,0,0,5,3,2
C0116,28,535,573642,Gajwel (CT),016038, Punjabi,5,3,2,0,0,0,5,3,2
C0116,28,535,573642,Gajwel (CT),020000,20 TAMIL ,52,27,25,0,0,0,52,27,25
C0116,28,535,573642,Gajwel (CT),020027, Tamil,27,13,14,0,0,0,27,13,14
C0116,28,535,573642,Gajwel (CT),020029, Yerukala/Yerukula,25,14,11,0,0,0,25,14,11
C0116,28,535,573642,Gajwel (CT),021000,21 TELUGU ,19647,9797,9850,0,0,0,19647,9797,9850
C0116,28,535,573642,Gajwel (CT),021046, Telugu,19647,9797,9850,0,0,0,19647,9797,9850
C0116,28,535,573642,Gajwel (CT),022000,22 URDU,4489,2246,2243,0,0,0,4489,2246,2243
C0116,28,535,573642,Gajwel (CT),022015, Urdu,4489,2246,2243,0,0,0,4489,2246,2243
C0116,28,535,573642,Gajwel (CT),044000,44 GONDI,89,45,44,0,0,0,89,45,44
C0116,28,535,573642,Gajwel (CT),044007, Gondi,89,45,44,0,0,0,89,45,44
C0116,28,535,573894,Pothreddipalle (CT),002000,2 BENGALI ,1,1,0,0,0,0,1,1,0
C0116,28,535,573894,Pothreddipalle (CT),002007, Bengali,1,1,0,0,0,0,1,1,0
C0116,28,535,573894,Pothreddipalle (CT),005000,5 GUJARATI,11,7,4,0,0,0,11,7,4
C0116,28,535,573894,Pothreddipalle (CT),005999,5 Others,11,7,4,0,0,0,11,7,4
C0116,28,535,573894,Pothreddipalle (CT),006000,6 HINDI ,399,216,183,0,0,0,399,216,183
C0116,28,535,573894,Pothreddipalle (CT),006240, Hindi,219,118,101,0,0,0,219,118,101
C0116,28,535,573894,Pothreddipalle (CT),006353, Lamani/Lambadi,160,82,78,0,0,0,160,82,78
C0116,28,535,573894,Pothreddipalle (CT),006400, Marwari,9,8,1,0,0,0,9,8,1
C0116,28,535,573894,Pothreddipalle (CT),006489, Rajasthani,11,8,3,0,0,0,11,8,3
C0116,28,535,573894,Pothreddipalle (CT),007000,7 KANNADA,38,19,19,0,0,0,38,19,19
C0116,28,535,573894,Pothreddipalle (CT),007016, Kannada,38,19,19,0,0,0,38,19,19
C0116,28,535,573894,Pothreddipalle (CT),010000,10 MAITHILI ,4,2,2,0,0,0,4,2,2
C0116,28,535,573894,Pothreddipalle (CT),010008, Maithili,4,2,2,0,0,0,4,2,2
C0116,28,535,573894,Pothreddipalle (CT),011000,11 MALAYALAM,38,19,19,0,0,0,38,19,19
C0116,28,535,573894,Pothreddipalle (CT),011016, Malayalam,38,19,19,0,0,0,38,19,19
C0116,28,535,573894,Pothreddipalle (CT),013000,13 MARATHI ,128,64,64,0,0,0,128,64,64
C0116,28,535,573894,Pothreddipalle (CT),013071, Marathi,128,64,64,0,0,0,128,64,64
C0116,28,535,573894,Pothreddipalle (CT),014000,14 NEPALI ,13,8,5,0,0,0,13,8,5
C0116,28,535,573894,Pothreddipalle (CT),014011, Nepali,13,8,5,0,0,0,13,8,5
C0116,28,535,573894,Pothreddipalle (CT),015000,15 ODIA ,13,8,5,0,0,0,13,8,5
C0116,28,535,573894,Pothreddipalle (CT),015043, Odia,13,8,5,0,0,0,13,8,5
C0116,28,535,573894,Pothreddipalle (CT),016000,16 PUNJABI ,15,9,6,0,0,0,15,9,6
C0116,28,535,573894,Pothreddipalle (CT),016038, Punjabi,15,9,6,0,0,0,15,9,6
C0116,28,535,573894,Pothreddipalle (CT),020000,20 TAMIL ,14,6,8,0,0,0,14,6,8
C0116,28,535,573894,Pothreddipalle (CT),020027, Tamil,14,6,8,0,0,0,14,6,8
C0116,28,535,573894,Pothreddipalle (CT),021000,21 TELUGU ,9858,5007,4851,0,0,0,9858,5007,4851
C0116,28,535,573894,Pothreddipalle (CT),021046, Telugu,9858,5007,4851,0,0,0,9858,5007,4851
C0116,28,535,573894,Pothreddipalle (CT),022000,22 URDU,960,468,492,0,0,0,960,468,492
C0116,28,535,573894,Pothreddipalle (CT),022015, Urdu,960,468,492,0,0,0,960,468,492
C0116,28,535,573894,Pothreddipalle (CT),040000,40 ENGLISH ,1,0,1,0,0,0,1,0,1
C0116,28,535,573894,Pothreddipalle (CT),040001, English,1,0,1,0,0,0,1,0,1
C0116,28,535,573894,Pothreddipalle (CT),124000,124 OTHERS,21,9,12,0,0,0,21,9,12
C0116,28,535,573895,Eddumailaram (CT),001000,1 ASSAMESE,3,3,0,0,0,0,3,3,0
C0116,28,535,573895,Eddumailaram (CT),001002, Assamese,3,3,0,0,0,0,3,3,0
C0116,28,535,573895,Eddumailaram (CT),002000,2 BENGALI ,44,22,22,0,0,0,44,22,22
C0116,28,535,573895,Eddumailaram (CT),002007, Bengali,44,22,22,0,0,0,44,22,22
C0116,28,535,573895,Eddumailaram (CT),004000,4 DOGRI ,8,8,0,0,0,0,8,8,0
C0116,28,535,573895,Eddumailaram (CT),004001, Dogri,8,8,0,0,0,0,8,8,0
C0116,28,535,573895,Eddumailaram (CT),005000,5 GUJARATI,19,15,4,0,0,0,19,15,4
C0116,28,535,573895,Eddumailaram (CT),005018, Gujarati,7,6,1,0,0,0,7,6,1
C0116,28,535,573895,Eddumailaram (CT),005999,5 Others,12,9,3,0,0,0,12,9,3
C0116,28,535,573895,Eddumailaram (CT),006000,6 HINDI ,790,482,308,0,0,0,790,482,308
C0116,28,535,573895,Eddumailaram (CT),006066, Banjari,21,8,13,0,0,0,21,8,13
C0116,28,535,573895,Eddumailaram (CT),006102, Bhojpuri,11,6,5,0,0,0,11,6,5
C0116,28,535,573895,Eddumailaram (CT),006235, Haryanvi,3,2,1,0,0,0,3,2,1
C0116,28,535,573895,Eddumailaram (CT),006240, Hindi,416,281,135,0,0,0,416,281,135
C0116,28,535,573895,Eddumailaram (CT),006353, Lamani/Lambadi,306,160,146,0,0,0,306,160,146
C0116,28,535,573895,Eddumailaram (CT),006439, Pahari,1,1,0,0,0,0,1,1,0
C0116,28,535,573895,Eddumailaram (CT),006489, Rajasthani,6,6,0,0,0,0,6,6,0
C0116,28,535,573895,Eddumailaram (CT),006541, Sugali,9,4,5,0,0,0,9,4,5
C0116,28,535,573895,Eddumailaram (CT),006999,6 Others,17,14,3,0,0,0,17,14,3
C0116,28,535,573895,Eddumailaram (CT),007000,7 KANNADA,133,77,56,0,0,0,133,77,56
C0116,28,535,573895,Eddumailaram (CT),007016, Kannada,133,77,56,0,0,0,133,77,56
C0116,28,535,573895,Eddumailaram (CT),008000,8 KASHMIRI ,5,3,2,0,0,0,5,3,2
C0116,28,535,573895,Eddumailaram (CT),008005, Kashmiri,5,3,2,0,0,0,5,3,2
C0116,28,535,573895,Eddumailaram (CT),010000,10 MAITHILI ,1,1,0,0,0,0,1,1,0
C0116,28,535,573895,Eddumailaram (CT),010008, Maithili,1,1,0,0,0,0,1,1,0
C0116,28,535,573895,Eddumailaram (CT),011000,11 MALAYALAM,138,94,44,0,0,0,138,94,44
C0116,28,535,573895,Eddumailaram (CT),011016, Malayalam,138,94,44,0,0,0,138,94,44
C0116,28,535,573895,Eddumailaram (CT),012000,12 MANIPURI ,4,3,1,0,0,0,4,3,1
C0116,28,535,573895,Eddumailaram (CT),012003, Manipuri,4,3,1,0,0,0,4,3,1
C0116,28,535,573895,Eddumailaram (CT),013000,13 MARATHI ,194,136,58,0,0,0,194,136,58
C0116,28,535,573895,Eddumailaram (CT),013071, Marathi,194,136,58,0,0,0,194,136,58
C0116,28,535,573895,Eddumailaram (CT),014000,14 NEPALI ,13,7,6,0,0,0,13,7,6
C0116,28,535,573895,Eddumailaram (CT),014011, Nepali,13,7,6,0,0,0,13,7,6
C0116,28,535,573895,Eddumailaram (CT),015000,15 ODIA ,40,27,13,0,0,0,40,27,13
C0116,28,535,573895,Eddumailaram (CT),015043, Odia,40,27,13,0,0,0,40,27,13
C0116,28,535,573895,Eddumailaram (CT),016000,16 PUNJABI ,22,17,5,0,0,0,22,17,5
C0116,28,535,573895,Eddumailaram (CT),016038, Punjabi,22,17,5,0,0,0,22,17,5
C0116,28,535,573895,Eddumailaram (CT),018000,18 SANTALI ,7,3,4,0,0,0,7,3,4
C0116,28,535,573895,Eddumailaram (CT),018040, Santali,7,3,4,0,0,0,7,3,4
C0116,28,535,573895,Eddumailaram (CT),020000,20 TAMIL ,224,152,72,0,0,0,224,152,72
C0116,28,535,573895,Eddumailaram (CT),020027, Tamil,218,147,71,0,0,0,218,147,71
C0116,28,535,573895,Eddumailaram (CT),020029, Yerukala/Yerukula,6,5,1,0,0,0,6,5,1
C0116,28,535,573895,Eddumailaram (CT),021000,21 TELUGU ,9278,4822,4456,0,0,0,9278,4822,4456
C0116,28,535,573895,Eddumailaram (CT),021046, Telugu,9278,4822,4456,0,0,0,9278,4822,4456
C0116,28,535,573895,Eddumailaram (CT),022000,22 URDU,835,445,390,0,0,0,835,445,390
C0116,28,535,573895,Eddumailaram (CT),022015, Urdu,828,439,389,0,0,0,828,439,389
C0116,28,535,573895,Eddumailaram (CT),022999,22 Others,7,6,1,0,0,0,7,6,1
C0116,28,535,573895,Eddumailaram (CT),040000,40 ENGLISH ,1,1,0,0,0,0,1,1,0
C0116,28,535,573895,Eddumailaram (CT),040001, English,1,1,0,0,0,0,1,1,0
C0116,28,535,573922,Bonthapalle (CT),001000,1 ASSAMESE,17,16,1,0,0,0,17,16,1
C0116,28,535,573922,Bonthapalle (CT),001002, Assamese,17,16,1,0,0,0,17,16,1
C0116,28,535,573922,Bonthapalle (CT),002000,2 BENGALI ,16,15,1,0,0,0,16,15,1
C0116,28,535,573922,Bonthapalle (CT),002007, Bengali,16,15,1,0,0,0,16,15,1
C0116,28,535,573922,Bonthapalle (CT),006000,6 HINDI ,549,335,214,0,0,0,549,335,214
C0116,28,535,573922,Bonthapalle (CT),006102, Bhojpuri,22,18,4,0,0,0,22,18,4
C0116,28,535,573922,Bonthapalle (CT),006240, Hindi,435,267,168,0,0,0,435,267,168
C0116,28,535,573922,Bonthapalle (CT),006353, Lamani/Lambadi,70,37,33,0,0,0,70,37,33
C0116,28,535,573922,Bonthapalle (CT),006400, Marwari,20,12,8,0,0,0,20,12,8
C0116,28,535,573922,Bonthapalle (CT),006999,6 Others,2,1,1,0,0,0,2,1,1
C0116,28,535,573922,Bonthapalle (CT),007000,7 KANNADA,5,2,3,0,0,0,5,2,3
C0116,28,535,573922,Bonthapalle (CT),007016, Kannada,5,2,3,0,0,0,5,2,3
C0116,28,535,573922,Bonthapalle (CT),010000,10 MAITHILI ,14,8,6,0,0,0,14,8,6
C0116,28,535,573922,Bonthapalle (CT),010008, Maithili,14,8,6,0,0,0,14,8,6
C0116,28,535,573922,Bonthapalle (CT),013000,13 MARATHI ,30,13,17,0,0,0,30,13,17
C0116,28,535,573922,Bonthapalle (CT),013071, Marathi,30,13,17,0,0,0,30,13,17
C0116,28,535,573922,Bonthapalle (CT),014000,14 NEPALI ,5,3,2,0,0,0,5,3,2
C0116,28,535,573922,Bonthapalle (CT),014011, Nepali,5,3,2,0,0,0,5,3,2
C0116,28,535,573922,Bonthapalle (CT),015000,15 ODIA ,266,149,117,0,0,0,266,149,117
C0116,28,535,573922,Bonthapalle (CT),015043, Odia,266,149,117,0,0,0,266,149,117
C0116,28,535,573922,Bonthapalle (CT),016000,16 PUNJABI ,2,1,1,0,0,0,2,1,1
C0116,28,535,573922,Bonthapalle (CT),016038, Punjabi,2,1,1,0,0,0,2,1,1
C0116,28,535,573922,Bonthapalle (CT),020000,20 TAMIL ,31,17,14,0,0,0,31,17,14
C0116,28,535,573922,Bonthapalle (CT),020027, Tamil,31,17,14,0,0,0,31,17,14
C0116,28,535,573922,Bonthapalle (CT),021000,21 TELUGU ,5140,2612,2528,0,0,0,5140,2612,2528
C0116,28,535,573922,Bonthapalle (CT),021046, Telugu,5140,2612,2528,0,0,0,5140,2612,2528
C0116,28,535,573922,Bonthapalle (CT),022000,22 URDU,531,277,254,0,0,0,531,277,254
C0116,28,535,573922,Bonthapalle (CT),022015, Urdu,531,277,254,0,0,0,531,277,254
C0116,28,535,573922,Bonthapalle (CT),124000,124 OTHERS,2,1,1,0,0,0,2,1,1
C0116,28,535,573923,Annaram (CT),002000,2 BENGALI ,39,21,18,0,0,0,39,21,18
C0116,28,535,573923,Annaram (CT),002007, Bengali,39,21,18,0,0,0,39,21,18
C0116,28,535,573923,Annaram (CT),005000,5 GUJARATI,8,3,5,0,0,0,8,3,5
C0116,28,535,573923,Annaram (CT),005018, Gujarati,8,3,5,0,0,0,8,3,5
C0116,28,535,573923,Annaram (CT),006000,6 HINDI ,780,427,353,0,0,0,780,427,353
C0116,28,535,573923,Annaram (CT),006102, Bhojpuri,9,7,2,0,0,0,9,7,2
C0116,28,535,573923,Annaram (CT),006240, Hindi,561,311,250,0,0,0,561,311,250
C0116,28,535,573923,Annaram (CT),006353, Lamani/Lambadi,180,94,86,0,0,0,180,94,86
C0116,28,535,573923,Annaram (CT),006400, Marwari,2,1,1,0,0,0,2,1,1
C0116,28,535,573923,Annaram (CT),006489, Rajasthani,19,11,8,0,0,0,19,11,8
C0116,28,535,573923,Annaram (CT),006999,6 Others,9,3,6,0,0,0,9,3,6
C0116,28,535,573923,Annaram (CT),007000,7 KANNADA,58,28,30,0,0,0,58,28,30
C0116,28,535,573923,Annaram (CT),007016, Kannada,58,28,30,0,0,0,58,28,30
C0116,28,535,573923,Annaram (CT),009000,9 KONKANI,1,1,0,0,0,0,1,1,0
C0116,28,535,573923,Annaram (CT),009011, Konkani,1,1,0,0,0,0,1,1,0
C0116,28,535,573923,Annaram (CT),010000,10 MAITHILI ,5,3,2,0,0,0,5,3,2
C0116,28,535,573923,Annaram (CT),010008, Maithili,5,3,2,0,0,0,5,3,2
C0116,28,535,573923,Annaram (CT),011000,11 MALAYALAM,26,13,13,0,0,0,26,13,13
C0116,28,535,573923,Annaram (CT),011016, Malayalam,26,13,13,0,0,0,26,13,13
C0116,28,535,573923,Annaram (CT),012000,12 MANIPURI ,3,1,2,0,0,0,3,1,2
C0116,28,535,573923,Annaram (CT),012003, Manipuri,3,1,2,0,0,0,3,1,2
C0116,28,535,573923,Annaram (CT),013000,13 MARATHI ,123,64,59,0,0,0,123,64,59
C0116,28,535,573923,Annaram (CT),013071, Marathi,123,64,59,0,0,0,123,64,59
C0116,28,535,573923,Annaram (CT),014000,14 NEPALI ,4,1,3,0,0,0,4,1,3
C0116,28,535,573923,Annaram (CT),014011, Nepali,4,1,3,0,0,0,4,1,3
C0116,28,535,573923,Annaram (CT),015000,15 ODIA ,1302,677,625,0,0,0,1302,677,625
C0116,28,535,573923,Annaram (CT),015043, Odia,1302,677,625,0,0,0,1302,677,625
C0116,28,535,573923,Annaram (CT),016000,16 PUNJABI ,22,12,10,0,0,0,22,12,10
C0116,28,535,573923,Annaram (CT),016038, Punjabi,22,12,10,0,0,0,22,12,10
C0116,28,535,573923,Annaram (CT),019000,19 SINDHI,13,6,7,0,0,0,13,6,7
C0116,28,535,573923,Annaram (CT),019014, Sindhi,13,6,7,0,0,0,13,6,7
C0116,28,535,573923,Annaram (CT),020000,20 TAMIL ,71,35,36,0,0,0,71,35,36
C0116,28,535,573923,Annaram (CT),020027, Tamil,69,34,35,0,0,0,69,34,35
C0116,28,535,573923,Annaram (CT),020029, Yerukala/Yerukula,2,1,1,0,0,0,2,1,1
C0116,28,535,573923,Annaram (CT),021000,21 TELUGU ,4029,2009,2020,0,0,0,4029,2009,2020
C0116,28,535,573923,Annaram (CT),021046, Telugu,4029,2009,2020,0,0,0,4029,2009,2020
C0116,28,535,573923,Annaram (CT),022000,22 URDU,353,170,183,0,0,0,353,170,183
C0116,28,535,573923,Annaram (CT),022015, Urdu,353,170,183,0,0,0,353,170,183
C0116,28,535,573923,Annaram (CT),124000,124 OTHERS,3,2,1,0,0,0,3,2,1
C0116,28,535,573924,Bollaram (CT),001000,1 ASSAMESE,75,67,8,0,0,0,75,67,8
C0116,28,535,573924,Bollaram (CT),001002, Assamese,75,67,8,0,0,0,75,67,8
C0116,28,535,573924,Bollaram (CT),002000,2 BENGALI ,256,170,86,0,0,0,256,170,86
C0116,28,535,573924,Bollaram (CT),002007, Bengali,256,170,86,0,0,0,256,170,86
C0116,28,535,573924,Bollaram (CT),005000,5 GUJARATI,2,0,2,0,0,0,2,0,2
C0116,28,535,573924,Bollaram (CT),005999,5 Others,2,0,2,0,0,0,2,0,2
C0116,28,535,573924,Bollaram (CT),006000,6 HINDI ,5765,3612,2153,0,0,0,5765,3612,2153
C0116,28,535,573924,Bollaram (CT),006066, Banjari,9,4,5,0,0,0,9,4,5
C0116,28,535,573924,Bollaram (CT),006102, Bhojpuri,637,411,226,0,0,0,637,411,226
C0116,28,535,573924,Bollaram (CT),006240, Hindi,4428,2781,1647,0,0,0,4428,2781,1647
C0116,28,535,573924,Bollaram (CT),006353, Lamani/Lambadi,109,57,52,0,0,0,109,57,52
C0116,28,535,573924,Bollaram (CT),006400, Marwari,53,30,23,0,0,0,53,30,23
C0116,28,535,573924,Bollaram (CT),006489, Rajasthani,38,22,16,0,0,0,38,22,16
C0116,28,535,573924,Bollaram (CT),006541, Sugali,3,2,1,0,0,0,3,2,1
C0116,28,535,573924,Bollaram (CT),006999,6 Others,488,305,183,0,0,0,488,305,183
C0116,28,535,573924,Bollaram (CT),007000,7 KANNADA,291,157,134,0,0,0,291,157,134
C0116,28,535,573924,Bollaram (CT),007016, Kannada,287,153,134,0,0,0,287,153,134
C0116,28,535,573924,Bollaram (CT),007999,7 Others,4,4,0,0,0,0,4,4,0
C0116,28,535,573924,Bollaram (CT),010000,10 MAITHILI ,8,4,4,0,0,0,8,4,4
C0116,28,535,573924,Bollaram (CT),010008, Maithili,8,4,4,0,0,0,8,4,4
C0116,28,535,573924,Bollaram (CT),011000,11 MALAYALAM,22,15,7,0,0,0,22,15,7
C0116,28,535,573924,Bollaram (CT),011016, Malayalam,22,15,7,0,0,0,22,15,7
C0116,28,535,573924,Bollaram (CT),013000,13 MARATHI ,192,103,89,0,0,0,192,103,89
C0116,28,535,573924,Bollaram (CT),013071, Marathi,192,103,89,0,0,0,192,103,89
C0116,28,535,573924,Bollaram (CT),014000,14 NEPALI ,59,41,18,0,0,0,59,41,18
C0116,28,535,573924,Bollaram (CT),014011, Nepali,59,41,18,0,0,0,59,41,18
C0116,28,535,573924,Bollaram (CT),015000,15 ODIA ,3048,2096,952,0,0,0,3048,2096,952
C0116,28,535,573924,Bollaram (CT),015043, Odia,3048,2096,952,0,0,0,3048,2096,952
C0116,28,535,573924,Bollaram (CT),016000,16 PUNJABI ,16,12,4,0,0,0,16,12,4
C0116,28,535,573924,Bollaram (CT),016038, Punjabi,16,12,4,0,0,0,16,12,4
C0116,28,535,573924,Bollaram (CT),019000,19 SINDHI,6,3,3,0,0,0,6,3,3
C0116,28,535,573924,Bollaram (CT),019014, Sindhi,5,2,3,0,0,0,5,2,3
C0116,28,535,573924,Bollaram (CT),019999,19 Others,1,1,0,0,0,0,1,1,0
C0116,28,535,573924,Bollaram (CT),020000,20 TAMIL ,135,65,70,0,0,0,135,65,70
C0116,28,535,573924,Bollaram (CT),020027, Tamil,126,59,67,0,0,0,126,59,67
C0116,28,535,573924,Bollaram (CT),020029, Yerukala/Yerukula,9,6,3,0,0,0,9,6,3
C0116,28,535,573924,Bollaram (CT),021000,21 TELUGU ,23472,12287,11185,0,0,0,23472,12287,11185
C0116,28,535,573924,Bollaram (CT),021046, Telugu,23472,12287,11185,0,0,0,23472,12287,11185
C0116,28,535,573924,Bollaram (CT),022000,22 URDU,1239,694,545,0,0,0,1239,694,545
C0116,28,535,573924,Bollaram (CT),022015, Urdu,1239,694,545,0,0,0,1239,694,545
C0116,28,535,573924,Bollaram (CT),040000,40 ENGLISH ,1,1,0,0,0,0,1,1,0
C0116,28,535,573924,Bollaram (CT),040001, English,1,1,0,0,0,0,1,1,0
C0116,28,535,573924,Bollaram (CT),044000,44 GONDI,6,6,0,0,0,0,6,6,0
C0116,28,535,573924,Bollaram (CT),044007, Gondi,6,6,0,0,0,0,6,6,0
C0116,28,535,573924,Bollaram (CT),092000,92 MUNDARI ,4,3,1,0,0,0,4,3,1
C0116,28,535,573924,Bollaram (CT),092005, Mundari,4,3,1,0,0,0,4,3,1
C0116,28,535,573924,Bollaram (CT),124000,124 OTHERS,70,49,21,0,0,0,70,49,21
C0116,28,535,573945,Chitkul (CT),002000,2 BENGALI ,11,11,0,0,0,0,11,11,0
C0116,28,535,573945,Chitkul (CT),002007, Bengali,11,11,0,0,0,0,11,11,0
C0116,28,535,573945,Chitkul (CT),005000,5 GUJARATI,1,0,1,0,0,0,1,0,1
C0116,28,535,573945,Chitkul (CT),005999,5 Others,1,0,1,0,0,0,1,0,1
C0116,28,535,573945,Chitkul (CT),006000,6 HINDI ,148,84,64,0,0,0,148,84,64
C0116,28,535,573945,Chitkul (CT),006102, Bhojpuri,2,1,1,0,0,0,2,1,1
C0116,28,535,573945,Chitkul (CT),006240, Hindi,87,51,36,0,0,0,87,51,36
C0116,28,535,573945,Chitkul (CT),006353, Lamani/Lambadi,38,18,20,0,0,0,38,18,20
C0116,28,535,573945,Chitkul (CT),006999,6 Others,21,14,7,0,0,0,21,14,7
C0116,28,535,573945,Chitkul (CT),007000,7 KANNADA,85,44,41,0,0,0,85,44,41
C0116,28,535,573945,Chitkul (CT),007016, Kannada,85,44,41,0,0,0,85,44,41
C0116,28,535,573945,Chitkul (CT),011000,11 MALAYALAM,4,2,2,0,0,0,4,2,2
C0116,28,535,573945,Chitkul (CT),011016, Malayalam,4,2,2,0,0,0,4,2,2
C0116,28,535,573945,Chitkul (CT),013000,13 MARATHI ,31,18,13,0,0,0,31,18,13
C0116,28,535,573945,Chitkul (CT),013071, Marathi,31,18,13,0,0,0,31,18,13
C0116,28,535,573945,Chitkul (CT),015000,15 ODIA ,24,14,10,0,0,0,24,14,10
C0116,28,535,573945,Chitkul (CT),015043, Odia,24,14,10,0,0,0,24,14,10
C0116,28,535,573945,Chitkul (CT),020000,20 TAMIL ,55,30,25,0,0,0,55,30,25
C0116,28,535,573945,Chitkul (CT),020027, Tamil,15,8,7,0,0,0,15,8,7
C0116,28,535,573945,Chitkul (CT),020029, Yerukala/Yerukula,40,22,18,0,0,0,40,22,18
C0116,28,535,573945,Chitkul (CT),021000,21 TELUGU ,5068,2555,2513,0,0,0,5068,2555,2513
C0116,28,535,573945,Chitkul (CT),021046, Telugu,5068,2555,2513,0,0,0,5068,2555,2513
C0116,28,535,573945,Chitkul (CT),022000,22 URDU,161,76,85,0,0,0,161,76,85
C0116,28,535,573945,Chitkul (CT),022015, Urdu,161,76,85,0,0,0,161,76,85
C0116,28,535,573945,Chitkul (CT),040000,40 ENGLISH ,8,3,5,0,0,0,8,3,5
C0116,28,535,573945,Chitkul (CT),040001, English,8,3,5,0,0,0,8,3,5
C0116,28,535,573946,Isnapur (CT),001000,1 ASSAMESE,3,2,1,0,0,0,3,2,1
C0116,28,535,573946,Isnapur (CT),001002, Assamese,3,2,1,0,0,0,3,2,1
C0116,28,535,573946,Isnapur (CT),002000,2 BENGALI ,39,25,14,0,0,0,39,25,14
C0116,28,535,573946,Isnapur (CT),002007, Bengali,39,25,14,0,0,0,39,25,14
C0116,28,535,573946,Isnapur (CT),005000,5 GUJARATI,2,0,2,0,0,0,2,0,2
C0116,28,535,573946,Isnapur (CT),005999,5 Others,2,0,2,0,0,0,2,0,2
C0116,28,535,573946,Isnapur (CT),006000,6 HINDI ,561,310,251,0,0,0,561,310,251
C0116,28,535,573946,Isnapur (CT),006102, Bhojpuri,15,9,6,0,0,0,15,9,6
C0116,28,535,573946,Isnapur (CT),006240, Hindi,482,264,218,0,0,0,482,264,218
C0116,28,535,573946,Isnapur (CT),006353, Lamani/Lambadi,40,22,18,0,0,0,40,22,18
C0116,28,535,573946,Isnapur (CT),006376, Magadhi/Magahi,6,3,3,0,0,0,6,3,3
C0116,28,535,573946,Isnapur (CT),006400, Marwari,12,7,5,0,0,0,12,7,5
C0116,28,535,573946,Isnapur (CT),006489, Rajasthani,6,5,1,0,0,0,6,5,1
C0116,28,535,573946,Isnapur (CT),007000,7 KANNADA,89,51,38,0,0,0,89,51,38
C0116,28,535,573946,Isnapur (CT),007016, Kannada,89,51,38,0,0,0,89,51,38
C0116,28,535,573946,Isnapur (CT),009000,9 KONKANI,5,5,0,0,0,0,5,5,0
C0116,28,535,573946,Isnapur (CT),009999,9 Others,5,5,0,0,0,0,5,5,0
C0116,28,535,573946,Isnapur (CT),011000,11 MALAYALAM,18,7,11,0,0,0,18,7,11
C0116,28,535,573946,Isnapur (CT),011016, Malayalam,18,7,11,0,0,0,18,7,11
C0116,28,535,573946,Isnapur (CT),013000,13 MARATHI ,90,44,46,0,0,0,90,44,46
C0116,28,535,573946,Isnapur (CT),013071, Marathi,90,44,46,0,0,0,90,44,46
C0116,28,535,573946,Isnapur (CT),014000,14 NEPALI ,18,9,9,0,0,0,18,9,9
C0116,28,535,573946,Isnapur (CT),014011, Nepali,18,9,9,0,0,0,18,9,9
C0116,28,535,573946,Isnapur (CT),015000,15 ODIA ,201,122,79,0,0,0,201,122,79
C0116,28,535,573946,Isnapur (CT),015043, Odia,201,122,79,0,0,0,201,122,79
C0116,28,535,573946,Isnapur (CT),016000,16 PUNJABI ,13,5,8,0,0,0,13,5,8
C0116,28,535,573946,Isnapur (CT),016038, Punjabi,13,5,8,0,0,0,13,5,8
C0116,28,535,573946,Isnapur (CT),020000,20 TAMIL ,10,6,4,0,0,0,10,6,4
C0116,28,535,573946,Isnapur (CT),020027, Tamil,10,6,4,0,0,0,10,6,4
C0116,28,535,573946,Isnapur (CT),021000,21 TELUGU ,6791,3559,3232,0,0,0,6791,3559,3232
C0116,28,535,573946,Isnapur (CT),021046, Telugu,6791,3559,3232,0,0,0,6791,3559,3232
C0116,28,535,573946,Isnapur (CT),022000,22 URDU,436,233,203,0,0,0,436,233,203
C0116,28,535,573946,Isnapur (CT),022015, Urdu,436,233,203,0,0,0,436,233,203
C0116,28,535,573947,Muthangi (CT),001000,1 ASSAMESE,3,2,1,0,0,0,3,2,1
C0116,28,535,573947,Muthangi (CT),001002, Assamese,3,2,1,0,0,0,3,2,1
C0116,28,535,573947,Muthangi (CT),002000,2 BENGALI ,3,2,1,0,0,0,3,2,1
C0116,28,535,573947,Muthangi (CT),002007, Bengali,3,2,1,0,0,0,3,2,1
C0116,28,535,573947,Muthangi (CT),005000,5 GUJARATI,1,1,0,0,0,0,1,1,0
C0116,28,535,573947,Muthangi (CT),005999,5 Others,1,1,0,0,0,0,1,1,0
C0116,28,535,573947,Muthangi (CT),006000,6 HINDI ,492,260,232,0,0,0,492,260,232
C0116,28,535,573947,Muthangi (CT),006066, Banjari,4,3,1,0,0,0,4,3,1
C0116,28,535,573947,Muthangi (CT),006102, Bhojpuri,92,52,40,0,0,0,92,52,40
C0116,28,535,573947,Muthangi (CT),006240, Hindi,333,175,158,0,0,0,333,175,158
C0116,28,535,573947,Muthangi (CT),006353, Lamani/Lambadi,56,26,30,0,0,0,56,26,30
C0116,28,535,573947,Muthangi (CT),006999,6 Others,7,4,3,0,0,0,7,4,3
C0116,28,535,573947,Muthangi (CT),007000,7 KANNADA,135,64,71,0,0,0,135,64,71
C0116,28,535,573947,Muthangi (CT),007016, Kannada,135,64,71,0,0,0,135,64,71
C0116,28,535,573947,Muthangi (CT),011000,11 MALAYALAM,32,18,14,0,0,0,32,18,14
C0116,28,535,573947,Muthangi (CT),011016, Malayalam,32,18,14,0,0,0,32,18,14
C0116,28,535,573947,Muthangi (CT),013000,13 MARATHI ,69,37,32,0,0,0,69,37,32
C0116,28,535,573947,Muthangi (CT),013071, Marathi,69,37,32,0,0,0,69,37,32
C0116,28,535,573947,Muthangi (CT),014000,14 NEPALI ,3,2,1,0,0,0,3,2,1
C0116,28,535,573947,Muthangi (CT),014011, Nepali,3,2,1,0,0,0,3,2,1
C0116,28,535,573947,Muthangi (CT),015000,15 ODIA ,74,39,35,0,0,0,74,39,35
C0116,28,535,573947,Muthangi (CT),015043, Odia,74,39,35,0,0,0,74,39,35
C0116,28,535,573947,Muthangi (CT),020000,20 TAMIL ,26,11,15,0,0,0,26,11,15
C0116,28,535,573947,Muthangi (CT),020027, Tamil,20,9,11,0,0,0,20,9,11
C0116,28,535,573947,Muthangi (CT),020029, Yerukala/Yerukula,6,2,4,0,0,0,6,2,4
C0116,28,535,573947,Muthangi (CT),021000,21 TELUGU ,7264,3706,3558,0,0,0,7264,3706,3558
C0116,28,535,573947,Muthangi (CT),021046, Telugu,7264,3706,3558,0,0,0,7264,3706,3558
C0116,28,535,573947,Muthangi (CT),022000,22 URDU,667,344,323,0,0,0,667,344,323
C0116,28,535,573947,Muthangi (CT),022015, Urdu,667,344,323,0,0,0,667,344,323
C0116,28,535,573947,Muthangi (CT),040000,40 ENGLISH ,1,1,0,0,0,0,1,1,0
C0116,28,535,573947,Muthangi (CT),040001, English,1,1,0,0,0,0,1,1,0
C0116,28,535,573947,Muthangi (CT),059000,59 KINNAURI ,3,1,2,0,0,0,3,1,2
C0116,28,535,573947,Muthangi (CT),059999,59 Others,3,1,2,0,0,0,3,1,2
C0116,28,535,573947,Muthangi (CT),124000,124 OTHERS,4,2,2,0,0,0,4,2,2
C0116,28,535,573948,Ameenapur (CT),001000,1 ASSAMESE,2,1,1,0,0,0,2,1,1
C0116,28,535,573948,Ameenapur (CT),001002, Assamese,2,1,1,0,0,0,2,1,1
C0116,28,535,573948,Ameenapur (CT),002000,2 BENGALI ,92,46,46,0,0,0,92,46,46
C0116,28,535,573948,Ameenapur (CT),002007, Bengali,92,46,46,0,0,0,92,46,46
C0116,28,535,573948,Ameenapur (CT),005000,5 GUJARATI,41,19,22,0,0,0,41,19,22
C0116,28,535,573948,Ameenapur (CT),005018, Gujarati,36,16,20,0,0,0,36,16,20
C0116,28,535,573948,Ameenapur (CT),005999,5 Others,5,3,2,0,0,0,5,3,2
C0116,28,535,573948,Ameenapur (CT),006000,6 HINDI ,1568,831,737,0,0,0,1568,831,737
C0116,28,535,573948,Ameenapur (CT),006102, Bhojpuri,99,60,39,0,0,0,99,60,39
C0116,28,535,573948,Ameenapur (CT),006240, Hindi,1203,630,573,0,0,0,1203,630,573
C0116,28,535,573948,Ameenapur (CT),006353, Lamani/Lambadi,191,98,93,0,0,0,191,98,93
C0116,28,535,573948,Ameenapur (CT),006400, Marwari,19,14,5,0,0,0,19,14,5
C0116,28,535,573948,Ameenapur (CT),006489, Rajasthani,46,24,22,0,0,0,46,24,22
C0116,28,535,573948,Ameenapur (CT),006999,6 Others,10,5,5,0,0,0,10,5,5
C0116,28,535,573948,Ameenapur (CT),007000,7 KANNADA,279,138,141,0,0,0,279,138,141
C0116,28,535,573948,Ameenapur (CT),007002, Badaga,5,2,3,0,0,0,5,2,3
C0116,28,535,573948,Ameenapur (CT),007016, Kannada,274,136,138,0,0,0,274,136,138
C0116,28,535,573948,Ameenapur (CT),009000,9 KONKANI,4,3,1,0,0,0,4,3,1
C0116,28,535,573948,Ameenapur (CT),009011, Konkani,4,3,1,0,0,0,4,3,1
C0116,28,535,573948,Ameenapur (CT),011000,11 MALAYALAM,229,127,102,0,0,0,229,127,102
C0116,28,535,573948,Ameenapur (CT),011016, Malayalam,229,127,102,0,0,0,229,127,102
C0116,28,535,573948,Ameenapur (CT),013000,13 MARATHI ,255,125,130,0,0,0,255,125,130
C0116,28,535,573948,Ameenapur (CT),013071, Marathi,255,125,130,0,0,0,255,125,130
C0116,28,535,573948,Ameenapur (CT),014000,14 NEPALI ,6,3,3,0,0,0,6,3,3
C0116,28,535,573948,Ameenapur (CT),014011, Nepali,6,3,3,0,0,0,6,3,3
C0116,28,535,573948,Ameenapur (CT),015000,15 ODIA ,248,129,119,0,0,0,248,129,119
C0116,28,535,573948,Ameenapur (CT),015043, Odia,247,129,118,0,0,0,247,129,118
C0116,28,535,573948,Ameenapur (CT),015055, Relli,1,0,1,0,0,0,1,0,1
C0116,28,535,573948,Ameenapur (CT),016000,16 PUNJABI ,32,18,14,0,0,0,32,18,14
C0116,28,535,573948,Ameenapur (CT),016038, Punjabi,32,18,14,0,0,0,32,18,14
C0116,28,535,573948,Ameenapur (CT),019000,19 SINDHI,12,4,8,0,0,0,12,4,8
C0116,28,535,573948,Ameenapur (CT),019014, Sindhi,12,4,8,0,0,0,12,4,8
C0116,28,535,573948,Ameenapur (CT),020000,20 TAMIL ,181,99,82,0,0,0,181,99,82
C0116,28,535,573948,Ameenapur (CT),020027, Tamil,176,97,79,0,0,0,176,97,79
C0116,28,535,573948,Ameenapur (CT),020029, Yerukala/Yerukula,4,1,3,0,0,0,4,1,3
C0116,28,535,573948,Ameenapur (CT),020999,20 Others,1,1,0,0,0,0,1,1,0
C0116,28,535,573948,Ameenapur (CT),021000,21 TELUGU ,31421,16141,15280,0,0,0,31421,16141,15280
C0116,28,535,573948,Ameenapur (CT),021046, Telugu,31421,16141,15280,0,0,0,31421,16141,15280
C0116,28,535,573948,Ameenapur (CT),022000,22 URDU,2054,1043,1011,0,0,0,2054,1043,1011
C0116,28,535,573948,Ameenapur (CT),022015, Urdu,2054,1043,1011,0,0,0,2054,1043,1011
C0116,28,535,573948,Ameenapur (CT),030000,30 BHILI/BHILODI ,2,1,1,0,0,0,2,1,1
C0116,28,535,573948,Ameenapur (CT),030035, Kokna/Kokni/Kukna,2,1,1,0,0,0,2,1,1
C0116,28,535,573948,Ameenapur (CT),040000,40 ENGLISH ,8,2,6,0,0,0,8,2,6
C0116,28,535,573948,Ameenapur (CT),040001, English,8,2,6,0,0,0,8,2,6
C0116,28,535,573948,Ameenapur (CT),059000,59 KINNAURI ,1,0,1,0,0,0,1,0,1
C0116,28,535,573948,Ameenapur (CT),059999,59 Others,1,0,1,0,0,0,1,0,1
C0116,28,535,573948,Ameenapur (CT),107000,107 SEMA,1,0,1,0,0,0,1,0,1
C0116,28,535,573948,Ameenapur (CT),107002, Sema,1,0,1,0,0,0,1,0,1
C0116,28,535,573948,Ameenapur (CT),117000,117 TULU ,7,2,5,0,0,0,7,2,5
C0116,28,535,573948,Ameenapur (CT),117009, Tulu,6,2,4,0,0,0,6,2,4
C0116,28,535,573948,Ameenapur (CT),117999,117 Others ,1,0,1,0,0,0,1,0,1
C0116,28,535,573948,Ameenapur (CT),124000,124 OTHERS,9,5,4,0,0,0,9,5,4
C0116,28,535,573949,Bhanur (CT),001000,1 ASSAMESE,23,17,6,0,0,0,23,17,6
C0116,28,535,573949,Bhanur (CT),001002, Assamese,23,17,6,0,0,0,23,17,6
C0116,28,535,573949,Bhanur (CT),002000,2 BENGALI ,33,23,10,0,0,0,33,23,10
C0116,28,535,573949,Bhanur (CT),002007, Bengali,33,23,10,0,0,0,33,23,10
C0116,28,535,573949,Bhanur (CT),005000,5 GUJARATI,17,10,7,0,0,0,17,10,7
C0116,28,535,573949,Bhanur (CT),005018, Gujarati,12,6,6,0,0,0,12,6,6
C0116,28,535,573949,Bhanur (CT),005057, Saurashtra/Saurashtri,4,3,1,0,0,0,4,3,1
C0116,28,535,573949,Bhanur (CT),005999,5 Others,1,1,0,0,0,0,1,1,0
C0116,28,535,573949,Bhanur (CT),006000,6 HINDI ,301,176,125,0,0,0,301,176,125
C0116,28,535,573949,Bhanur (CT),006066, Banjari,3,1,2,0,0,0,3,1,2
C0116,28,535,573949,Bhanur (CT),006102, Bhojpuri,4,3,1,0,0,0,4,3,1
C0116,28,535,573949,Bhanur (CT),006240, Hindi,245,148,97,0,0,0,245,148,97
C0116,28,535,573949,Bhanur (CT),006353, Lamani/Lambadi,43,19,24,0,0,0,43,19,24
C0116,28,535,573949,Bhanur (CT),006489, Rajasthani,5,4,1,0,0,0,5,4,1
C0116,28,535,573949,Bhanur (CT),006503, Sadan/Sadri,1,1,0,0,0,0,1,1,0
C0116,28,535,573949,Bhanur (CT),007000,7 KANNADA,123,68,55,0,0,0,123,68,55
C0116,28,535,573949,Bhanur (CT),007016, Kannada,123,68,55,0,0,0,123,68,55
C0116,28,535,573949,Bhanur (CT),011000,11 MALAYALAM,59,33,26,0,0,0,59,33,26
C0116,28,535,573949,Bhanur (CT),011016, Malayalam,59,33,26,0,0,0,59,33,26
C0116,28,535,573949,Bhanur (CT),013000,13 MARATHI ,99,51,48,0,0,0,99,51,48
C0116,28,535,573949,Bhanur (CT),013071, Marathi,99,51,48,0,0,0,99,51,48
C0116,28,535,573949,Bhanur (CT),014000,14 NEPALI ,9,3,6,0,0,0,9,3,6
C0116,28,535,573949,Bhanur (CT),014011, Nepali,9,3,6,0,0,0,9,3,6
C0116,28,535,573949,Bhanur (CT),015000,15 ODIA ,23,12,11,0,0,0,23,12,11
C0116,28,535,573949,Bhanur (CT),015043, Odia,23,12,11,0,0,0,23,12,11
C0116,28,535,573949,Bhanur (CT),016000,16 PUNJABI ,10,6,4,0,0,0,10,6,4
C0116,28,535,573949,Bhanur (CT),016038, Punjabi,10,6,4,0,0,0,10,6,4
C0116,28,535,573949,Bhanur (CT),020000,20 TAMIL ,71,38,33,0,0,0,71,38,33
C0116,28,535,573949,Bhanur (CT),020027, Tamil,71,38,33,0,0,0,71,38,33
C0116,28,535,573949,Bhanur (CT),021000,21 TELUGU ,7898,3982,3916,0,0,0,7898,3982,3916
C0116,28,535,573949,Bhanur (CT),021046, Telugu,7898,3982,3916,0,0,0,7898,3982,3916
C0116,28,535,573949,Bhanur (CT),022000,22 URDU,530,272,258,0,0,0,530,272,258
C0116,28,535,573949,Bhanur (CT),022015, Urdu,530,272,258,0,0,0,530,272,258
C0116,28,535,573949,Bhanur (CT),037000,37 COORGI/KODAGU ,4,3,1,0,0,0,4,3,1
C0116,28,535,573949,Bhanur (CT),037001, Coorgi/Kodagu,4,3,1,0,0,0,4,3,1
C0116,28,535,573949,Bhanur (CT),040000,40 ENGLISH ,2,1,1,0,0,0,2,1,1
C0116,28,535,573949,Bhanur (CT),040001, English,2,1,1,0,0,0,2,1,1
C0116,28,535,573949,Bhanur (CT),053000,53 KHANDESHI,1,1,0,0,0,0,1,1,0
C0116,28,535,573949,Bhanur (CT),053002, Ahirani,1,1,0,0,0,0,1,1,0
C0116,28,535,573956,"Ramachandrapuram 
(BHEL) Township (CT)",001000,1 ASSAMESE,5,2,3,0,0,0,5,2,3
C0116,28,535,573956,"Ramachandrapuram 
(BHEL) Township (CT)",001002, Assamese,5,2,3,0,0,0,5,2,3
C0116,28,535,573956,"Ramachandrapuram 
(BHEL) Township (CT)",002000,2 BENGALI ,106,68,38,0,0,0,106,68,38
C0116,28,535,573956,"Ramachandrapuram 
(BHEL) Township (CT)",002007, Bengali,106,68,38,0,0,0,106,68,38
C0116,28,535,573956,"Ramachandrapuram 
(BHEL) Township (CT)",004000,4 DOGRI ,1,1,0,0,0,0,1,1,0
C0116,28,535,573956,"Ramachandrapuram 
(BHEL) Township (CT)",004001, Dogri,1,1,0,0,0,0,1,1,0
C0116,28,535,573956,"Ramachandrapuram 
(BHEL) Township (CT)",005000,5 GUJARATI,16,9,7,0,0,0,16,9,7
C0116,28,535,573956,"Ramachandrapuram 
(BHEL) Township (CT)",005018, Gujarati,10,7,3,0,0,0,10,7,3
C0116,28,535,573956,"Ramachandrapuram 
(BHEL) Township (CT)",005999,5 Others,6,2,4,0,0,0,6,2,4
C0116,28,535,573956,"Ramachandrapuram 
(BHEL) Township (CT)",006000,6 HINDI ,864,493,371,0,0,0,864,493,371
C0116,28,535,573956,"Ramachandrapuram 
(BHEL) Township (CT)",006066, Banjari,2,1,1,0,0,0,2,1,1
C0116,28,535,573956,"Ramachandrapuram 
(BHEL) Township (CT)",006240, Hindi,607,354,253,0,0,0,607,354,253
C0116,28,535,573956,"Ramachandrapuram 
(BHEL) Township (CT)",006353, Lamani/Lambadi,243,133,110,0,0,0,243,133,110
C0116,28,535,573956,"Ramachandrapuram 
(BHEL) Township (CT)",006420, Nagpuria,1,0,1,0,0,0,1,0,1
C0116,28,535,573956,"Ramachandrapuram 
(BHEL) Township (CT)",006489, Rajasthani,4,2,2,0,0,0,4,2,2
C0116,28,535,573956,"Ramachandrapuram 
(BHEL) Township (CT)",006541, Sugali,5,2,3,0,0,0,5,2,3
C0116,28,535,573956,"Ramachandrapuram 
(BHEL) Township (CT)",006999,6 Others,2,1,1,0,0,0,2,1,1
C0116,28,535,573956,"Ramachandrapuram 
(BHEL) Township (CT)",007000,7 KANNADA,208,109,99,0,0,0,208,109,99
C0116,28,535,573956,"Ramachandrapuram 
(BHEL) Township (CT)",007016, Kannada,208,109,99,0,0,0,208,109,99
C0116,28,535,573956,"Ramachandrapuram 
(BHEL) Township (CT)",010000,10 MAITHILI ,1,1,0,0,0,0,1,1,0
C0116,28,535,573956,"Ramachandrapuram 
(BHEL) Township (CT)",010008, Maithili,1,1,0,0,0,0,1,1,0
C0116,28,535,573956,"Ramachandrapuram 
(BHEL) Township (CT)",011000,11 MALAYALAM,187,89,98,0,0,0,187,89,98
C0116,28,535,573956,"Ramachandrapuram 
(BHEL) Township (CT)",011016, Malayalam,187,89,98,0,0,0,187,89,98
C0116,28,535,573956,"Ramachandrapuram 
(BHEL) Township (CT)",013000,13 MARATHI ,211,120,91,0,0,0,211,120,91
C0116,28,535,573956,"Ramachandrapuram 
(BHEL) Township (CT)",013071, Marathi,211,120,91,0,0,0,211,120,91
C0116,28,535,573956,"Ramachandrapuram 
(BHEL) Township (CT)",014000,14 NEPALI ,28,13,15,0,0,0,28,13,15
C0116,28,535,573956,"Ramachandrapuram 
(BHEL) Township (CT)",014011, Nepali,28,13,15,0,0,0,28,13,15
C0116,28,535,573956,"Ramachandrapuram 
(BHEL) Township (CT)",015000,15 ODIA ,189,119,70,0,0,0,189,119,70
C0116,28,535,573956,"Ramachandrapuram 
(BHEL) Township (CT)",015043, Odia,189,119,70,0,0,0,189,119,70
C0116,28,535,573956,"Ramachandrapuram 
(BHEL) Township (CT)",016000,16 PUNJABI ,11,6,5,0,0,0,11,6,5
C0116,28,535,573956,"Ramachandrapuram 
(BHEL) Township (CT)",016038, Punjabi,11,6,5,0,0,0,11,6,5
C0116,28,535,573956,"Ramachandrapuram 
(BHEL) Township (CT)",020000,20 TAMIL ,261,158,103,0,0,0,261,158,103
C0116,28,535,573956,"Ramachandrapuram 
(BHEL) Township (CT)",020027, Tamil,257,156,101,0,0,0,257,156,101
C0116,28,535,573956,"Ramachandrapuram 
(BHEL) Township (CT)",020029, Yerukala/Yerukula,4,2,2,0,0,0,4,2,2
C0116,28,535,573956,"Ramachandrapuram 
(BHEL) Township (CT)",021000,21 TELUGU ,12187,6299,5888,0,0,0,12187,6299,5888
C0116,28,535,573956,"Ramachandrapuram 
(BHEL) Township (CT)",021046, Telugu,12187,6299,5888,0,0,0,12187,6299,5888
C0116,28,535,573956,"Ramachandrapuram 
(BHEL) Township (CT)",022000,22 URDU,1078,584,494,0,0,0,1078,584,494
C0116,28,535,573956,"Ramachandrapuram 
(BHEL) Township (CT)",022015, Urdu,1077,583,494,0,0,0,1077,583,494
C0116,28,535,573956,"Ramachandrapuram 
(BHEL) Township (CT)",022999,22 Others,1,1,0,0,0,0,1,1,0
C0116,28,535,573956,"Ramachandrapuram 
(BHEL) Township (CT)",040000,40 ENGLISH ,9,5,4,0,0,0,9,5,4
C0116,28,535,573956,"Ramachandrapuram 
(BHEL) Township (CT)",040001, English,9,5,4,0,0,0,9,5,4
C0116,28,535,573956,"Ramachandrapuram 
(BHEL) Township (CT)",069000,69 KOYA ,1,1,0,0,0,0,1,1,0
C0116,28,535,573956,"Ramachandrapuram 
(BHEL) Township (CT)",069002, Koya,1,1,0,0,0,0,1,1,0
C0116,28,535,573956,"Ramachandrapuram 
(BHEL) Township (CT)",116000,116 TRIPURI ,1,1,0,0,0,0,1,1,0
C0116,28,535,573956,"Ramachandrapuram 
(BHEL) Township (CT)",116007, Kokbarak,1,1,0,0,0,0,1,1,0
C0116,28,535,573956,"Ramachandrapuram 
(BHEL) Township (CT)",124000,124 OTHERS,17,7,10,0,0,0,17,7,10
C0116,28,536,000000,Hyderabad,001000,1 ASSAMESE,802,558,244,0,0,0,802,558,244
C0116,28,536,000000,Hyderabad,001002, Assamese,734,498,236,0,0,0,734,498,236
C0116,28,536,000000,Hyderabad,001999,1 Others,68,60,8,0,0,0,68,60,8
C0116,28,536,000000,Hyderabad,002000,2 BENGALI ,10106,5633,4473,0,0,0,10106,5633,4473
C0116,28,536,000000,Hyderabad,002007, Bengali,10104,5631,4473,0,0,0,10104,5631,4473
C0116,28,536,000000,Hyderabad,002011, Chakma,2,2,0,0,0,0,2,2,0
C0116,28,536,000000,Hyderabad,003000,3 BODO ,84,54,30,0,0,0,84,54,30
C0116,28,536,000000,Hyderabad,003001, Bodo/Boro,70,47,23,0,0,0,70,47,23
C0116,28,536,000000,Hyderabad,003003, Kachari,14,7,7,0,0,0,14,7,7
C0116,28,536,000000,Hyderabad,004000,4 DOGRI ,546,409,137,0,0,0,546,409,137
C0116,28,536,000000,Hyderabad,004001, Dogri,546,409,137,0,0,0,546,409,137
C0116,28,536,000000,Hyderabad,005000,5 GUJARATI,24311,12297,12014,0,0,0,24311,12297,12014
C0116,28,536,000000,Hyderabad,005018, Gujarati,22744,11500,11244,0,0,0,22744,11500,11244
C0116,28,536,000000,Hyderabad,005057, Saurashtra/Saurashtri,170,85,85,0,0,0,170,85,85
C0116,28,536,000000,Hyderabad,005999,5 Others,1397,712,685,0,0,0,1397,712,685
C0116,28,536,000000,Hyderabad,006000,6 HINDI ,291000,153898,137102,0,0,0,291000,153898,137102
C0116,28,536,000000,Hyderabad,006030, Awadhi,9,7,2,0,0,0,9,7,2
C0116,28,536,000000,Hyderabad,006040, Baghati/Baghati Pahari,1,1,0,0,0,0,1,1,0
C0116,28,536,000000,Hyderabad,006066, Banjari,1922,1029,893,0,0,0,1922,1029,893
C0116,28,536,000000,Hyderabad,006086, Bhadrawahi,6,5,1,0,0,0,6,5,1
C0116,28,536,000000,Hyderabad,006096, Bharmauri/Gaddi,17,9,8,0,0,0,17,9,8
C0116,28,536,000000,Hyderabad,006102, Bhojpuri,848,530,318,0,0,0,848,530,318
C0116,28,536,000000,Hyderabad,006123, Brajbhasha,1,1,0,0,0,0,1,1,0
C0116,28,536,000000,Hyderabad,006125, Bundeli/Bundel khandi,7,4,3,0,0,0,7,4,3
C0116,28,536,000000,Hyderabad,006142, Chhattisgarhi,11,5,6,0,0,0,11,5,6
C0116,28,536,000000,Hyderabad,006173, Dhundhari,10,5,5,0,0,0,10,5,5
C0116,28,536,000000,Hyderabad,006195, Garhwali,53,29,24,0,0,0,53,29,24
C0116,28,536,000000,Hyderabad,006207, Gojri/Gujjari/Gujar,27,25,2,0,0,0,27,25,2
C0116,28,536,000000,Hyderabad,006235, Haryanvi,121,73,48,0,0,0,121,73,48
C0116,28,536,000000,Hyderabad,006240, Hindi,230925,122559,108366,0,0,0,230925,122559,108366
C0116,28,536,000000,Hyderabad,006265, Jaunpuri/Jaunsari,2,1,1,0,0,0,2,1,1
C0116,28,536,000000,Hyderabad,006320, Khortha/Khotta,3,2,1,0,0,0,3,2,1
C0116,28,536,000000,Hyderabad,006340, Kumauni,28,21,7,0,0,0,28,21,7
C0116,28,536,000000,Hyderabad,006353, Lamani/Lambadi,16834,8763,8071,0,0,0,16834,8763,8071
C0116,28,536,000000,Hyderabad,006358, Lodhi,5,3,2,0,0,0,5,3,2
C0116,28,536,000000,Hyderabad,006376, Magadhi/Magahi,12,9,3,0,0,0,12,9,3
C0116,28,536,000000,Hyderabad,006391, Malvi,2,0,2,0,0,0,2,0,2
C0116,28,536,000000,Hyderabad,006400, Marwari,36348,18743,17605,0,0,0,36348,18743,17605
C0116,28,536,000000,Hyderabad,006439, Pahari,117,94,23,0,0,0,117,94,23
C0116,28,536,000000,Hyderabad,006489, Rajasthani,2484,1301,1183,0,0,0,2484,1301,1183
C0116,28,536,000000,Hyderabad,006503, Sadan/Sadri,2,2,0,0,0,0,2,2,0
C0116,28,536,000000,Hyderabad,006541, Sugali,45,25,20,0,0,0,45,25,20
C0116,28,536,000000,Hyderabad,006548, Surjapuri,1,0,1,0,0,0,1,0,1
C0116,28,536,000000,Hyderabad,006999,6 Others,1159,652,507,0,0,0,1159,652,507
C0116,28,536,000000,Hyderabad,007000,7 KANNADA,34892,17934,16958,0,0,0,34892,17934,16958
C0116,28,536,000000,Hyderabad,007002, Badaga,6,3,3,0,0,0,6,3,3
C0116,28,536,000000,Hyderabad,007016, Kannada,34787,17880,16907,0,0,0,34787,17880,16907
C0116,28,536,000000,Hyderabad,007041, Prakritha/Prakritha Bhasha,19,11,8,0,0,0,19,11,8
C0116,28,536,000000,Hyderabad,007999,7 Others,80,40,40,0,0,0,80,40,40
C0116,28,536,000000,Hyderabad,008000,8 KASHMIRI ,291,189,102,0,0,0,291,189,102
C0116,28,536,000000,Hyderabad,008005, Kashmiri,289,187,102,0,0,0,289,187,102
C0116,28,536,000000,Hyderabad,008019, Dardi,2,2,0,0,0,0,2,2,0
C0116,28,536,000000,Hyderabad,009000,9 KONKANI,1228,582,646,0,0,0,1228,582,646
C0116,28,536,000000,Hyderabad,009011, Konkani,1217,574,643,0,0,0,1217,574,643
C0116,28,536,000000,Hyderabad,009016, Malwani,1,1,0,0,0,0,1,1,0
C0116,28,536,000000,Hyderabad,009028, Gorboli/Goru/Gorwani,7,5,2,0,0,0,7,5,2
C0116,28,536,000000,Hyderabad,009999,9 Others,3,2,1,0,0,0,3,2,1
C0116,28,536,000000,Hyderabad,010000,10 MAITHILI ,179,114,65,0,0,0,179,114,65
C0116,28,536,000000,Hyderabad,010008, Maithili,179,114,65,0,0,0,179,114,65
C0116,28,536,000000,Hyderabad,011000,11 MALAYALAM,10406,5543,4863,0,0,0,10406,5543,4863
C0116,28,536,000000,Hyderabad,011016, Malayalam,10406,5543,4863,0,0,0,10406,5543,4863
C0116,28,536,000000,Hyderabad,012000,12 MANIPURI ,354,238,116,0,0,0,354,238,116
C0116,28,536,000000,Hyderabad,012003, Manipuri,354,238,116,0,0,0,354,238,116
C0116,28,536,000000,Hyderabad,013000,13 MARATHI ,68239,35253,32986,0,0,0,68239,35253,32986
C0116,28,536,000000,Hyderabad,013071, Marathi,68212,35239,32973,0,0,0,68212,35239,32973
C0116,28,536,000000,Hyderabad,013999,13 Others,27,14,13,0,0,0,27,14,13
C0116,28,536,000000,Hyderabad,014000,14 NEPALI ,3078,1851,1227,0,0,0,3078,1851,1227
C0116,28,536,000000,Hyderabad,014011, Nepali,3078,1851,1227,0,0,0,3078,1851,1227
C0116,28,536,000000,Hyderabad,015000,15 ODIA ,8549,4888,3661,0,0,0,8549,4888,3661
C0116,28,536,000000,Hyderabad,015043, Odia,8523,4876,3647,0,0,0,8523,4876,3647
C0116,28,536,000000,Hyderabad,015055, Relli,17,9,8,0,0,0,17,9,8
C0116,28,536,000000,Hyderabad,015999,15 Others,9,3,6,0,0,0,9,3,6
C0116,28,536,000000,Hyderabad,016000,16 PUNJABI ,9285,4993,4292,0,0,0,9285,4993,4292
C0116,28,536,000000,Hyderabad,016002, Bagri,7,3,4,0,0,0,7,3,4
C0116,28,536,000000,Hyderabad,016038, Punjabi,9276,4989,4287,0,0,0,9276,4989,4287
C0116,28,536,000000,Hyderabad,016999,16 Others,2,1,1,0,0,0,2,1,1
C0116,28,536,000000,Hyderabad,017000,17 SANSKRIT ,111,61,50,0,0,0,111,61,50
C0116,28,536,000000,Hyderabad,017002, Sanskrit,111,61,50,0,0,0,111,61,50
C0116,28,536,000000,Hyderabad,018000,18 SANTALI ,38,22,16,0,0,0,38,22,16
C0116,28,536,000000,Hyderabad,018011, Mahili,1,1,0,0,0,0,1,1,0
C0116,28,536,000000,Hyderabad,018040, Santali,35,19,16,0,0,0,35,19,16
C0116,28,536,000000,Hyderabad,018999,18 Others,2,2,0,0,0,0,2,2,0
C0116,28,536,000000,Hyderabad,019000,19 SINDHI,7276,3631,3645,0,0,0,7276,3631,3645
C0116,28,536,000000,Hyderabad,019008, Kachchhi,751,357,394,0,0,0,751,357,394
C0116,28,536,000000,Hyderabad,019014, Sindhi,6524,3273,3251,0,0,0,6524,3273,3251
C0116,28,536,000000,Hyderabad,019999,19 Others,1,1,0,0,0,0,1,1,0
C0116,28,536,000000,Hyderabad,020000,20 TAMIL ,45454,22905,22549,0,0,0,45454,22905,22549
C0116,28,536,000000,Hyderabad,020006, Irula/Irular Mozhi,1,1,0,0,0,0,1,1,0
C0116,28,536,000000,Hyderabad,020015, Korava,8,4,4,0,0,0,8,4,4
C0116,28,536,000000,Hyderabad,020027, Tamil,44252,22338,21914,0,0,0,44252,22338,21914
C0116,28,536,000000,Hyderabad,020029, Yerukala/Yerukula,1181,558,623,0,0,0,1181,558,623
C0116,28,536,000000,Hyderabad,020999,20 Others,12,4,8,0,0,0,12,4,8
C0116,28,536,000000,Hyderabad,021000,21 TELUGU ,1709474,864087,845387,0,0,0,1709474,864087,845387
C0116,28,536,000000,Hyderabad,021046, Telugu,1709469,864085,845384,0,0,0,1709469,864085,845384
C0116,28,536,000000,Hyderabad,021048, Vadari,4,1,3,0,0,0,4,1,3
C0116,28,536,000000,Hyderabad,021999,21 Others,1,1,0,0,0,0,1,1,0
C0116,28,536,000000,Hyderabad,022000,22 URDU,1704968,876960,828008,0,0,0,1704968,876960,828008
C0116,28,536,000000,Hyderabad,022015, Urdu,1704924,876937,827987,0,0,0,1704924,876937,827987
C0116,28,536,000000,Hyderabad,022999,22 Others,44,23,21,0,0,0,44,23,21
C0116,28,536,000000,Hyderabad,023000,23 ADI ,21,15,6,0,0,0,21,15,6
C0116,28,536,000000,Hyderabad,023003, Adi,11,7,4,0,0,0,11,7,4
C0116,28,536,000000,Hyderabad,023999,23 Others,10,8,2,0,0,0,10,8,2
C0116,28,536,000000,Hyderabad,024000,24 AFGHANI/KABULI/PASHTO ,10,10,0,0,0,0,10,10,0
C0116,28,536,000000,Hyderabad,024001, Afghani/Kabuli/Pashto,8,8,0,0,0,0,8,8,0
C0116,28,536,000000,Hyderabad,024999,24 Others,2,2,0,0,0,0,2,2,0
C0116,28,536,000000,Hyderabad,025000,25 ANAL ,2,1,1,0,0,0,2,1,1
C0116,28,536,000000,Hyderabad,025001, Anal,2,1,1,0,0,0,2,1,1
C0116,28,536,000000,Hyderabad,026000,26 ANGAMI ,3,2,1,0,0,0,3,2,1
C0116,28,536,000000,Hyderabad,026002, Angami,1,0,1,0,0,0,1,0,1
C0116,28,536,000000,Hyderabad,026999,26 Others,2,2,0,0,0,0,2,2,0
C0116,28,536,000000,Hyderabad,027000,27 AO ,20,14,6,0,0,0,20,14,6
C0116,28,536,000000,Hyderabad,027001, Ao,20,14,6,0,0,0,20,14,6
C0116,28,536,000000,Hyderabad,028000,28 ARABIC/ARBI ,244,161,83,0,0,0,244,161,83
C0116,28,536,000000,Hyderabad,028001, Arabic/Arbi,244,161,83,0,0,0,244,161,83
C0116,28,536,000000,Hyderabad,030000,30 BHILI/BHILODI ,3452,1745,1707,0,0,0,3452,1745,1707
C0116,28,536,000000,Hyderabad,030011, Chodhari,3,1,2,0,0,0,3,1,2
C0116,28,536,000000,Hyderabad,030015, Dhodia,5,3,2,0,0,0,5,3,2
C0116,28,536,000000,Hyderabad,030035, Kokna/Kokni/Kukna,30,17,13,0,0,0,30,17,13
C0116,28,536,000000,Hyderabad,030066, Paradhi,3320,1678,1642,0,0,0,3320,1678,1642
C0116,28,536,000000,Hyderabad,030070, Rathi,4,2,2,0,0,0,4,2,2
C0116,28,536,000000,Hyderabad,030999,30 Others,90,44,46,0,0,0,90,44,46
C0116,28,536,000000,Hyderabad,031000,31 BHOTIA ,8,3,5,0,0,0,8,3,5
C0116,28,536,000000,Hyderabad,031001, Bhotia,2,1,1,0,0,0,2,1,1
C0116,28,536,000000,Hyderabad,031999,31 Others,6,2,4,0,0,0,6,2,4
C0116,28,536,000000,Hyderabad,036000,36 CHANG ,2,1,1,0,0,0,2,1,1
C0116,28,536,000000,Hyderabad,036001, Chang,2,1,1,0,0,0,2,1,1
C0116,28,536,000000,Hyderabad,037000,37 COORGI/KODAGU ,26,14,12,0,0,0,26,14,12
C0116,28,536,000000,Hyderabad,037001, Coorgi/Kodagu,26,14,12,0,0,0,26,14,12
C0116,28,536,000000,Hyderabad,038000,38 DEORI ,4,1,3,0,0,0,4,1,3
C0116,28,536,000000,Hyderabad,038001, Deori,4,1,3,0,0,0,4,1,3
C0116,28,536,000000,Hyderabad,039000,39 DIMASA ,1,1,0,0,0,0,1,1,0
C0116,28,536,000000,Hyderabad,039002, Dimasa,1,1,0,0,0,0,1,1,0
C0116,28,536,000000,Hyderabad,040000,40 ENGLISH ,4088,2014,2074,0,0,0,4088,2014,2074
C0116,28,536,000000,Hyderabad,040001, English,4088,2014,2074,0,0,0,4088,2014,2074
C0116,28,536,000000,Hyderabad,043000,43 GARO ,14,11,3,0,0,0,14,11,3
C0116,28,536,000000,Hyderabad,043005, Garo,14,11,3,0,0,0,14,11,3
C0116,28,536,000000,Hyderabad,044000,44 GONDI,1065,518,547,0,0,0,1065,518,547
C0116,28,536,000000,Hyderabad,044007, Gondi,11,8,3,0,0,0,11,8,3
C0116,28,536,000000,Hyderabad,044999,44 Others,1054,510,544,0,0,0,1054,510,544
C0116,28,536,000000,Hyderabad,046000,46 HALAM ,1,1,0,0,0,0,1,1,0
C0116,28,536,000000,Hyderabad,046003, Halam,1,1,0,0,0,0,1,1,0
C0116,28,536,000000,Hyderabad,047000,47 HMAR,12,6,6,0,0,0,12,6,6
C0116,28,536,000000,Hyderabad,047001, Hmar,12,6,6,0,0,0,12,6,6
C0116,28,536,000000,Hyderabad,051000,51 KABUI ,1,1,0,0,0,0,1,1,0
C0116,28,536,000000,Hyderabad,051005, Rongmei,1,1,0,0,0,0,1,1,0
C0116,28,536,000000,Hyderabad,054000,54 KHARIA ,3,1,2,0,0,0,3,1,2
C0116,28,536,000000,Hyderabad,054005, Kharia,3,1,2,0,0,0,3,1,2
C0116,28,536,000000,Hyderabad,055000,55 KHASI ,6,5,1,0,0,0,6,5,1
C0116,28,536,000000,Hyderabad,055007, Khasi,6,5,1,0,0,0,6,5,1
C0116,28,536,000000,Hyderabad,056000,56 KHEZHA ,5,3,2,0,0,0,5,3,2
C0116,28,536,000000,Hyderabad,056999,56 Others ,5,3,2,0,0,0,5,3,2
C0116,28,536,000000,Hyderabad,058000,58 KHOND/KONDH ,20,9,11,0,0,0,20,9,11
C0116,28,536,000000,Hyderabad,058001, Khond/Kondh,6,2,4,0,0,0,6,2,4
C0116,28,536,000000,Hyderabad,058006, Kuvi,14,7,7,0,0,0,14,7,7
C0116,28,536,000000,Hyderabad,059000,59 KINNAURI ,1,1,0,0,0,0,1,1,0
C0116,28,536,000000,Hyderabad,059999,59 Others,1,1,0,0,0,0,1,1,0
C0116,28,536,000000,Hyderabad,061000,61 KOCH ,10,5,5,0,0,0,10,5,5
C0116,28,536,000000,Hyderabad,061002, Koch,10,5,5,0,0,0,10,5,5
C0116,28,536,000000,Hyderabad,062000,62 KODA/KORA ,2,0,2,0,0,0,2,0,2
C0116,28,536,000000,Hyderabad,062003, Koda/Kora,2,0,2,0,0,0,2,0,2
C0116,28,536,000000,Hyderabad,064000,64 KOM,1,0,1,0,0,0,1,0,1
C0116,28,536,000000,Hyderabad,064001, Kom,1,0,1,0,0,0,1,0,1
C0116,28,536,000000,Hyderabad,065000,65 KONDA,20,10,10,0,0,0,20,10,10
C0116,28,536,000000,Hyderabad,065002, Kodu,6,4,2,0,0,0,6,4,2
C0116,28,536,000000,Hyderabad,065003, Konda,14,6,8,0,0,0,14,6,8
C0116,28,536,000000,Hyderabad,069000,69 KOYA ,8,4,4,0,0,0,8,4,4
C0116,28,536,000000,Hyderabad,069002, Koya,8,4,4,0,0,0,8,4,4
C0116,28,536,000000,Hyderabad,070000,70 KUI ,14,3,11,0,0,0,14,3,11
C0116,28,536,000000,Hyderabad,070001, Kui,14,3,11,0,0,0,14,3,11
C0116,28,536,000000,Hyderabad,071000,71 KUKI,43,28,15,0,0,0,43,28,15
C0116,28,536,000000,Hyderabad,071008, Kuki,43,28,15,0,0,0,43,28,15
C0116,28,536,000000,Hyderabad,072000,72 KURUKH/ORAON ,19,10,9,0,0,0,19,10,9
C0116,28,536,000000,Hyderabad,072024, Kurukh/Oraon,19,10,9,0,0,0,19,10,9
C0116,28,536,000000,Hyderabad,073000,73 LADAKHI ,1,1,0,0,0,0,1,1,0
C0116,28,536,000000,Hyderabad,073003, Ladakhi,1,1,0,0,0,0,1,1,0
C0116,28,536,000000,Hyderabad,074000,74 LAHAULI ,2,1,1,0,0,0,2,1,1
C0116,28,536,000000,Hyderabad,074999,74 Others ,2,1,1,0,0,0,2,1,1
C0116,28,536,000000,Hyderabad,075000,75 LAHNDA ,7,5,2,0,0,0,7,5,2
C0116,28,536,000000,Hyderabad,075006, Hindi Multani,2,1,1,0,0,0,2,1,1
C0116,28,536,000000,Hyderabad,075999,75 Others ,5,4,1,0,0,0,5,4,1
C0116,28,536,000000,Hyderabad,076000,76 LAKHER,4,4,0,0,0,0,4,4,0
C0116,28,536,000000,Hyderabad,076002, Mara,4,4,0,0,0,0,4,4,0
C0116,28,536,000000,Hyderabad,078000,78 LEPCHA ,3,2,1,0,0,0,3,2,1
C0116,28,536,000000,Hyderabad,078001, Lepcha,3,2,1,0,0,0,3,2,1
C0116,28,536,000000,Hyderabad,079000,79 LIANGMEI ,7,2,5,0,0,0,7,2,5
C0116,28,536,000000,Hyderabad,079999,79 Others ,7,2,5,0,0,0,7,2,5
C0116,28,536,000000,Hyderabad,081000,81 LOTHA ,14,9,5,0,0,0,14,9,5
C0116,28,536,000000,Hyderabad,081001, Lotha,14,9,5,0,0,0,14,9,5
C0116,28,536,000000,Hyderabad,082000,82 LUSHAI/MIZO ,149,97,52,0,0,0,149,97,52
C0116,28,536,000000,Hyderabad,082005, Lushai/Mizo,149,97,52,0,0,0,149,97,52
C0116,28,536,000000,Hyderabad,084000,84 MAO,2,2,0,0,0,0,2,2,0
C0116,28,536,000000,Hyderabad,084001, Mao,2,2,0,0,0,0,2,2,0
C0116,28,536,000000,Hyderabad,085000,85 MARAM,1,0,1,0,0,0,1,0,1
C0116,28,536,000000,Hyderabad,085001, Maram ,1,0,1,0,0,0,1,0,1
C0116,28,536,000000,Hyderabad,089000,89 MOGH ,2,1,1,0,0,0,2,1,1
C0116,28,536,000000,Hyderabad,089004, Mogh,2,1,1,0,0,0,2,1,1
C0116,28,536,000000,Hyderabad,090000,90 MONPA ,4,4,0,0,0,0,4,4,0
C0116,28,536,000000,Hyderabad,090003, Monpa,4,4,0,0,0,0,4,4,0
C0116,28,536,000000,Hyderabad,091000,91 MUNDA,3,1,2,0,0,0,3,1,2
C0116,28,536,000000,Hyderabad,091999,91 Others ,3,1,2,0,0,0,3,1,2
C0116,28,536,000000,Hyderabad,092000,92 MUNDARI ,11,8,3,0,0,0,11,8,3
C0116,28,536,000000,Hyderabad,092005, Mundari,11,8,3,0,0,0,11,8,3
C0116,28,536,000000,Hyderabad,094000,94 NISSI/DAFLA ,2,1,1,0,0,0,2,1,1
C0116,28,536,000000,Hyderabad,094008, Tagin,1,0,1,0,0,0,1,0,1
C0116,28,536,000000,Hyderabad,094999,94 Others ,1,1,0,0,0,0,1,1,0
C0116,28,536,000000,Hyderabad,096000,96 PAITE,12,8,4,0,0,0,12,8,4
C0116,28,536,000000,Hyderabad,096002, Paite,12,8,4,0,0,0,12,8,4
C0116,28,536,000000,Hyderabad,104000,104 RENGMA ,3,2,1,0,0,0,3,2,1
C0116,28,536,000000,Hyderabad,104001, Rengma,3,2,1,0,0,0,3,2,1
C0116,28,536,000000,Hyderabad,106000,106 SAVARA,12,5,7,0,0,0,12,5,7
C0116,28,536,000000,Hyderabad,106004, Savara,12,5,7,0,0,0,12,5,7
C0116,28,536,000000,Hyderabad,107000,107 SEMA,4,2,2,0,0,0,4,2,2
C0116,28,536,000000,Hyderabad,107002, Sema,4,2,2,0,0,0,4,2,2
C0116,28,536,000000,Hyderabad,112000,112 TANGKHUL ,3,2,1,0,0,0,3,2,1
C0116,28,536,000000,Hyderabad,112008, Tangkhul,3,2,1,0,0,0,3,2,1
C0116,28,536,000000,Hyderabad,114000,114 THADO ,15,8,7,0,0,0,15,8,7
C0116,28,536,000000,Hyderabad,114015, Thado,14,7,7,0,0,0,14,7,7
C0116,28,536,000000,Hyderabad,114999,114 Others,1,1,0,0,0,0,1,1,0
C0116,28,536,000000,Hyderabad,115000,115 TIBETAN ,3,2,1,0,0,0,3,2,1
C0116,28,536,000000,Hyderabad,115999,115 Others,3,2,1,0,0,0,3,2,1
C0116,28,536,000000,Hyderabad,116000,116 TRIPURI ,30,17,13,0,0,0,30,17,13
C0116,28,536,000000,Hyderabad,116007, Kokbarak,17,6,11,0,0,0,17,6,11
C0116,28,536,000000,Hyderabad,116014, Tripuri,13,11,2,0,0,0,13,11,2
C0116,28,536,000000,Hyderabad,117000,117 TULU ,123,60,63,0,0,0,123,60,63
C0116,28,536,000000,Hyderabad,117009, Tulu,114,55,59,0,0,0,114,55,59
C0116,28,536,000000,Hyderabad,117999,117 Others ,9,5,4,0,0,0,9,5,4
C0116,28,536,000000,Hyderabad,118000,118 VAIPHEI ,8,4,4,0,0,0,8,4,4
C0116,28,536,000000,Hyderabad,118002, Vaiphei,8,4,4,0,0,0,8,4,4
C0116,28,536,000000,Hyderabad,119000,119 WANCHO,7,2,5,0,0,0,7,2,5
C0116,28,536,000000,Hyderabad,119001, Wancho,7,2,5,0,0,0,7,2,5
C0116,28,536,000000,Hyderabad,121000,121 ZELIANG ,1,1,0,0,0,0,1,1,0
C0116,28,536,000000,Hyderabad,121001, Zeliang,1,1,0,0,0,0,1,1,0
C0116,28,536,000000,Hyderabad,123000,123 ZOU ,11,7,4,0,0,0,11,7,4
C0116,28,536,000000,Hyderabad,123001, Zou,11,7,4,0,0,0,11,7,4
C0116,28,536,000000,Hyderabad,124000,124 OTHERS,3082,1619,1463,0,0,0,3082,1619,1463
C0116,28,536,802918,GHMC (M Corp. + OG) (Part),001000,1 ASSAMESE,73,48,25,0,0,0,73,48,25
C0116,28,536,802918,GHMC (M Corp. + OG) (Part),001002, Assamese,73,48,25,0,0,0,73,48,25
C0116,28,536,802918,GHMC (M Corp. + OG) (Part),002000,2 BENGALI ,592,303,289,0,0,0,592,303,289
C0116,28,536,802918,GHMC (M Corp. + OG) (Part),002007, Bengali,591,302,289,0,0,0,591,302,289
C0116,28,536,802918,GHMC (M Corp. + OG) (Part),002011, Chakma,1,1,0,0,0,0,1,1,0
C0116,28,536,802918,GHMC (M Corp. + OG) (Part),003000,3 BODO ,6,4,2,0,0,0,6,4,2
C0116,28,536,802918,GHMC (M Corp. + OG) (Part),003001, Bodo/Boro,6,4,2,0,0,0,6,4,2
C0116,28,536,802918,GHMC (M Corp. + OG) (Part),004000,4 DOGRI ,5,3,2,0,0,0,5,3,2
C0116,28,536,802918,GHMC (M Corp. + OG) (Part),004001, Dogri,5,3,2,0,0,0,5,3,2
C0116,28,536,802918,GHMC (M Corp. + OG) (Part),005000,5 GUJARATI,373,173,200,0,0,0,373,173,200
C0116,28,536,802918,GHMC (M Corp. + OG) (Part),005018, Gujarati,351,161,190,0,0,0,351,161,190
C0116,28,536,802918,GHMC (M Corp. + OG) (Part),005057, Saurashtra/Saurashtri,10,5,5,0,0,0,10,5,5
C0116,28,536,802918,GHMC (M Corp. + OG) (Part),005999,5 Others,12,7,5,0,0,0,12,7,5
C0116,28,536,802918,GHMC (M Corp. + OG) (Part),006000,6 HINDI ,15544,8156,7388,0,0,0,15544,8156,7388
C0116,28,536,802918,GHMC (M Corp. + OG) (Part),006066, Banjari,207,110,97,0,0,0,207,110,97
C0116,28,536,802918,GHMC (M Corp. + OG) (Part),006102, Bhojpuri,94,51,43,0,0,0,94,51,43
C0116,28,536,802918,GHMC (M Corp. + OG) (Part),006142, Chhattisgarhi,1,1,0,0,0,0,1,1,0
C0116,28,536,802918,GHMC (M Corp. + OG) (Part),006235, Haryanvi,1,1,0,0,0,0,1,1,0
C0116,28,536,802918,GHMC (M Corp. + OG) (Part),006240, Hindi,12100,6392,5708,0,0,0,12100,6392,5708
C0116,28,536,802918,GHMC (M Corp. + OG) (Part),006353, Lamani/Lambadi,2545,1298,1247,0,0,0,2545,1298,1247
C0116,28,536,802918,GHMC (M Corp. + OG) (Part),006376, Magadhi/Magahi,1,1,0,0,0,0,1,1,0
C0116,28,536,802918,GHMC (M Corp. + OG) (Part),006400, Marwari,448,225,223,0,0,0,448,225,223
C0116,28,536,802918,GHMC (M Corp. + OG) (Part),006489, Rajasthani,90,44,46,0,0,0,90,44,46
C0116,28,536,802918,GHMC (M Corp. + OG) (Part),006541, Sugali,5,2,3,0,0,0,5,2,3
C0116,28,536,802918,GHMC (M Corp. + OG) (Part),006999,6 Others,52,31,21,0,0,0,52,31,21
C0116,28,536,802918,GHMC (M Corp. + OG) (Part),007000,7 KANNADA,2295,1195,1100,0,0,0,2295,1195,1100
C0116,28,536,802918,GHMC (M Corp. + OG) (Part),007016, Kannada,2293,1194,1099,0,0,0,2293,1194,1099
C0116,28,536,802918,GHMC (M Corp. + OG) (Part),007999,7 Others,2,1,1,0,0,0,2,1,1
C0116,28,536,802918,GHMC (M Corp. + OG) (Part),008000,8 KASHMIRI ,43,24,19,0,0,0,43,24,19
C0116,28,536,802918,GHMC (M Corp. + OG) (Part),008005, Kashmiri,43,24,19,0,0,0,43,24,19
C0116,28,536,802918,GHMC (M Corp. + OG) (Part),009000,9 KONKANI,106,46,60,0,0,0,106,46,60
C0116,28,536,802918,GHMC (M Corp. + OG) (Part),009011, Konkani,106,46,60,0,0,0,106,46,60
C0116,28,536,802918,GHMC (M Corp. + OG) (Part),010000,10 MAITHILI ,15,9,6,0,0,0,15,9,6
C0116,28,536,802918,GHMC (M Corp. + OG) (Part),010008, Maithili,15,9,6,0,0,0,15,9,6
C0116,28,536,802918,GHMC (M Corp. + OG) (Part),011000,11 MALAYALAM,661,344,317,0,0,0,661,344,317
C0116,28,536,802918,GHMC (M Corp. + OG) (Part),011016, Malayalam,661,344,317,0,0,0,661,344,317
C0116,28,536,802918,GHMC (M Corp. + OG) (Part),012000,12 MANIPURI ,14,4,10,0,0,0,14,4,10
C0116,28,536,802918,GHMC (M Corp. + OG) (Part),012003, Manipuri,14,4,10,0,0,0,14,4,10
C0116,28,536,802918,GHMC (M Corp. + OG) (Part),013000,13 MARATHI ,1876,929,947,0,0,0,1876,929,947
C0116,28,536,802918,GHMC (M Corp. + OG) (Part),013071, Marathi,1876,929,947,0,0,0,1876,929,947
C0116,28,536,802918,GHMC (M Corp. + OG) (Part),014000,14 NEPALI ,316,173,143,0,0,0,316,173,143
C0116,28,536,802918,GHMC (M Corp. + OG) (Part),014011, Nepali,316,173,143,0,0,0,316,173,143
C0116,28,536,802918,GHMC (M Corp. + OG) (Part),015000,15 ODIA ,1341,768,573,0,0,0,1341,768,573
C0116,28,536,802918,GHMC (M Corp. + OG) (Part),015043, Odia,1341,768,573,0,0,0,1341,768,573
C0116,28,536,802918,GHMC (M Corp. + OG) (Part),016000,16 PUNJABI ,758,395,363,0,0,0,758,395,363
C0116,28,536,802918,GHMC (M Corp. + OG) (Part),016038, Punjabi,758,395,363,0,0,0,758,395,363
C0116,28,536,802918,GHMC (M Corp. + OG) (Part),018000,18 SANTALI ,6,3,3,0,0,0,6,3,3
C0116,28,536,802918,GHMC (M Corp. + OG) (Part),018011, Mahili,1,1,0,0,0,0,1,1,0
C0116,28,536,802918,GHMC (M Corp. + OG) (Part),018040, Santali,5,2,3,0,0,0,5,2,3
C0116,28,536,802918,GHMC (M Corp. + OG) (Part),019000,19 SINDHI,154,69,85,0,0,0,154,69,85
C0116,28,536,802918,GHMC (M Corp. + OG) (Part),019008, Kachchhi,25,10,15,0,0,0,25,10,15
C0116,28,536,802918,GHMC (M Corp. + OG) (Part),019014, Sindhi,129,59,70,0,0,0,129,59,70
C0116,28,536,802918,GHMC (M Corp. + OG) (Part),020000,20 TAMIL ,1641,807,834,0,0,0,1641,807,834
C0116,28,536,802918,GHMC (M Corp. + OG) (Part),020027, Tamil,1620,793,827,0,0,0,1620,793,827
C0116,28,536,802918,GHMC (M Corp. + OG) (Part),020029, Yerukala/Yerukula,21,14,7,0,0,0,21,14,7
C0116,28,536,802918,GHMC (M Corp. + OG) (Part),021000,21 TELUGU ,155220,79166,76054,0,0,0,155220,79166,76054
C0116,28,536,802918,GHMC (M Corp. + OG) (Part),021046, Telugu,155215,79164,76051,0,0,0,155215,79164,76051
C0116,28,536,802918,GHMC (M Corp. + OG) (Part),021048, Vadari,4,1,3,0,0,0,4,1,3
C0116,28,536,802918,GHMC (M Corp. + OG) (Part),021999,21 Others,1,1,0,0,0,0,1,1,0
C0116,28,536,802918,GHMC (M Corp. + OG) (Part),022000,22 URDU,69570,35539,34031,0,0,0,69570,35539,34031
C0116,28,536,802918,GHMC (M Corp. + OG) (Part),022015, Urdu,69570,35539,34031,0,0,0,69570,35539,34031
C0116,28,536,802918,GHMC (M Corp. + OG) (Part),028000,28 ARABIC/ARBI ,1,0,1,0,0,0,1,0,1
C0116,28,536,802918,GHMC (M Corp. + OG) (Part),028001, Arabic/Arbi,1,0,1,0,0,0,1,0,1
C0116,28,536,802918,GHMC (M Corp. + OG) (Part),030000,30 BHILI/BHILODI ,17,9,8,0,0,0,17,9,8
C0116,28,536,802918,GHMC (M Corp. + OG) (Part),030066, Paradhi,17,9,8,0,0,0,17,9,8
C0116,28,536,802918,GHMC (M Corp. + OG) (Part),037000,37 COORGI/KODAGU ,4,1,3,0,0,0,4,1,3
C0116,28,536,802918,GHMC (M Corp. + OG) (Part),037001, Coorgi/Kodagu,4,1,3,0,0,0,4,1,3
C0116,28,536,802918,GHMC (M Corp. + OG) (Part),040000,40 ENGLISH ,156,69,87,0,0,0,156,69,87
C0116,28,536,802918,GHMC (M Corp. + OG) (Part),040001, English,156,69,87,0,0,0,156,69,87
C0116,28,536,802918,GHMC (M Corp. + OG) (Part),046000,46 HALAM ,1,1,0,0,0,0,1,1,0
C0116,28,536,802918,GHMC (M Corp. + OG) (Part),046003, Halam,1,1,0,0,0,0,1,1,0
C0116,28,536,802918,GHMC (M Corp. + OG) (Part),047000,47 HMAR,4,1,3,0,0,0,4,1,3
C0116,28,536,802918,GHMC (M Corp. + OG) (Part),047001, Hmar,4,1,3,0,0,0,4,1,3
C0116,28,536,802918,GHMC (M Corp. + OG) (Part),058000,58 KHOND/KONDH ,1,0,1,0,0,0,1,0,1
C0116,28,536,802918,GHMC (M Corp. + OG) (Part),058006, Kuvi,1,0,1,0,0,0,1,0,1
C0116,28,536,802918,GHMC (M Corp. + OG) (Part),065000,65 KONDA,3,2,1,0,0,0,3,2,1
C0116,28,536,802918,GHMC (M Corp. + OG) (Part),065002, Kodu,3,2,1,0,0,0,3,2,1
C0116,28,536,802918,GHMC (M Corp. + OG) (Part),081000,81 LOTHA ,1,1,0,0,0,0,1,1,0
C0116,28,536,802918,GHMC (M Corp. + OG) (Part),081001, Lotha,1,1,0,0,0,0,1,1,0
C0116,28,536,802918,GHMC (M Corp. + OG) (Part),082000,82 LUSHAI/MIZO ,4,0,4,0,0,0,4,0,4
C0116,28,536,802918,GHMC (M Corp. + OG) (Part),082005, Lushai/Mizo,4,0,4,0,0,0,4,0,4
C0116,28,536,802918,GHMC (M Corp. + OG) (Part),096000,96 PAITE,2,1,1,0,0,0,2,1,1
C0116,28,536,802918,GHMC (M Corp. + OG) (Part),096002, Paite,2,1,1,0,0,0,2,1,1
C0116,28,536,802918,GHMC (M Corp. + OG) (Part),114000,114 THADO ,13,6,7,0,0,0,13,6,7
C0116,28,536,802918,GHMC (M Corp. + OG) (Part),114015, Thado,13,6,7,0,0,0,13,6,7
C0116,28,536,802918,GHMC (M Corp. + OG) (Part),117000,117 TULU ,8,4,4,0,0,0,8,4,4
C0116,28,536,802918,GHMC (M Corp. + OG) (Part),117009, Tulu,8,4,4,0,0,0,8,4,4
C0116,28,536,802918,GHMC (M Corp. + OG) (Part),124000,124 OTHERS,108,61,47,0,0,0,108,61,47
C0116,28,536,802918,GHMC (M Corp. + OG) (Part),001000,1 ASSAMESE,7,5,2,0,0,0,7,5,2
C0116,28,536,802918,GHMC (M Corp. + OG) (Part),001002, Assamese,7,5,2,0,0,0,7,5,2
C0116,28,536,802918,GHMC (M Corp. + OG) (Part),002000,2 BENGALI ,296,155,141,0,0,0,296,155,141
C0116,28,536,802918,GHMC (M Corp. + OG) (Part),002007, Bengali,296,155,141,0,0,0,296,155,141
C0116,28,536,802918,GHMC (M Corp. + OG) (Part),005000,5 GUJARATI,562,270,292,0,0,0,562,270,292
C0116,28,536,802918,GHMC (M Corp. + OG) (Part),005018, Gujarati,562,270,292,0,0,0,562,270,292
C0116,28,536,802918,GHMC (M Corp. + OG) (Part),006000,6 HINDI ,7079,3637,3442,0,0,0,7079,3637,3442
C0116,28,536,802918,GHMC (M Corp. + OG) (Part),006066, Banjari,1024,550,474,0,0,0,1024,550,474
C0116,28,536,802918,GHMC (M Corp. + OG) (Part),006102, Bhojpuri,1,0,1,0,0,0,1,0,1
C0116,28,536,802918,GHMC (M Corp. + OG) (Part),006125, Bundeli/Bundel khandi,1,1,0,0,0,0,1,1,0
C0116,28,536,802918,GHMC (M Corp. + OG) (Part),006240, Hindi,4205,2173,2032,0,0,0,4205,2173,2032
C0116,28,536,802918,GHMC (M Corp. + OG) (Part),006353, Lamani/Lambadi,1091,533,558,0,0,0,1091,533,558
C0116,28,536,802918,GHMC (M Corp. + OG) (Part),006376, Magadhi/Magahi,4,1,3,0,0,0,4,1,3
C0116,28,536,802918,GHMC (M Corp. + OG) (Part),006400, Marwari,657,328,329,0,0,0,657,328,329
C0116,28,536,802918,GHMC (M Corp. + OG) (Part),006489, Rajasthani,91,47,44,0,0,0,91,47,44
C0116,28,536,802918,GHMC (M Corp. + OG) (Part),006541, Sugali,1,1,0,0,0,0,1,1,0
C0116,28,536,802918,GHMC (M Corp. + OG) (Part),006999,6 Others,4,3,1,0,0,0,4,3,1
C0116,28,536,802918,GHMC (M Corp. + OG) (Part),007000,7 KANNADA,351,181,170,0,0,0,351,181,170
C0116,28,536,802918,GHMC (M Corp. + OG) (Part),007016, Kannada,351,181,170,0,0,0,351,181,170
C0116,28,536,802918,GHMC (M Corp. + OG) (Part),008000,8 KASHMIRI ,2,1,1,0,0,0,2,1,1
C0116,28,536,802918,GHMC (M Corp. + OG) (Part),008005, Kashmiri,2,1,1,0,0,0,2,1,1
C0116,28,536,802918,GHMC (M Corp. + OG) (Part),009000,9 KONKANI,36,15,21,0,0,0,36,15,21
C0116,28,536,802918,GHMC (M Corp. + OG) (Part),009011, Konkani,36,15,21,0,0,0,36,15,21
C0116,28,536,802918,GHMC (M Corp. + OG) (Part),010000,10 MAITHILI ,3,2,1,0,0,0,3,2,1
C0116,28,536,802918,GHMC (M Corp. + OG) (Part),010008, Maithili,3,2,1,0,0,0,3,2,1
C0116,28,536,802918,GHMC (M Corp. + OG) (Part),011000,11 MALAYALAM,284,153,131,0,0,0,284,153,131
C0116,28,536,802918,GHMC (M Corp. + OG) (Part),011016, Malayalam,284,153,131,0,0,0,284,153,131
C0116,28,536,802918,GHMC (M Corp. + OG) (Part),013000,13 MARATHI ,570,288,282,0,0,0,570,288,282
C0116,28,536,802918,GHMC (M Corp. + OG) (Part),013071, Marathi,570,288,282,0,0,0,570,288,282
C0116,28,536,802918,GHMC (M Corp. + OG) (Part),014000,14 NEPALI ,6,6,0,0,0,0,6,6,0
C0116,28,536,802918,GHMC (M Corp. + OG) (Part),014011, Nepali,6,6,0,0,0,0,6,6,0
C0116,28,536,802918,GHMC (M Corp. + OG) (Part),015000,15 ODIA ,269,141,128,0,0,0,269,141,128
C0116,28,536,802918,GHMC (M Corp. + OG) (Part),015043, Odia,269,141,128,0,0,0,269,141,128
C0116,28,536,802918,GHMC (M Corp. + OG) (Part),016000,16 PUNJABI ,410,199,211,0,0,0,410,199,211
C0116,28,536,802918,GHMC (M Corp. + OG) (Part),016038, Punjabi,410,199,211,0,0,0,410,199,211
C0116,28,536,802918,GHMC (M Corp. + OG) (Part),017000,17 SANSKRIT ,1,0,1,0,0,0,1,0,1
C0116,28,536,802918,GHMC (M Corp. + OG) (Part),017002, Sanskrit,1,0,1,0,0,0,1,0,1
C0116,28,536,802918,GHMC (M Corp. + OG) (Part),019000,19 SINDHI,39,17,22,0,0,0,39,17,22
C0116,28,536,802918,GHMC (M Corp. + OG) (Part),019014, Sindhi,39,17,22,0,0,0,39,17,22
C0116,28,536,802918,GHMC (M Corp. + OG) (Part),020000,20 TAMIL ,695,338,357,0,0,0,695,338,357
C0116,28,536,802918,GHMC (M Corp. + OG) (Part),020027, Tamil,688,334,354,0,0,0,688,334,354
C0116,28,536,802918,GHMC (M Corp. + OG) (Part),020029, Yerukala/Yerukula,7,4,3,0,0,0,7,4,3
C0116,28,536,802918,GHMC (M Corp. + OG) (Part),021000,21 TELUGU ,45789,23042,22747,0,0,0,45789,23042,22747
C0116,28,536,802918,GHMC (M Corp. + OG) (Part),021046, Telugu,45789,23042,22747,0,0,0,45789,23042,22747
C0116,28,536,802918,GHMC (M Corp. + OG) (Part),022000,22 URDU,2599,1289,1310,0,0,0,2599,1289,1310
C0116,28,536,802918,GHMC (M Corp. + OG) (Part),022015, Urdu,2599,1289,1310,0,0,0,2599,1289,1310
C0116,28,536,802918,GHMC (M Corp. + OG) (Part),030000,30 BHILI/BHILODI ,8,2,6,0,0,0,8,2,6
C0116,28,536,802918,GHMC (M Corp. + OG) (Part),030066, Paradhi,8,2,6,0,0,0,8,2,6
C0116,28,536,802918,GHMC (M Corp. + OG) (Part),037000,37 COORGI/KODAGU ,3,2,1,0,0,0,3,2,1
C0116,28,536,802918,GHMC (M Corp. + OG) (Part),037001, Coorgi/Kodagu,3,2,1,0,0,0,3,2,1
C0116,28,536,802918,GHMC (M Corp. + OG) (Part),040000,40 ENGLISH ,46,25,21,0,0,0,46,25,21
C0116,28,536,802918,GHMC (M Corp. + OG) (Part),040001, English,46,25,21,0,0,0,46,25,21
C0116,28,536,802918,GHMC (M Corp. + OG) (Part),092000,92 MUNDARI ,1,1,0,0,0,0,1,1,0
C0116,28,536,802918,GHMC (M Corp. + OG) (Part),092005, Mundari,1,1,0,0,0,0,1,1,0
C0116,28,536,802918,GHMC (M Corp. + OG) (Part),117000,117 TULU ,7,4,3,0,0,0,7,4,3
C0116,28,536,802918,GHMC (M Corp. + OG) (Part),117009, Tulu,4,2,2,0,0,0,4,2,2
C0116,28,536,802918,GHMC (M Corp. + OG) (Part),117999,117 Others ,3,2,1,0,0,0,3,2,1
C0116,28,536,802918,GHMC (M Corp. + OG) (Part),124000,124 OTHERS,7,3,4,0,0,0,7,3,4
C0116,28,536,802918,GHMC (M Corp. + OG) (Part),001000,1 ASSAMESE,20,11,9,0,0,0,20,11,9
C0116,28,536,802918,GHMC (M Corp. + OG) (Part),001002, Assamese,19,10,9,0,0,0,19,10,9
C0116,28,536,802918,GHMC (M Corp. + OG) (Part),001999,1 Others,1,1,0,0,0,0,1,1,0
C0116,28,536,802918,GHMC (M Corp. + OG) (Part),002000,2 BENGALI ,857,474,383,0,0,0,857,474,383
C0116,28,536,802918,GHMC (M Corp. + OG) (Part),002007, Bengali,857,474,383,0,0,0,857,474,383
C0116,28,536,802918,GHMC (M Corp. + OG) (Part),005000,5 GUJARATI,5796,2927,2869,0,0,0,5796,2927,2869
C0116,28,536,802918,GHMC (M Corp. + OG) (Part),005018, Gujarati,5582,2822,2760,0,0,0,5582,2822,2760
C0116,28,536,802918,GHMC (M Corp. + OG) (Part),005057, Saurashtra/Saurashtri,7,4,3,0,0,0,7,4,3
C0116,28,536,802918,GHMC (M Corp. + OG) (Part),005999,5 Others,207,101,106,0,0,0,207,101,106
C0116,28,536,802918,GHMC (M Corp. + OG) (Part),006000,6 HINDI ,13433,7032,6401,0,0,0,13433,7032,6401
C0116,28,536,802918,GHMC (M Corp. + OG) (Part),006066, Banjari,9,5,4,0,0,0,9,5,4
C0116,28,536,802918,GHMC (M Corp. + OG) (Part),006102, Bhojpuri,21,12,9,0,0,0,21,12,9
C0116,28,536,802918,GHMC (M Corp. + OG) (Part),006195, Garhwali,9,6,3,0,0,0,9,6,3
C0116,28,536,802918,GHMC (M Corp. + OG) (Part),006240, Hindi,9039,4710,4329,0,0,0,9039,4710,4329
C0116,28,536,802918,GHMC (M Corp. + OG) (Part),006353, Lamani/Lambadi,101,54,47,0,0,0,101,54,47
C0116,28,536,802918,GHMC (M Corp. + OG) (Part),006400, Marwari,4004,2104,1900,0,0,0,4004,2104,1900
C0116,28,536,802918,GHMC (M Corp. + OG) (Part),006489, Rajasthani,187,103,84,0,0,0,187,103,84
C0116,28,536,802918,GHMC (M Corp. + OG) (Part),006541, Sugali,3,2,1,0,0,0,3,2,1
C0116,28,536,802918,GHMC (M Corp. + OG) (Part),006999,6 Others,60,36,24,0,0,0,60,36,24
C0116,28,536,802918,GHMC (M Corp. + OG) (Part),007000,7 KANNADA,1045,503,542,0,0,0,1045,503,542
C0116,28,536,802918,GHMC (M Corp. + OG) (Part),007016, Kannada,1044,502,542,0,0,0,1044,502,542
C0116,28,536,802918,GHMC (M Corp. + OG) (Part),007999,7 Others,1,1,0,0,0,0,1,1,0
C0116,28,536,802918,GHMC (M Corp. + OG) (Part),008000,8 KASHMIRI ,5,3,2,0,0,0,5,3,2
C0116,28,536,802918,GHMC (M Corp. + OG) (Part),008005, Kashmiri,5,3,2,0,0,0,5,3,2
C0116,28,536,802918,GHMC (M Corp. + OG) (Part),009000,9 KONKANI,104,51,53,0,0,0,104,51,53
C0116,28,536,802918,GHMC (M Corp. + OG) (Part),009011, Konkani,104,51,53,0,0,0,104,51,53
C0116,28,536,802918,GHMC (M Corp. + OG) (Part),010000,10 MAITHILI ,11,4,7,0,0,0,11,4,7
C0116,28,536,802918,GHMC (M Corp. + OG) (Part),010008, Maithili,11,4,7,0,0,0,11,4,7
C0116,28,536,802918,GHMC (M Corp. + OG) (Part),011000,11 MALAYALAM,419,191,228,0,0,0,419,191,228
C0116,28,536,802918,GHMC (M Corp. + OG) (Part),011016, Malayalam,419,191,228,0,0,0,419,191,228
C0116,28,536,802918,GHMC (M Corp. + OG) (Part),012000,12 MANIPURI ,12,6,6,0,0,0,12,6,6
C0116,28,536,802918,GHMC (M Corp. + OG) (Part),012003, Manipuri,12,6,6,0,0,0,12,6,6
C0116,28,536,802918,GHMC (M Corp. + OG) (Part),013000,13 MARATHI ,2508,1291,1217,0,0,0,2508,1291,1217
C0116,28,536,802918,GHMC (M Corp. + OG) (Part),013071, Marathi,2508,1291,1217,0,0,0,2508,1291,1217
C0116,28,536,802918,GHMC (M Corp. + OG) (Part),014000,14 NEPALI ,132,71,61,0,0,0,132,71,61
C0116,28,536,802918,GHMC (M Corp. + OG) (Part),014011, Nepali,132,71,61,0,0,0,132,71,61
C0116,28,536,802918,GHMC (M Corp. + OG) (Part),015000,15 ODIA ,405,251,154,0,0,0,405,251,154
C0116,28,536,802918,GHMC (M Corp. + OG) (Part),015043, Odia,404,251,153,0,0,0,404,251,153
C0116,28,536,802918,GHMC (M Corp. + OG) (Part),015055, Relli,1,0,1,0,0,0,1,0,1
C0116,28,536,802918,GHMC (M Corp. + OG) (Part),016000,16 PUNJABI ,371,191,180,0,0,0,371,191,180
C0116,28,536,802918,GHMC (M Corp. + OG) (Part),016038, Punjabi,371,191,180,0,0,0,371,191,180
C0116,28,536,802918,GHMC (M Corp. + OG) (Part),017000,17 SANSKRIT ,9,4,5,0,0,0,9,4,5
C0116,28,536,802918,GHMC (M Corp. + OG) (Part),017002, Sanskrit,9,4,5,0,0,0,9,4,5
C0116,28,536,802918,GHMC (M Corp. + OG) (Part),018000,18 SANTALI ,3,1,2,0,0,0,3,1,2
C0116,28,536,802918,GHMC (M Corp. + OG) (Part),018040, Santali,3,1,2,0,0,0,3,1,2
C0116,28,536,802918,GHMC (M Corp. + OG) (Part),019000,19 SINDHI,1718,866,852,0,0,0,1718,866,852
C0116,28,536,802918,GHMC (M Corp. + OG) (Part),019008, Kachchhi,22,10,12,0,0,0,22,10,12
C0116,28,536,802918,GHMC (M Corp. + OG) (Part),019014, Sindhi,1696,856,840,0,0,0,1696,856,840
C0116,28,536,802918,GHMC (M Corp. + OG) (Part),020000,20 TAMIL ,4319,2084,2235,0,0,0,4319,2084,2235
C0116,28,536,802918,GHMC (M Corp. + OG) (Part),020015, Korava,4,2,2,0,0,0,4,2,2
C0116,28,536,802918,GHMC (M Corp. + OG) (Part),020027, Tamil,4302,2077,2225,0,0,0,4302,2077,2225
C0116,28,536,802918,GHMC (M Corp. + OG) (Part),020029, Yerukala/Yerukula,13,5,8,0,0,0,13,5,8
C0116,28,536,802918,GHMC (M Corp. + OG) (Part),021000,21 TELUGU ,86162,42884,43278,0,0,0,86162,42884,43278
C0116,28,536,802918,GHMC (M Corp. + OG) (Part),021046, Telugu,86162,42884,43278,0,0,0,86162,42884,43278
C0116,28,536,802918,GHMC (M Corp. + OG) (Part),022000,22 URDU,17445,8768,8677,0,0,0,17445,8768,8677
C0116,28,536,802918,GHMC (M Corp. + OG) (Part),022015, Urdu,17443,8768,8675,0,0,0,17443,8768,8675
C0116,28,536,802918,GHMC (M Corp. + OG) (Part),022999,22 Others,2,0,2,0,0,0,2,0,2
C0116,28,536,802918,GHMC (M Corp. + OG) (Part),030000,30 BHILI/BHILODI ,19,11,8,0,0,0,19,11,8
C0116,28,536,802918,GHMC (M Corp. + OG) (Part),030035, Kokna/Kokni/Kukna,4,2,2,0,0,0,4,2,2
C0116,28,536,802918,GHMC (M Corp. + OG) (Part),030066, Paradhi,15,9,6,0,0,0,15,9,6
C0116,28,536,802918,GHMC (M Corp. + OG) (Part),031000,31 BHOTIA ,1,1,0,0,0,0,1,1,0
C0116,28,536,802918,GHMC (M Corp. + OG) (Part),031001, Bhotia,1,1,0,0,0,0,1,1,0
C0116,28,536,802918,GHMC (M Corp. + OG) (Part),040000,40 ENGLISH ,371,176,195,0,0,0,371,176,195
C0116,28,536,802918,GHMC (M Corp. + OG) (Part),040001, English,371,176,195,0,0,0,371,176,195
C0116,28,536,802918,GHMC (M Corp. + OG) (Part),044000,44 GONDI,4,3,1,0,0,0,4,3,1
C0116,28,536,802918,GHMC (M Corp. + OG) (Part),044999,44 Others,4,3,1,0,0,0,4,3,1
C0116,28,536,802918,GHMC (M Corp. + OG) (Part),058000,58 KHOND/KONDH ,1,1,0,0,0,0,1,1,0
C0116,28,536,802918,GHMC (M Corp. + OG) (Part),058006, Kuvi,1,1,0,0,0,0,1,1,0
C0116,28,536,802918,GHMC (M Corp. + OG) (Part),062000,62 KODA/KORA ,2,0,2,0,0,0,2,0,2
C0116,28,536,802918,GHMC (M Corp. + OG) (Part),062003, Koda/Kora,2,0,2,0,0,0,2,0,2
C0116,28,536,802918,GHMC (M Corp. + OG) (Part),076000,76 LAKHER,3,3,0,0,0,0,3,3,0
C0116,28,536,802918,GHMC (M Corp. + OG) (Part),076002, Mara,3,3,0,0,0,0,3,3,0
C0116,28,536,802918,GHMC (M Corp. + OG) (Part),117000,117 TULU ,5,3,2,0,0,0,5,3,2
C0116,28,536,802918,GHMC (M Corp. + OG) (Part),117009, Tulu,5,3,2,0,0,0,5,3,2
C0116,28,536,802918,GHMC (M Corp. + OG) (Part),118000,118 VAIPHEI ,1,0,1,0,0,0,1,0,1
C0116,28,536,802918,GHMC (M Corp. + OG) (Part),118002, Vaiphei,1,0,1,0,0,0,1,0,1
C0116,28,536,802918,GHMC (M Corp. + OG) (Part),124000,124 OTHERS,189,94,95,0,0,0,189,94,95
C0116,28,536,802919,Secunderabad (CB),001000,1 ASSAMESE,217,143,74,0,0,0,217,143,74
C0116,28,536,802919,Secunderabad (CB),001002, Assamese,214,140,74,0,0,0,214,140,74
C0116,28,536,802919,Secunderabad (CB),001999,1 Others,3,3,0,0,0,0,3,3,0
C0116,28,536,802919,Secunderabad (CB),002000,2 BENGALI ,1918,1122,796,0,0,0,1918,1122,796
C0116,28,536,802919,Secunderabad (CB),002007, Bengali,1917,1121,796,0,0,0,1917,1121,796
C0116,28,536,802919,Secunderabad (CB),002011, Chakma,1,1,0,0,0,0,1,1,0
C0116,28,536,802919,Secunderabad (CB),003000,3 BODO ,7,7,0,0,0,0,7,7,0
C0116,28,536,802919,Secunderabad (CB),003001, Bodo/Boro,7,7,0,0,0,0,7,7,0
C0116,28,536,802919,Secunderabad (CB),004000,4 DOGRI ,138,113,25,0,0,0,138,113,25
C0116,28,536,802919,Secunderabad (CB),004001, Dogri,138,113,25,0,0,0,138,113,25
C0116,28,536,802919,Secunderabad (CB),005000,5 GUJARATI,2118,1139,979,0,0,0,2118,1139,979
C0116,28,536,802919,Secunderabad (CB),005018, Gujarati,1995,1062,933,0,0,0,1995,1062,933
C0116,28,536,802919,Secunderabad (CB),005057, Saurashtra/Saurashtri,25,13,12,0,0,0,25,13,12
C0116,28,536,802919,Secunderabad (CB),005999,5 Others,98,64,34,0,0,0,98,64,34
C0116,28,536,802919,Secunderabad (CB),006000,6 HINDI ,25089,14820,10269,0,0,0,25089,14820,10269
C0116,28,536,802919,Secunderabad (CB),006030, Awadhi,8,6,2,0,0,0,8,6,2
C0116,28,536,802919,Secunderabad (CB),006066, Banjari,195,108,87,0,0,0,195,108,87
C0116,28,536,802919,Secunderabad (CB),006096, Bharmauri/Gaddi,15,8,7,0,0,0,15,8,7
C0116,28,536,802919,Secunderabad (CB),006102, Bhojpuri,232,177,55,0,0,0,232,177,55
C0116,28,536,802919,Secunderabad (CB),006125, Bundeli/Bundel khandi,4,2,2,0,0,0,4,2,2
C0116,28,536,802919,Secunderabad (CB),006142, Chhattisgarhi,2,1,1,0,0,0,2,1,1
C0116,28,536,802919,Secunderabad (CB),006173, Dhundhari,1,1,0,0,0,0,1,1,0
C0116,28,536,802919,Secunderabad (CB),006195, Garhwali,21,10,11,0,0,0,21,10,11
C0116,28,536,802919,Secunderabad (CB),006235, Haryanvi,48,34,14,0,0,0,48,34,14
C0116,28,536,802919,Secunderabad (CB),006240, Hindi,21438,12851,8587,0,0,0,21438,12851,8587
C0116,28,536,802919,Secunderabad (CB),006320, Khortha/Khotta,1,1,0,0,0,0,1,1,0
C0116,28,536,802919,Secunderabad (CB),006340, Kumauni,16,11,5,0,0,0,16,11,5
C0116,28,536,802919,Secunderabad (CB),006353, Lamani/Lambadi,755,404,351,0,0,0,755,404,351
C0116,28,536,802919,Secunderabad (CB),006391, Malvi,2,0,2,0,0,0,2,0,2
C0116,28,536,802919,Secunderabad (CB),006400, Marwari,2007,1018,989,0,0,0,2007,1018,989
C0116,28,536,802919,Secunderabad (CB),006439, Pahari,6,4,2,0,0,0,6,4,2
C0116,28,536,802919,Secunderabad (CB),006489, Rajasthani,257,137,120,0,0,0,257,137,120
C0116,28,536,802919,Secunderabad (CB),006503, Sadan/Sadri,1,1,0,0,0,0,1,1,0
C0116,28,536,802919,Secunderabad (CB),006999,6 Others,80,46,34,0,0,0,80,46,34
C0116,28,536,802919,Secunderabad (CB),007000,7 KANNADA,2494,1422,1072,0,0,0,2494,1422,1072
C0116,28,536,802919,Secunderabad (CB),007016, Kannada,2490,1421,1069,0,0,0,2490,1421,1069
C0116,28,536,802919,Secunderabad (CB),007999,7 Others,4,1,3,0,0,0,4,1,3
C0116,28,536,802919,Secunderabad (CB),008000,8 KASHMIRI ,36,20,16,0,0,0,36,20,16
C0116,28,536,802919,Secunderabad (CB),008005, Kashmiri,36,20,16,0,0,0,36,20,16
C0116,28,536,802919,Secunderabad (CB),009000,9 KONKANI,186,86,100,0,0,0,186,86,100
C0116,28,536,802919,Secunderabad (CB),009011, Konkani,184,84,100,0,0,0,184,84,100
C0116,28,536,802919,Secunderabad (CB),009016, Malwani,1,1,0,0,0,0,1,1,0
C0116,28,536,802919,Secunderabad (CB),009028, Gorboli/Goru/Gorwani,1,1,0,0,0,0,1,1,0
C0116,28,536,802919,Secunderabad (CB),010000,10 MAITHILI ,35,24,11,0,0,0,35,24,11
C0116,28,536,802919,Secunderabad (CB),010008, Maithili,35,24,11,0,0,0,35,24,11
C0116,28,536,802919,Secunderabad (CB),011000,11 MALAYALAM,3253,1913,1340,0,0,0,3253,1913,1340
C0116,28,536,802919,Secunderabad (CB),011016, Malayalam,3253,1913,1340,0,0,0,3253,1913,1340
C0116,28,536,802919,Secunderabad (CB),012000,12 MANIPURI ,94,71,23,0,0,0,94,71,23
C0116,28,536,802919,Secunderabad (CB),012003, Manipuri,94,71,23,0,0,0,94,71,23
C0116,28,536,802919,Secunderabad (CB),013000,13 MARATHI ,4165,2396,1769,0,0,0,4165,2396,1769
C0116,28,536,802919,Secunderabad (CB),013071, Marathi,4165,2396,1769,0,0,0,4165,2396,1769
C0116,28,536,802919,Secunderabad (CB),014000,14 NEPALI ,477,265,212,0,0,0,477,265,212
C0116,28,536,802919,Secunderabad (CB),014011, Nepali,477,265,212,0,0,0,477,265,212
C0116,28,536,802919,Secunderabad (CB),015000,15 ODIA ,2273,1278,995,0,0,0,2273,1278,995
C0116,28,536,802919,Secunderabad (CB),015043, Odia,2264,1275,989,0,0,0,2264,1275,989
C0116,28,536,802919,Secunderabad (CB),015055, Relli,8,3,5,0,0,0,8,3,5
C0116,28,536,802919,Secunderabad (CB),015999,15 Others,1,0,1,0,0,0,1,0,1
C0116,28,536,802919,Secunderabad (CB),016000,16 PUNJABI ,1899,1070,829,0,0,0,1899,1070,829
C0116,28,536,802919,Secunderabad (CB),016038, Punjabi,1899,1070,829,0,0,0,1899,1070,829
C0116,28,536,802919,Secunderabad (CB),017000,17 SANSKRIT ,9,6,3,0,0,0,9,6,3
C0116,28,536,802919,Secunderabad (CB),017002, Sanskrit,9,6,3,0,0,0,9,6,3
C0116,28,536,802919,Secunderabad (CB),018000,18 SANTALI ,1,1,0,0,0,0,1,1,0
C0116,28,536,802919,Secunderabad (CB),018999,18 Others,1,1,0,0,0,0,1,1,0
C0116,28,536,802919,Secunderabad (CB),019000,19 SINDHI,723,364,359,0,0,0,723,364,359
C0116,28,536,802919,Secunderabad (CB),019008, Kachchhi,33,17,16,0,0,0,33,17,16
C0116,28,536,802919,Secunderabad (CB),019014, Sindhi,690,347,343,0,0,0,690,347,343
C0116,28,536,802919,Secunderabad (CB),020000,20 TAMIL ,15675,8005,7670,0,0,0,15675,8005,7670
C0116,28,536,802919,Secunderabad (CB),020027, Tamil,15165,7791,7374,0,0,0,15165,7791,7374
C0116,28,536,802919,Secunderabad (CB),020029, Yerukala/Yerukula,502,212,290,0,0,0,502,212,290
C0116,28,536,802919,Secunderabad (CB),020999,20 Others,8,2,6,0,0,0,8,2,6
C0116,28,536,802919,Secunderabad (CB),021000,21 TELUGU ,133119,67136,65983,0,0,0,133119,67136,65983
C0116,28,536,802919,Secunderabad (CB),021046, Telugu,133119,67136,65983,0,0,0,133119,67136,65983
C0116,28,536,802919,Secunderabad (CB),022000,22 URDU,23046,11702,11344,0,0,0,23046,11702,11344
C0116,28,536,802919,Secunderabad (CB),022015, Urdu,23031,11692,11339,0,0,0,23031,11692,11339
C0116,28,536,802919,Secunderabad (CB),022999,22 Others,15,10,5,0,0,0,15,10,5
C0116,28,536,802919,Secunderabad (CB),023000,23 ADI ,6,4,2,0,0,0,6,4,2
C0116,28,536,802919,Secunderabad (CB),023999,23 Others,6,4,2,0,0,0,6,4,2
C0116,28,536,802919,Secunderabad (CB),027000,27 AO ,1,1,0,0,0,0,1,1,0
C0116,28,536,802919,Secunderabad (CB),027001, Ao,1,1,0,0,0,0,1,1,0
C0116,28,536,802919,Secunderabad (CB),030000,30 BHILI/BHILODI ,26,15,11,0,0,0,26,15,11
C0116,28,536,802919,Secunderabad (CB),030035, Kokna/Kokni/Kukna,4,2,2,0,0,0,4,2,2
C0116,28,536,802919,Secunderabad (CB),030066, Paradhi,16,10,6,0,0,0,16,10,6
C0116,28,536,802919,Secunderabad (CB),030999,30 Others,6,3,3,0,0,0,6,3,3
C0116,28,536,802919,Secunderabad (CB),031000,31 BHOTIA ,1,1,0,0,0,0,1,1,0
C0116,28,536,802919,Secunderabad (CB),031999,31 Others,1,1,0,0,0,0,1,1,0
C0116,28,536,802919,Secunderabad (CB),037000,37 COORGI/KODAGU ,6,4,2,0,0,0,6,4,2
C0116,28,536,802919,Secunderabad (CB),037001, Coorgi/Kodagu,6,4,2,0,0,0,6,4,2
C0116,28,536,802919,Secunderabad (CB),040000,40 ENGLISH ,610,299,311,0,0,0,610,299,311
C0116,28,536,802919,Secunderabad (CB),040001, English,610,299,311,0,0,0,610,299,311
C0116,28,536,802919,Secunderabad (CB),043000,43 GARO ,2,2,0,0,0,0,2,2,0
C0116,28,536,802919,Secunderabad (CB),043005, Garo,2,2,0,0,0,0,2,2,0
C0116,28,536,802919,Secunderabad (CB),044000,44 GONDI,3,3,0,0,0,0,3,3,0
C0116,28,536,802919,Secunderabad (CB),044999,44 Others,3,3,0,0,0,0,3,3,0
C0116,28,536,802919,Secunderabad (CB),047000,47 HMAR,1,1,0,0,0,0,1,1,0
C0116,28,536,802919,Secunderabad (CB),047001, Hmar,1,1,0,0,0,0,1,1,0
C0116,28,536,802919,Secunderabad (CB),054000,54 KHARIA ,2,1,1,0,0,0,2,1,1
C0116,28,536,802919,Secunderabad (CB),054005, Kharia,2,1,1,0,0,0,2,1,1
C0116,28,536,802919,Secunderabad (CB),055000,55 KHASI ,1,1,0,0,0,0,1,1,0
C0116,28,536,802919,Secunderabad (CB),055007, Khasi,1,1,0,0,0,0,1,1,0
C0116,28,536,802919,Secunderabad (CB),056000,56 KHEZHA ,2,2,0,0,0,0,2,2,0
C0116,28,536,802919,Secunderabad (CB),056999,56 Others ,2,2,0,0,0,0,2,2,0
C0116,28,536,802919,Secunderabad (CB),058000,58 KHOND/KONDH ,2,1,1,0,0,0,2,1,1
C0116,28,536,802919,Secunderabad (CB),058006, Kuvi,2,1,1,0,0,0,2,1,1
C0116,28,536,802919,Secunderabad (CB),059000,59 KINNAURI ,1,1,0,0,0,0,1,1,0
C0116,28,536,802919,Secunderabad (CB),059999,59 Others,1,1,0,0,0,0,1,1,0
C0116,28,536,802919,Secunderabad (CB),070000,70 KUI ,6,2,4,0,0,0,6,2,4
C0116,28,536,802919,Secunderabad (CB),070001, Kui,6,2,4,0,0,0,6,2,4
C0116,28,536,802919,Secunderabad (CB),071000,71 KUKI,2,2,0,0,0,0,2,2,0
C0116,28,536,802919,Secunderabad (CB),071008, Kuki,2,2,0,0,0,0,2,2,0
C0116,28,536,802919,Secunderabad (CB),081000,81 LOTHA ,1,1,0,0,0,0,1,1,0
C0116,28,536,802919,Secunderabad (CB),081001, Lotha,1,1,0,0,0,0,1,1,0
C0116,28,536,802919,Secunderabad (CB),082000,82 LUSHAI/MIZO ,7,5,2,0,0,0,7,5,2
C0116,28,536,802919,Secunderabad (CB),082005, Lushai/Mizo,7,5,2,0,0,0,7,5,2
C0116,28,536,802919,Secunderabad (CB),091000,91 MUNDA,3,1,2,0,0,0,3,1,2
C0116,28,536,802919,Secunderabad (CB),091999,91 Others ,3,1,2,0,0,0,3,1,2
C0116,28,536,802919,Secunderabad (CB),106000,106 SAVARA,3,3,0,0,0,0,3,3,0
C0116,28,536,802919,Secunderabad (CB),106004, Savara,3,3,0,0,0,0,3,3,0
C0116,28,536,802919,Secunderabad (CB),114000,114 THADO ,1,1,0,0,0,0,1,1,0
C0116,28,536,802919,Secunderabad (CB),114015, Thado,1,1,0,0,0,0,1,1,0
C0116,28,536,802919,Secunderabad (CB),116000,116 TRIPURI ,4,3,1,0,0,0,4,3,1
C0116,28,536,802919,Secunderabad (CB),116007, Kokbarak,2,1,1,0,0,0,2,1,1
C0116,28,536,802919,Secunderabad (CB),116014, Tripuri,2,2,0,0,0,0,2,2,0
C0116,28,536,802919,Secunderabad (CB),117000,117 TULU ,26,13,13,0,0,0,26,13,13
C0116,28,536,802919,Secunderabad (CB),117009, Tulu,26,13,13,0,0,0,26,13,13
C0116,28,536,802919,Secunderabad (CB),119000,119 WANCHO,4,1,3,0,0,0,4,1,3
C0116,28,536,802919,Secunderabad (CB),119001, Wancho,4,1,3,0,0,0,4,1,3
C0116,28,536,802919,Secunderabad (CB),124000,124 OTHERS,217,106,111,0,0,0,217,106,111
C0116,28,536,802918,GHMC (M Corp. + OG) (Part),001000,1 ASSAMESE,22,14,8,0,0,0,22,14,8
C0116,28,536,802918,GHMC (M Corp. + OG) (Part),001002, Assamese,22,14,8,0,0,0,22,14,8
C0116,28,536,802918,GHMC (M Corp. + OG) (Part),002000,2 BENGALI ,539,262,277,0,0,0,539,262,277
C0116,28,536,802918,GHMC (M Corp. + OG) (Part),002007, Bengali,539,262,277,0,0,0,539,262,277
C0116,28,536,802918,GHMC (M Corp. + OG) (Part),004000,4 DOGRI ,4,4,0,0,0,0,4,4,0
C0116,28,536,802918,GHMC (M Corp. + OG) (Part),004001, Dogri,4,4,0,0,0,0,4,4,0
C0116,28,536,802918,GHMC (M Corp. + OG) (Part),005000,5 GUJARATI,1041,519,522,0,0,0,1041,519,522
C0116,28,536,802918,GHMC (M Corp. + OG) (Part),005018, Gujarati,992,498,494,0,0,0,992,498,494
C0116,28,536,802918,GHMC (M Corp. + OG) (Part),005057, Saurashtra/Saurashtri,8,4,4,0,0,0,8,4,4
C0116,28,536,802918,GHMC (M Corp. + OG) (Part),005999,5 Others,41,17,24,0,0,0,41,17,24
C0116,28,536,802918,GHMC (M Corp. + OG) (Part),006000,6 HINDI ,8545,4423,4122,0,0,0,8545,4423,4122
C0116,28,536,802918,GHMC (M Corp. + OG) (Part),006066, Banjari,45,25,20,0,0,0,45,25,20
C0116,28,536,802918,GHMC (M Corp. + OG) (Part),006102, Bhojpuri,17,11,6,0,0,0,17,11,6
C0116,28,536,802918,GHMC (M Corp. + OG) (Part),006195, Garhwali,5,1,4,0,0,0,5,1,4
C0116,28,536,802918,GHMC (M Corp. + OG) (Part),006240, Hindi,6717,3505,3212,0,0,0,6717,3505,3212
C0116,28,536,802918,GHMC (M Corp. + OG) (Part),006265, Jaunpuri/Jaunsari,2,1,1,0,0,0,2,1,1
C0116,28,536,802918,GHMC (M Corp. + OG) (Part),006320, Khortha/Khotta,2,1,1,0,0,0,2,1,1
C0116,28,536,802918,GHMC (M Corp. + OG) (Part),006340, Kumauni,4,3,1,0,0,0,4,3,1
C0116,28,536,802918,GHMC (M Corp. + OG) (Part),006353, Lamani/Lambadi,931,457,474,0,0,0,931,457,474
C0116,28,536,802918,GHMC (M Corp. + OG) (Part),006400, Marwari,736,377,359,0,0,0,736,377,359
C0116,28,536,802918,GHMC (M Corp. + OG) (Part),006489, Rajasthani,63,30,33,0,0,0,63,30,33
C0116,28,536,802918,GHMC (M Corp. + OG) (Part),006541, Sugali,5,3,2,0,0,0,5,3,2
C0116,28,536,802918,GHMC (M Corp. + OG) (Part),006999,6 Others,18,9,9,0,0,0,18,9,9
C0116,28,536,802918,GHMC (M Corp. + OG) (Part),007000,7 KANNADA,1390,689,701,0,0,0,1390,689,701
C0116,28,536,802918,GHMC (M Corp. + OG) (Part),007016, Kannada,1379,682,697,0,0,0,1379,682,697
C0116,28,536,802918,GHMC (M Corp. + OG) (Part),007999,7 Others,11,7,4,0,0,0,11,7,4
C0116,28,536,802918,GHMC (M Corp. + OG) (Part),008000,8 KASHMIRI ,8,4,4,0,0,0,8,4,4
C0116,28,536,802918,GHMC (M Corp. + OG) (Part),008005, Kashmiri,8,4,4,0,0,0,8,4,4
C0116,28,536,802918,GHMC (M Corp. + OG) (Part),009000,9 KONKANI,205,94,111,0,0,0,205,94,111
C0116,28,536,802918,GHMC (M Corp. + OG) (Part),009011, Konkani,199,90,109,0,0,0,199,90,109
C0116,28,536,802918,GHMC (M Corp. + OG) (Part),009028, Gorboli/Goru/Gorwani,6,4,2,0,0,0,6,4,2
C0116,28,536,802918,GHMC (M Corp. + OG) (Part),010000,10 MAITHILI ,6,5,1,0,0,0,6,5,1
C0116,28,536,802918,GHMC (M Corp. + OG) (Part),010008, Maithili,6,5,1,0,0,0,6,5,1
C0116,28,536,802918,GHMC (M Corp. + OG) (Part),011000,11 MALAYALAM,1302,617,685,0,0,0,1302,617,685
C0116,28,536,802918,GHMC (M Corp. + OG) (Part),011016, Malayalam,1302,617,685,0,0,0,1302,617,685
C0116,28,536,802918,GHMC (M Corp. + OG) (Part),012000,12 MANIPURI ,15,9,6,0,0,0,15,9,6
C0116,28,536,802918,GHMC (M Corp. + OG) (Part),012003, Manipuri,15,9,6,0,0,0,15,9,6
C0116,28,536,802918,GHMC (M Corp. + OG) (Part),013000,13 MARATHI ,2185,1102,1083,0,0,0,2185,1102,1083
C0116,28,536,802918,GHMC (M Corp. + OG) (Part),013071, Marathi,2185,1102,1083,0,0,0,2185,1102,1083
C0116,28,536,802918,GHMC (M Corp. + OG) (Part),014000,14 NEPALI ,97,56,41,0,0,0,97,56,41
C0116,28,536,802918,GHMC (M Corp. + OG) (Part),014011, Nepali,97,56,41,0,0,0,97,56,41
C0116,28,536,802918,GHMC (M Corp. + OG) (Part),015000,15 ODIA ,624,368,256,0,0,0,624,368,256
C0116,28,536,802918,GHMC (M Corp. + OG) (Part),015043, Odia,624,368,256,0,0,0,624,368,256
C0116,28,536,802918,GHMC (M Corp. + OG) (Part),016000,16 PUNJABI ,424,203,221,0,0,0,424,203,221
C0116,28,536,802918,GHMC (M Corp. + OG) (Part),016038, Punjabi,424,203,221,0,0,0,424,203,221
C0116,28,536,802918,GHMC (M Corp. + OG) (Part),018000,18 SANTALI ,12,7,5,0,0,0,12,7,5
C0116,28,536,802918,GHMC (M Corp. + OG) (Part),018040, Santali,12,7,5,0,0,0,12,7,5
C0116,28,536,802918,GHMC (M Corp. + OG) (Part),019000,19 SINDHI,464,244,220,0,0,0,464,244,220
C0116,28,536,802918,GHMC (M Corp. + OG) (Part),019008, Kachchhi,11,4,7,0,0,0,11,4,7
C0116,28,536,802918,GHMC (M Corp. + OG) (Part),019014, Sindhi,452,239,213,0,0,0,452,239,213
C0116,28,536,802918,GHMC (M Corp. + OG) (Part),019999,19 Others,1,1,0,0,0,0,1,1,0
C0116,28,536,802918,GHMC (M Corp. + OG) (Part),020000,20 TAMIL ,7078,3407,3671,0,0,0,7078,3407,3671
C0116,28,536,802918,GHMC (M Corp. + OG) (Part),020027, Tamil,7030,3388,3642,0,0,0,7030,3388,3642
C0116,28,536,802918,GHMC (M Corp. + OG) (Part),020029, Yerukala/Yerukula,48,19,29,0,0,0,48,19,29
C0116,28,536,802918,GHMC (M Corp. + OG) (Part),021000,21 TELUGU ,128545,63975,64570,0,0,0,128545,63975,64570
C0116,28,536,802918,GHMC (M Corp. + OG) (Part),021046, Telugu,128545,63975,64570,0,0,0,128545,63975,64570
C0116,28,536,802918,GHMC (M Corp. + OG) (Part),022000,22 URDU,18232,9249,8983,0,0,0,18232,9249,8983
C0116,28,536,802918,GHMC (M Corp. + OG) (Part),022015, Urdu,18230,9247,8983,0,0,0,18230,9247,8983
C0116,28,536,802918,GHMC (M Corp. + OG) (Part),022999,22 Others,2,2,0,0,0,0,2,2,0
C0116,28,536,802918,GHMC (M Corp. + OG) (Part),028000,28 ARABIC/ARBI ,57,41,16,0,0,0,57,41,16
C0116,28,536,802918,GHMC (M Corp. + OG) (Part),028001, Arabic/Arbi,57,41,16,0,0,0,57,41,16
C0116,28,536,802918,GHMC (M Corp. + OG) (Part),030000,30 BHILI/BHILODI ,47,21,26,0,0,0,47,21,26
C0116,28,536,802918,GHMC (M Corp. + OG) (Part),030035, Kokna/Kokni/Kukna,1,0,1,0,0,0,1,0,1
C0116,28,536,802918,GHMC (M Corp. + OG) (Part),030066, Paradhi,15,7,8,0,0,0,15,7,8
C0116,28,536,802918,GHMC (M Corp. + OG) (Part),030999,30 Others,31,14,17,0,0,0,31,14,17
C0116,28,536,802918,GHMC (M Corp. + OG) (Part),031000,31 BHOTIA ,6,1,5,0,0,0,6,1,5
C0116,28,536,802918,GHMC (M Corp. + OG) (Part),031001, Bhotia,1,0,1,0,0,0,1,0,1
C0116,28,536,802918,GHMC (M Corp. + OG) (Part),031999,31 Others,5,1,4,0,0,0,5,1,4
C0116,28,536,802918,GHMC (M Corp. + OG) (Part),037000,37 COORGI/KODAGU ,13,7,6,0,0,0,13,7,6
C0116,28,536,802918,GHMC (M Corp. + OG) (Part),037001, Coorgi/Kodagu,13,7,6,0,0,0,13,7,6
C0116,28,536,802918,GHMC (M Corp. + OG) (Part),040000,40 ENGLISH ,1284,624,660,0,0,0,1284,624,660
C0116,28,536,802918,GHMC (M Corp. + OG) (Part),040001, English,1284,624,660,0,0,0,1284,624,660
C0116,28,536,802918,GHMC (M Corp. + OG) (Part),044000,44 GONDI,257,129,128,0,0,0,257,129,128
C0116,28,536,802918,GHMC (M Corp. + OG) (Part),044007, Gondi,4,3,1,0,0,0,4,3,1
C0116,28,536,802918,GHMC (M Corp. + OG) (Part),044999,44 Others,253,126,127,0,0,0,253,126,127
C0116,28,536,802918,GHMC (M Corp. + OG) (Part),056000,56 KHEZHA ,1,0,1,0,0,0,1,0,1
C0116,28,536,802918,GHMC (M Corp. + OG) (Part),056999,56 Others ,1,0,1,0,0,0,1,0,1
C0116,28,536,802918,GHMC (M Corp. + OG) (Part),058000,58 KHOND/KONDH ,2,1,1,0,0,0,2,1,1
C0116,28,536,802918,GHMC (M Corp. + OG) (Part),058006, Kuvi,2,1,1,0,0,0,2,1,1
C0116,28,536,802918,GHMC (M Corp. + OG) (Part),069000,69 KOYA ,1,0,1,0,0,0,1,0,1
C0116,28,536,802918,GHMC (M Corp. + OG) (Part),069002, Koya,1,0,1,0,0,0,1,0,1
C0116,28,536,802918,GHMC (M Corp. + OG) (Part),082000,82 LUSHAI/MIZO ,5,3,2,0,0,0,5,3,2
C0116,28,536,802918,GHMC (M Corp. + OG) (Part),082005, Lushai/Mizo,5,3,2,0,0,0,5,3,2
C0116,28,536,802918,GHMC (M Corp. + OG) (Part),117000,117 TULU ,2,0,2,0,0,0,2,0,2
C0116,28,536,802918,GHMC (M Corp. + OG) (Part),117999,117 Others ,2,0,2,0,0,0,2,0,2
C0116,28,536,802918,GHMC (M Corp. + OG) (Part),124000,124 OTHERS,129,74,55,0,0,0,129,74,55
C0116,28,536,802918,GHMC (M Corp. + OG) (Part),001000,1 ASSAMESE,9,7,2,0,0,0,9,7,2
C0116,28,536,802918,GHMC (M Corp. + OG) (Part),001002, Assamese,9,7,2,0,0,0,9,7,2
C0116,28,536,802918,GHMC (M Corp. + OG) (Part),002000,2 BENGALI ,515,249,266,0,0,0,515,249,266
C0116,28,536,802918,GHMC (M Corp. + OG) (Part),002007, Bengali,515,249,266,0,0,0,515,249,266
C0116,28,536,802918,GHMC (M Corp. + OG) (Part),005000,5 GUJARATI,1339,688,651,0,0,0,1339,688,651
C0116,28,536,802918,GHMC (M Corp. + OG) (Part),005018, Gujarati,1263,650,613,0,0,0,1263,650,613
C0116,28,536,802918,GHMC (M Corp. + OG) (Part),005057, Saurashtra/Saurashtri,16,7,9,0,0,0,16,7,9
C0116,28,536,802918,GHMC (M Corp. + OG) (Part),005999,5 Others,60,31,29,0,0,0,60,31,29
C0116,28,536,802918,GHMC (M Corp. + OG) (Part),006000,6 HINDI ,11457,5863,5594,0,0,0,11457,5863,5594
C0116,28,536,802918,GHMC (M Corp. + OG) (Part),006066, Banjari,7,3,4,0,0,0,7,3,4
C0116,28,536,802918,GHMC (M Corp. + OG) (Part),006102, Bhojpuri,26,14,12,0,0,0,26,14,12
C0116,28,536,802918,GHMC (M Corp. + OG) (Part),006173, Dhundhari,3,1,2,0,0,0,3,1,2
C0116,28,536,802918,GHMC (M Corp. + OG) (Part),006235, Haryanvi,8,4,4,0,0,0,8,4,4
C0116,28,536,802918,GHMC (M Corp. + OG) (Part),006240, Hindi,9515,4837,4678,0,0,0,9515,4837,4678
C0116,28,536,802918,GHMC (M Corp. + OG) (Part),006340, Kumauni,1,0,1,0,0,0,1,0,1
C0116,28,536,802918,GHMC (M Corp. + OG) (Part),006353, Lamani/Lambadi,788,421,367,0,0,0,788,421,367
C0116,28,536,802918,GHMC (M Corp. + OG) (Part),006358, Lodhi,5,3,2,0,0,0,5,3,2
C0116,28,536,802918,GHMC (M Corp. + OG) (Part),006400, Marwari,882,464,418,0,0,0,882,464,418
C0116,28,536,802918,GHMC (M Corp. + OG) (Part),006489, Rajasthani,155,84,71,0,0,0,155,84,71
C0116,28,536,802918,GHMC (M Corp. + OG) (Part),006541, Sugali,6,3,3,0,0,0,6,3,3
C0116,28,536,802918,GHMC (M Corp. + OG) (Part),006999,6 Others,61,29,32,0,0,0,61,29,32
C0116,28,536,802918,GHMC (M Corp. + OG) (Part),007000,7 KANNADA,2393,1189,1204,0,0,0,2393,1189,1204
C0116,28,536,802918,GHMC (M Corp. + OG) (Part),007016, Kannada,2388,1186,1202,0,0,0,2388,1186,1202
C0116,28,536,802918,GHMC (M Corp. + OG) (Part),007999,7 Others,5,3,2,0,0,0,5,3,2
C0116,28,536,802918,GHMC (M Corp. + OG) (Part),008000,8 KASHMIRI ,8,4,4,0,0,0,8,4,4
C0116,28,536,802918,GHMC (M Corp. + OG) (Part),008005, Kashmiri,8,4,4,0,0,0,8,4,4
C0116,28,536,802918,GHMC (M Corp. + OG) (Part),009000,9 KONKANI,92,47,45,0,0,0,92,47,45
C0116,28,536,802918,GHMC (M Corp. + OG) (Part),009011, Konkani,92,47,45,0,0,0,92,47,45
C0116,28,536,802918,GHMC (M Corp. + OG) (Part),010000,10 MAITHILI ,22,16,6,0,0,0,22,16,6
C0116,28,536,802918,GHMC (M Corp. + OG) (Part),010008, Maithili,22,16,6,0,0,0,22,16,6
C0116,28,536,802918,GHMC (M Corp. + OG) (Part),011000,11 MALAYALAM,670,333,337,0,0,0,670,333,337
C0116,28,536,802918,GHMC (M Corp. + OG) (Part),011016, Malayalam,670,333,337,0,0,0,670,333,337
C0116,28,536,802918,GHMC (M Corp. + OG) (Part),012000,12 MANIPURI ,8,2,6,0,0,0,8,2,6
C0116,28,536,802918,GHMC (M Corp. + OG) (Part),012003, Manipuri,8,2,6,0,0,0,8,2,6
C0116,28,536,802918,GHMC (M Corp. + OG) (Part),013000,13 MARATHI ,4223,2087,2136,0,0,0,4223,2087,2136
C0116,28,536,802918,GHMC (M Corp. + OG) (Part),013071, Marathi,4212,2082,2130,0,0,0,4212,2082,2130
C0116,28,536,802918,GHMC (M Corp. + OG) (Part),013999,13 Others,11,5,6,0,0,0,11,5,6
C0116,28,536,802918,GHMC (M Corp. + OG) (Part),014000,14 NEPALI ,115,61,54,0,0,0,115,61,54
C0116,28,536,802918,GHMC (M Corp. + OG) (Part),014011, Nepali,115,61,54,0,0,0,115,61,54
C0116,28,536,802918,GHMC (M Corp. + OG) (Part),015000,15 ODIA ,515,269,246,0,0,0,515,269,246
C0116,28,536,802918,GHMC (M Corp. + OG) (Part),015043, Odia,515,269,246,0,0,0,515,269,246
C0116,28,536,802918,GHMC (M Corp. + OG) (Part),016000,16 PUNJABI ,625,324,301,0,0,0,625,324,301
C0116,28,536,802918,GHMC (M Corp. + OG) (Part),016038, Punjabi,625,324,301,0,0,0,625,324,301
C0116,28,536,802918,GHMC (M Corp. + OG) (Part),017000,17 SANSKRIT ,8,5,3,0,0,0,8,5,3
C0116,28,536,802918,GHMC (M Corp. + OG) (Part),017002, Sanskrit,8,5,3,0,0,0,8,5,3
C0116,28,536,802918,GHMC (M Corp. + OG) (Part),019000,19 SINDHI,633,320,313,0,0,0,633,320,313
C0116,28,536,802918,GHMC (M Corp. + OG) (Part),019008, Kachchhi,29,15,14,0,0,0,29,15,14
C0116,28,536,802918,GHMC (M Corp. + OG) (Part),019014, Sindhi,604,305,299,0,0,0,604,305,299
C0116,28,536,802918,GHMC (M Corp. + OG) (Part),020000,20 TAMIL ,3691,1854,1837,0,0,0,3691,1854,1837
C0116,28,536,802918,GHMC (M Corp. + OG) (Part),020027, Tamil,3678,1847,1831,0,0,0,3678,1847,1831
C0116,28,536,802918,GHMC (M Corp. + OG) (Part),020029, Yerukala/Yerukula,13,7,6,0,0,0,13,7,6
C0116,28,536,802918,GHMC (M Corp. + OG) (Part),021000,21 TELUGU ,250301,126214,124087,0,0,0,250301,126214,124087
C0116,28,536,802918,GHMC (M Corp. + OG) (Part),021046, Telugu,250301,126214,124087,0,0,0,250301,126214,124087
C0116,28,536,802918,GHMC (M Corp. + OG) (Part),022000,22 URDU,63957,32932,31025,0,0,0,63957,32932,31025
C0116,28,536,802918,GHMC (M Corp. + OG) (Part),022015, Urdu,63957,32932,31025,0,0,0,63957,32932,31025
C0116,28,536,802918,GHMC (M Corp. + OG) (Part),028000,28 ARABIC/ARBI ,1,0,1,0,0,0,1,0,1
C0116,28,536,802918,GHMC (M Corp. + OG) (Part),028001, Arabic/Arbi,1,0,1,0,0,0,1,0,1
C0116,28,536,802918,GHMC (M Corp. + OG) (Part),030000,30 BHILI/BHILODI ,91,44,47,0,0,0,91,44,47
C0116,28,536,802918,GHMC (M Corp. + OG) (Part),030066, Paradhi,87,42,45,0,0,0,87,42,45
C0116,28,536,802918,GHMC (M Corp. + OG) (Part),030070, Rathi,4,2,2,0,0,0,4,2,2
C0116,28,536,802918,GHMC (M Corp. + OG) (Part),040000,40 ENGLISH ,171,79,92,0,0,0,171,79,92
C0116,28,536,802918,GHMC (M Corp. + OG) (Part),040001, English,171,79,92,0,0,0,171,79,92
C0116,28,536,802918,GHMC (M Corp. + OG) (Part),044000,44 GONDI,11,5,6,0,0,0,11,5,6
C0116,28,536,802918,GHMC (M Corp. + OG) (Part),044999,44 Others,11,5,6,0,0,0,11,5,6
C0116,28,536,802918,GHMC (M Corp. + OG) (Part),065000,65 KONDA,2,1,1,0,0,0,2,1,1
C0116,28,536,802918,GHMC (M Corp. + OG) (Part),065003, Konda,2,1,1,0,0,0,2,1,1
C0116,28,536,802918,GHMC (M Corp. + OG) (Part),072000,72 KURUKH/ORAON ,1,0,1,0,0,0,1,0,1
C0116,28,536,802918,GHMC (M Corp. + OG) (Part),072024, Kurukh/Oraon,1,0,1,0,0,0,1,0,1
C0116,28,536,802918,GHMC (M Corp. + OG) (Part),075000,75 LAHNDA ,5,4,1,0,0,0,5,4,1
C0116,28,536,802918,GHMC (M Corp. + OG) (Part),075999,75 Others ,5,4,1,0,0,0,5,4,1
C0116,28,536,802918,GHMC (M Corp. + OG) (Part),117000,117 TULU ,6,4,2,0,0,0,6,4,2
C0116,28,536,802918,GHMC (M Corp. + OG) (Part),117009, Tulu,6,4,2,0,0,0,6,4,2
C0116,28,536,802918,GHMC (M Corp. + OG) (Part),124000,124 OTHERS,230,124,106,0,0,0,230,124,106
C0116,28,536,802918,GHMC (M Corp. + OG) (Part),001000,1 ASSAMESE,8,7,1,0,0,0,8,7,1
C0116,28,536,802918,GHMC (M Corp. + OG) (Part),001002, Assamese,8,7,1,0,0,0,8,7,1
C0116,28,536,802918,GHMC (M Corp. + OG) (Part),002000,2 BENGALI ,182,87,95,0,0,0,182,87,95
C0116,28,536,802918,GHMC (M Corp. + OG) (Part),002007, Bengali,182,87,95,0,0,0,182,87,95
C0116,28,536,802918,GHMC (M Corp. + OG) (Part),005000,5 GUJARATI,233,106,127,0,0,0,233,106,127
C0116,28,536,802918,GHMC (M Corp. + OG) (Part),005018, Gujarati,219,100,119,0,0,0,219,100,119
C0116,28,536,802918,GHMC (M Corp. + OG) (Part),005057, Saurashtra/Saurashtri,2,1,1,0,0,0,2,1,1
C0116,28,536,802918,GHMC (M Corp. + OG) (Part),005999,5 Others,12,5,7,0,0,0,12,5,7
C0116,28,536,802918,GHMC (M Corp. + OG) (Part),006000,6 HINDI ,4563,2391,2172,0,0,0,4563,2391,2172
C0116,28,536,802918,GHMC (M Corp. + OG) (Part),006066, Banjari,50,26,24,0,0,0,50,26,24
C0116,28,536,802918,GHMC (M Corp. + OG) (Part),006096, Bharmauri/Gaddi,2,1,1,0,0,0,2,1,1
C0116,28,536,802918,GHMC (M Corp. + OG) (Part),006102, Bhojpuri,9,3,6,0,0,0,9,3,6
C0116,28,536,802918,GHMC (M Corp. + OG) (Part),006173, Dhundhari,1,1,0,0,0,0,1,1,0
C0116,28,536,802918,GHMC (M Corp. + OG) (Part),006240, Hindi,3398,1771,1627,0,0,0,3398,1771,1627
C0116,28,536,802918,GHMC (M Corp. + OG) (Part),006353, Lamani/Lambadi,674,351,323,0,0,0,674,351,323
C0116,28,536,802918,GHMC (M Corp. + OG) (Part),006400, Marwari,386,214,172,0,0,0,386,214,172
C0116,28,536,802918,GHMC (M Corp. + OG) (Part),006489, Rajasthani,23,9,14,0,0,0,23,9,14
C0116,28,536,802918,GHMC (M Corp. + OG) (Part),006999,6 Others,20,15,5,0,0,0,20,15,5
C0116,28,536,802918,GHMC (M Corp. + OG) (Part),007000,7 KANNADA,1849,942,907,0,0,0,1849,942,907
C0116,28,536,802918,GHMC (M Corp. + OG) (Part),007016, Kannada,1849,942,907,0,0,0,1849,942,907
C0116,28,536,802918,GHMC (M Corp. + OG) (Part),009000,9 KONKANI,23,12,11,0,0,0,23,12,11
C0116,28,536,802918,GHMC (M Corp. + OG) (Part),009011, Konkani,23,12,11,0,0,0,23,12,11
C0116,28,536,802918,GHMC (M Corp. + OG) (Part),010000,10 MAITHILI ,9,4,5,0,0,0,9,4,5
C0116,28,536,802918,GHMC (M Corp. + OG) (Part),010008, Maithili,9,4,5,0,0,0,9,4,5
C0116,28,536,802918,GHMC (M Corp. + OG) (Part),011000,11 MALAYALAM,195,97,98,0,0,0,195,97,98
C0116,28,536,802918,GHMC (M Corp. + OG) (Part),011016, Malayalam,195,97,98,0,0,0,195,97,98
C0116,28,536,802918,GHMC (M Corp. + OG) (Part),013000,13 MARATHI ,3058,1561,1497,0,0,0,3058,1561,1497
C0116,28,536,802918,GHMC (M Corp. + OG) (Part),013071, Marathi,3058,1561,1497,0,0,0,3058,1561,1497
C0116,28,536,802918,GHMC (M Corp. + OG) (Part),014000,14 NEPALI ,18,13,5,0,0,0,18,13,5
C0116,28,536,802918,GHMC (M Corp. + OG) (Part),014011, Nepali,18,13,5,0,0,0,18,13,5
C0116,28,536,802918,GHMC (M Corp. + OG) (Part),015000,15 ODIA ,166,88,78,0,0,0,166,88,78
C0116,28,536,802918,GHMC (M Corp. + OG) (Part),015043, Odia,164,87,77,0,0,0,164,87,77
C0116,28,536,802918,GHMC (M Corp. + OG) (Part),015055, Relli,2,1,1,0,0,0,2,1,1
C0116,28,536,802918,GHMC (M Corp. + OG) (Part),016000,16 PUNJABI ,161,79,82,0,0,0,161,79,82
C0116,28,536,802918,GHMC (M Corp. + OG) (Part),016038, Punjabi,161,79,82,0,0,0,161,79,82
C0116,28,536,802918,GHMC (M Corp. + OG) (Part),017000,17 SANSKRIT ,6,4,2,0,0,0,6,4,2
C0116,28,536,802918,GHMC (M Corp. + OG) (Part),017002, Sanskrit,6,4,2,0,0,0,6,4,2
C0116,28,536,802918,GHMC (M Corp. + OG) (Part),019000,19 SINDHI,44,25,19,0,0,0,44,25,19
C0116,28,536,802918,GHMC (M Corp. + OG) (Part),019008, Kachchhi,3,2,1,0,0,0,3,2,1
C0116,28,536,802918,GHMC (M Corp. + OG) (Part),019014, Sindhi,41,23,18,0,0,0,41,23,18
C0116,28,536,802918,GHMC (M Corp. + OG) (Part),020000,20 TAMIL ,1258,636,622,0,0,0,1258,636,622
C0116,28,536,802918,GHMC (M Corp. + OG) (Part),020027, Tamil,1110,559,551,0,0,0,1110,559,551
C0116,28,536,802918,GHMC (M Corp. + OG) (Part),020029, Yerukala/Yerukula,147,77,70,0,0,0,147,77,70
C0116,28,536,802918,GHMC (M Corp. + OG) (Part),020999,20 Others,1,0,1,0,0,0,1,0,1
C0116,28,536,802918,GHMC (M Corp. + OG) (Part),021000,21 TELUGU ,110943,55988,54955,0,0,0,110943,55988,54955
C0116,28,536,802918,GHMC (M Corp. + OG) (Part),021046, Telugu,110943,55988,54955,0,0,0,110943,55988,54955
C0116,28,536,802918,GHMC (M Corp. + OG) (Part),022000,22 URDU,30754,15658,15096,0,0,0,30754,15658,15096
C0116,28,536,802918,GHMC (M Corp. + OG) (Part),022015, Urdu,30746,15655,15091,0,0,0,30746,15655,15091
C0116,28,536,802918,GHMC (M Corp. + OG) (Part),022999,22 Others,8,3,5,0,0,0,8,3,5
C0116,28,536,802918,GHMC (M Corp. + OG) (Part),030000,30 BHILI/BHILODI ,23,11,12,0,0,0,23,11,12
C0116,28,536,802918,GHMC (M Corp. + OG) (Part),030035, Kokna/Kokni/Kukna,6,3,3,0,0,0,6,3,3
C0116,28,536,802918,GHMC (M Corp. + OG) (Part),030066, Paradhi,5,3,2,0,0,0,5,3,2
C0116,28,536,802918,GHMC (M Corp. + OG) (Part),030999,30 Others,12,5,7,0,0,0,12,5,7
C0116,28,536,802918,GHMC (M Corp. + OG) (Part),040000,40 ENGLISH ,42,21,21,0,0,0,42,21,21
C0116,28,536,802918,GHMC (M Corp. + OG) (Part),040001, English,42,21,21,0,0,0,42,21,21
C0116,28,536,802918,GHMC (M Corp. + OG) (Part),065000,65 KONDA,1,0,1,0,0,0,1,0,1
C0116,28,536,802918,GHMC (M Corp. + OG) (Part),065003, Konda,1,0,1,0,0,0,1,0,1
C0116,28,536,802918,GHMC (M Corp. + OG) (Part),069000,69 KOYA ,6,3,3,0,0,0,6,3,3
C0116,28,536,802918,GHMC (M Corp. + OG) (Part),069002, Koya,6,3,3,0,0,0,6,3,3
C0116,28,536,802918,GHMC (M Corp. + OG) (Part),094000,94 NISSI/DAFLA ,1,1,0,0,0,0,1,1,0
C0116,28,536,802918,GHMC (M Corp. + OG) (Part),094999,94 Others ,1,1,0,0,0,0,1,1,0
C0116,28,536,802918,GHMC (M Corp. + OG) (Part),117000,117 TULU ,8,3,5,0,0,0,8,3,5
C0116,28,536,802918,GHMC (M Corp. + OG) (Part),117009, Tulu,8,3,5,0,0,0,8,3,5
C0116,28,536,802918,GHMC (M Corp. + OG) (Part),124000,124 OTHERS,7,3,4,0,0,0,7,3,4
C0116,28,536,802918,GHMC (M Corp. + OG) (Part),001000,1 ASSAMESE,2,1,1,0,0,0,2,1,1
C0116,28,536,802918,GHMC (M Corp. + OG) (Part),001002, Assamese,2,1,1,0,0,0,2,1,1
C0116,28,536,802918,GHMC (M Corp. + OG) (Part),002000,2 BENGALI ,331,177,154,0,0,0,331,177,154
C0116,28,536,802918,GHMC (M Corp. + OG) (Part),002007, Bengali,331,177,154,0,0,0,331,177,154
C0116,28,536,802918,GHMC (M Corp. + OG) (Part),003000,3 BODO ,12,5,7,0,0,0,12,5,7
C0116,28,536,802918,GHMC (M Corp. + OG) (Part),003003, Kachari,12,5,7,0,0,0,12,5,7
C0116,28,536,802918,GHMC (M Corp. + OG) (Part),005000,5 GUJARATI,3205,1620,1585,0,0,0,3205,1620,1585
C0116,28,536,802918,GHMC (M Corp. + OG) (Part),005018, Gujarati,3153,1596,1557,0,0,0,3153,1596,1557
C0116,28,536,802918,GHMC (M Corp. + OG) (Part),005999,5 Others,52,24,28,0,0,0,52,24,28
C0116,28,536,802918,GHMC (M Corp. + OG) (Part),006000,6 HINDI ,16799,8577,8222,0,0,0,16799,8577,8222
C0116,28,536,802918,GHMC (M Corp. + OG) (Part),006066, Banjari,18,8,10,0,0,0,18,8,10
C0116,28,536,802918,GHMC (M Corp. + OG) (Part),006102, Bhojpuri,48,30,18,0,0,0,48,30,18
C0116,28,536,802918,GHMC (M Corp. + OG) (Part),006173, Dhundhari,3,2,1,0,0,0,3,2,1
C0116,28,536,802918,GHMC (M Corp. + OG) (Part),006240, Hindi,12791,6550,6241,0,0,0,12791,6550,6241
C0116,28,536,802918,GHMC (M Corp. + OG) (Part),006353, Lamani/Lambadi,179,85,94,0,0,0,179,85,94
C0116,28,536,802918,GHMC (M Corp. + OG) (Part),006400, Marwari,3487,1766,1721,0,0,0,3487,1766,1721
C0116,28,536,802918,GHMC (M Corp. + OG) (Part),006489, Rajasthani,243,121,122,0,0,0,243,121,122
C0116,28,536,802918,GHMC (M Corp. + OG) (Part),006999,6 Others,30,15,15,0,0,0,30,15,15
C0116,28,536,802918,GHMC (M Corp. + OG) (Part),007000,7 KANNADA,3063,1532,1531,0,0,0,3063,1532,1531
C0116,28,536,802918,GHMC (M Corp. + OG) (Part),007016, Kannada,3044,1521,1523,0,0,0,3044,1521,1523
C0116,28,536,802918,GHMC (M Corp. + OG) (Part),007041, Prakritha/Prakritha Bhasha,7,4,3,0,0,0,7,4,3
C0116,28,536,802918,GHMC (M Corp. + OG) (Part),007999,7 Others,12,7,5,0,0,0,12,7,5
C0116,28,536,802918,GHMC (M Corp. + OG) (Part),008000,8 KASHMIRI ,2,2,0,0,0,0,2,2,0
C0116,28,536,802918,GHMC (M Corp. + OG) (Part),008005, Kashmiri,2,2,0,0,0,0,2,2,0
C0116,28,536,802918,GHMC (M Corp. + OG) (Part),009000,9 KONKANI,190,92,98,0,0,0,190,92,98
C0116,28,536,802918,GHMC (M Corp. + OG) (Part),009011, Konkani,190,92,98,0,0,0,190,92,98
C0116,28,536,802918,GHMC (M Corp. + OG) (Part),010000,10 MAITHILI ,18,11,7,0,0,0,18,11,7
C0116,28,536,802918,GHMC (M Corp. + OG) (Part),010008, Maithili,18,11,7,0,0,0,18,11,7
C0116,28,536,802918,GHMC (M Corp. + OG) (Part),011000,11 MALAYALAM,229,108,121,0,0,0,229,108,121
C0116,28,536,802918,GHMC (M Corp. + OG) (Part),011016, Malayalam,229,108,121,0,0,0,229,108,121
C0116,28,536,802918,GHMC (M Corp. + OG) (Part),012000,12 MANIPURI ,4,2,2,0,0,0,4,2,2
C0116,28,536,802918,GHMC (M Corp. + OG) (Part),012003, Manipuri,4,2,2,0,0,0,4,2,2
C0116,28,536,802918,GHMC (M Corp. + OG) (Part),013000,13 MARATHI ,5365,2692,2673,0,0,0,5365,2692,2673
C0116,28,536,802918,GHMC (M Corp. + OG) (Part),013071, Marathi,5365,2692,2673,0,0,0,5365,2692,2673
C0116,28,536,802918,GHMC (M Corp. + OG) (Part),014000,14 NEPALI ,136,66,70,0,0,0,136,66,70
C0116,28,536,802918,GHMC (M Corp. + OG) (Part),014011, Nepali,136,66,70,0,0,0,136,66,70
C0116,28,536,802918,GHMC (M Corp. + OG) (Part),015000,15 ODIA ,102,57,45,0,0,0,102,57,45
C0116,28,536,802918,GHMC (M Corp. + OG) (Part),015043, Odia,102,57,45,0,0,0,102,57,45
C0116,28,536,802918,GHMC (M Corp. + OG) (Part),016000,16 PUNJABI ,1016,529,487,0,0,0,1016,529,487
C0116,28,536,802918,GHMC (M Corp. + OG) (Part),016038, Punjabi,1016,529,487,0,0,0,1016,529,487
C0116,28,536,802918,GHMC (M Corp. + OG) (Part),017000,17 SANSKRIT ,16,8,8,0,0,0,16,8,8
C0116,28,536,802918,GHMC (M Corp. + OG) (Part),017002, Sanskrit,16,8,8,0,0,0,16,8,8
C0116,28,536,802918,GHMC (M Corp. + OG) (Part),019000,19 SINDHI,1561,791,770,0,0,0,1561,791,770
C0116,28,536,802918,GHMC (M Corp. + OG) (Part),019008, Kachchhi,381,191,190,0,0,0,381,191,190
C0116,28,536,802918,GHMC (M Corp. + OG) (Part),019014, Sindhi,1180,600,580,0,0,0,1180,600,580
C0116,28,536,802918,GHMC (M Corp. + OG) (Part),020000,20 TAMIL ,1369,680,689,0,0,0,1369,680,689
C0116,28,536,802918,GHMC (M Corp. + OG) (Part),020027, Tamil,1367,680,687,0,0,0,1367,680,687
C0116,28,536,802918,GHMC (M Corp. + OG) (Part),020029, Yerukala/Yerukula,2,0,2,0,0,0,2,0,2
C0116,28,536,802918,GHMC (M Corp. + OG) (Part),021000,21 TELUGU ,55579,28000,27579,0,0,0,55579,28000,27579
C0116,28,536,802918,GHMC (M Corp. + OG) (Part),021046, Telugu,55579,28000,27579,0,0,0,55579,28000,27579
C0116,28,536,802918,GHMC (M Corp. + OG) (Part),022000,22 URDU,18614,9492,9122,0,0,0,18614,9492,9122
C0116,28,536,802918,GHMC (M Corp. + OG) (Part),022015, Urdu,18607,9490,9117,0,0,0,18607,9490,9117
C0116,28,536,802918,GHMC (M Corp. + OG) (Part),022999,22 Others,7,2,5,0,0,0,7,2,5
C0116,28,536,802918,GHMC (M Corp. + OG) (Part),023000,23 ADI ,3,3,0,0,0,0,3,3,0
C0116,28,536,802918,GHMC (M Corp. + OG) (Part),023999,23 Others,3,3,0,0,0,0,3,3,0
C0116,28,536,802918,GHMC (M Corp. + OG) (Part),028000,28 ARABIC/ARBI ,2,2,0,0,0,0,2,2,0
C0116,28,536,802918,GHMC (M Corp. + OG) (Part),028001, Arabic/Arbi,2,2,0,0,0,0,2,2,0
C0116,28,536,802918,GHMC (M Corp. + OG) (Part),030000,30 BHILI/BHILODI ,157,77,80,0,0,0,157,77,80
C0116,28,536,802918,GHMC (M Corp. + OG) (Part),030015, Dhodia,3,2,1,0,0,0,3,2,1
C0116,28,536,802918,GHMC (M Corp. + OG) (Part),030066, Paradhi,154,75,79,0,0,0,154,75,79
C0116,28,536,802918,GHMC (M Corp. + OG) (Part),040000,40 ENGLISH ,142,68,74,0,0,0,142,68,74
C0116,28,536,802918,GHMC (M Corp. + OG) (Part),040001, English,142,68,74,0,0,0,142,68,74
C0116,28,536,802918,GHMC (M Corp. + OG) (Part),044000,44 GONDI,34,14,20,0,0,0,34,14,20
C0116,28,536,802918,GHMC (M Corp. + OG) (Part),044999,44 Others,34,14,20,0,0,0,34,14,20
C0116,28,536,802918,GHMC (M Corp. + OG) (Part),058000,58 KHOND/KONDH ,3,1,2,0,0,0,3,1,2
C0116,28,536,802918,GHMC (M Corp. + OG) (Part),058001, Khond/Kondh,2,1,1,0,0,0,2,1,1
C0116,28,536,802918,GHMC (M Corp. + OG) (Part),058006, Kuvi,1,0,1,0,0,0,1,0,1
C0116,28,536,802918,GHMC (M Corp. + OG) (Part),061000,61 KOCH ,10,5,5,0,0,0,10,5,5
C0116,28,536,802918,GHMC (M Corp. + OG) (Part),061002, Koch,10,5,5,0,0,0,10,5,5
C0116,28,536,802918,GHMC (M Corp. + OG) (Part),065000,65 KONDA,4,2,2,0,0,0,4,2,2
C0116,28,536,802918,GHMC (M Corp. + OG) (Part),065003, Konda,4,2,2,0,0,0,4,2,2
C0116,28,536,802918,GHMC (M Corp. + OG) (Part),070000,70 KUI ,2,0,2,0,0,0,2,0,2
C0116,28,536,802918,GHMC (M Corp. + OG) (Part),070001, Kui,2,0,2,0,0,0,2,0,2
C0116,28,536,802918,GHMC (M Corp. + OG) (Part),094000,94 NISSI/DAFLA ,1,0,1,0,0,0,1,0,1
C0116,28,536,802918,GHMC (M Corp. + OG) (Part),094008, Tagin,1,0,1,0,0,0,1,0,1
C0116,28,536,802918,GHMC (M Corp. + OG) (Part),117000,117 TULU ,22,9,13,0,0,0,22,9,13
C0116,28,536,802918,GHMC (M Corp. + OG) (Part),117009, Tulu,22,9,13,0,0,0,22,9,13
C0116,28,536,802918,GHMC (M Corp. + OG) (Part),124000,124 OTHERS,69,37,32,0,0,0,69,37,32
C0116,28,536,802918,GHMC (M Corp. + OG) (Part),001000,1 ASSAMESE,9,6,3,0,0,0,9,6,3
C0116,28,536,802918,GHMC (M Corp. + OG) (Part),001002, Assamese,9,6,3,0,0,0,9,6,3
C0116,28,536,802918,GHMC (M Corp. + OG) (Part),002000,2 BENGALI ,244,134,110,0,0,0,244,134,110
C0116,28,536,802918,GHMC (M Corp. + OG) (Part),002007, Bengali,244,134,110,0,0,0,244,134,110
C0116,28,536,802918,GHMC (M Corp. + OG) (Part),005000,5 GUJARATI,6371,3185,3186,0,0,0,6371,3185,3186
C0116,28,536,802918,GHMC (M Corp. + OG) (Part),005018, Gujarati,6227,3111,3116,0,0,0,6227,3111,3116
C0116,28,536,802918,GHMC (M Corp. + OG) (Part),005999,5 Others,144,74,70,0,0,0,144,74,70
C0116,28,536,802918,GHMC (M Corp. + OG) (Part),006000,6 HINDI ,63239,32628,30611,0,0,0,63239,32628,30611
C0116,28,536,802918,GHMC (M Corp. + OG) (Part),006066, Banjari,18,12,6,0,0,0,18,12,6
C0116,28,536,802918,GHMC (M Corp. + OG) (Part),006102, Bhojpuri,14,8,6,0,0,0,14,8,6
C0116,28,536,802918,GHMC (M Corp. + OG) (Part),006235, Haryanvi,4,2,2,0,0,0,4,2,2
C0116,28,536,802918,GHMC (M Corp. + OG) (Part),006240, Hindi,44375,22864,21511,0,0,0,44375,22864,21511
C0116,28,536,802918,GHMC (M Corp. + OG) (Part),006353, Lamani/Lambadi,352,183,169,0,0,0,352,183,169
C0116,28,536,802918,GHMC (M Corp. + OG) (Part),006400, Marwari,17819,9203,8616,0,0,0,17819,9203,8616
C0116,28,536,802918,GHMC (M Corp. + OG) (Part),006489, Rajasthani,492,271,221,0,0,0,492,271,221
C0116,28,536,802918,GHMC (M Corp. + OG) (Part),006999,6 Others,165,85,80,0,0,0,165,85,80
C0116,28,536,802918,GHMC (M Corp. + OG) (Part),007000,7 KANNADA,3567,1838,1729,0,0,0,3567,1838,1729
C0116,28,536,802918,GHMC (M Corp. + OG) (Part),007016, Kannada,3558,1835,1723,0,0,0,3558,1835,1723
C0116,28,536,802918,GHMC (M Corp. + OG) (Part),007999,7 Others,9,3,6,0,0,0,9,3,6
C0116,28,536,802918,GHMC (M Corp. + OG) (Part),009000,9 KONKANI,47,22,25,0,0,0,47,22,25
C0116,28,536,802918,GHMC (M Corp. + OG) (Part),009011, Konkani,47,22,25,0,0,0,47,22,25
C0116,28,536,802918,GHMC (M Corp. + OG) (Part),011000,11 MALAYALAM,205,102,103,0,0,0,205,102,103
C0116,28,536,802918,GHMC (M Corp. + OG) (Part),011016, Malayalam,205,102,103,0,0,0,205,102,103
C0116,28,536,802918,GHMC (M Corp. + OG) (Part),012000,12 MANIPURI ,5,3,2,0,0,0,5,3,2
C0116,28,536,802918,GHMC (M Corp. + OG) (Part),012003, Manipuri,5,3,2,0,0,0,5,3,2
C0116,28,536,802918,GHMC (M Corp. + OG) (Part),013000,13 MARATHI ,10834,5546,5288,0,0,0,10834,5546,5288
C0116,28,536,802918,GHMC (M Corp. + OG) (Part),013071, Marathi,10827,5542,5285,0,0,0,10827,5542,5285
C0116,28,536,802918,GHMC (M Corp. + OG) (Part),013999,13 Others,7,4,3,0,0,0,7,4,3
C0116,28,536,802918,GHMC (M Corp. + OG) (Part),014000,14 NEPALI ,203,117,86,0,0,0,203,117,86
C0116,28,536,802918,GHMC (M Corp. + OG) (Part),014011, Nepali,203,117,86,0,0,0,203,117,86
C0116,28,536,802918,GHMC (M Corp. + OG) (Part),015000,15 ODIA ,192,115,77,0,0,0,192,115,77
C0116,28,536,802918,GHMC (M Corp. + OG) (Part),015043, Odia,192,115,77,0,0,0,192,115,77
C0116,28,536,802918,GHMC (M Corp. + OG) (Part),016000,16 PUNJABI ,1117,571,546,0,0,0,1117,571,546
C0116,28,536,802918,GHMC (M Corp. + OG) (Part),016038, Punjabi,1117,571,546,0,0,0,1117,571,546
C0116,28,536,802918,GHMC (M Corp. + OG) (Part),017000,17 SANSKRIT ,25,17,8,0,0,0,25,17,8
C0116,28,536,802918,GHMC (M Corp. + OG) (Part),017002, Sanskrit,25,17,8,0,0,0,25,17,8
C0116,28,536,802918,GHMC (M Corp. + OG) (Part),019000,19 SINDHI,1124,546,578,0,0,0,1124,546,578
C0116,28,536,802918,GHMC (M Corp. + OG) (Part),019008, Kachchhi,195,86,109,0,0,0,195,86,109
C0116,28,536,802918,GHMC (M Corp. + OG) (Part),019014, Sindhi,929,460,469,0,0,0,929,460,469
C0116,28,536,802918,GHMC (M Corp. + OG) (Part),020000,20 TAMIL ,1308,658,650,0,0,0,1308,658,650
C0116,28,536,802918,GHMC (M Corp. + OG) (Part),020027, Tamil,1308,658,650,0,0,0,1308,658,650
C0116,28,536,802918,GHMC (M Corp. + OG) (Part),021000,21 TELUGU ,66899,33963,32936,0,0,0,66899,33963,32936
C0116,28,536,802918,GHMC (M Corp. + OG) (Part),021046, Telugu,66899,33963,32936,0,0,0,66899,33963,32936
C0116,28,536,802918,GHMC (M Corp. + OG) (Part),022000,22 URDU,33079,17007,16072,0,0,0,33079,17007,16072
C0116,28,536,802918,GHMC (M Corp. + OG) (Part),022015, Urdu,33079,17007,16072,0,0,0,33079,17007,16072
C0116,28,536,802918,GHMC (M Corp. + OG) (Part),028000,28 ARABIC/ARBI ,1,1,0,0,0,0,1,1,0
C0116,28,536,802918,GHMC (M Corp. + OG) (Part),028001, Arabic/Arbi,1,1,0,0,0,0,1,1,0
C0116,28,536,802918,GHMC (M Corp. + OG) (Part),030000,30 BHILI/BHILODI ,389,200,189,0,0,0,389,200,189
C0116,28,536,802918,GHMC (M Corp. + OG) (Part),030011, Chodhari,3,1,2,0,0,0,3,1,2
C0116,28,536,802918,GHMC (M Corp. + OG) (Part),030035, Kokna/Kokni/Kukna,8,6,2,0,0,0,8,6,2
C0116,28,536,802918,GHMC (M Corp. + OG) (Part),030066, Paradhi,378,193,185,0,0,0,378,193,185
C0116,28,536,802918,GHMC (M Corp. + OG) (Part),040000,40 ENGLISH ,179,87,92,0,0,0,179,87,92
C0116,28,536,802918,GHMC (M Corp. + OG) (Part),040001, English,179,87,92,0,0,0,179,87,92
C0116,28,536,802918,GHMC (M Corp. + OG) (Part),044000,44 GONDI,196,92,104,0,0,0,196,92,104
C0116,28,536,802918,GHMC (M Corp. + OG) (Part),044999,44 Others,196,92,104,0,0,0,196,92,104
C0116,28,536,802918,GHMC (M Corp. + OG) (Part),076000,76 LAKHER,1,1,0,0,0,0,1,1,0
C0116,28,536,802918,GHMC (M Corp. + OG) (Part),076002, Mara,1,1,0,0,0,0,1,1,0
C0116,28,536,802918,GHMC (M Corp. + OG) (Part),079000,79 LIANGMEI ,7,2,5,0,0,0,7,2,5
C0116,28,536,802918,GHMC (M Corp. + OG) (Part),079999,79 Others ,7,2,5,0,0,0,7,2,5
C0116,28,536,802918,GHMC (M Corp. + OG) (Part),096000,96 PAITE,5,3,2,0,0,0,5,3,2
C0116,28,536,802918,GHMC (M Corp. + OG) (Part),096002, Paite,5,3,2,0,0,0,5,3,2
C0116,28,536,802918,GHMC (M Corp. + OG) (Part),124000,124 OTHERS,132,72,60,0,0,0,132,72,60
C0116,28,536,802918,GHMC (M Corp. + OG) (Part),001000,1 ASSAMESE,33,24,9,0,0,0,33,24,9
C0116,28,536,802918,GHMC (M Corp. + OG) (Part),001002, Assamese,33,24,9,0,0,0,33,24,9
C0116,28,536,802918,GHMC (M Corp. + OG) (Part),002000,2 BENGALI ,666,350,316,0,0,0,666,350,316
C0116,28,536,802918,GHMC (M Corp. + OG) (Part),002007, Bengali,666,350,316,0,0,0,666,350,316
C0116,28,536,802918,GHMC (M Corp. + OG) (Part),003000,3 BODO ,4,4,0,0,0,0,4,4,0
C0116,28,536,802918,GHMC (M Corp. + OG) (Part),003001, Bodo/Boro,4,4,0,0,0,0,4,4,0
C0116,28,536,802918,GHMC (M Corp. + OG) (Part),004000,4 DOGRI ,23,17,6,0,0,0,23,17,6
C0116,28,536,802918,GHMC (M Corp. + OG) (Part),004001, Dogri,23,17,6,0,0,0,23,17,6
C0116,28,536,802918,GHMC (M Corp. + OG) (Part),005000,5 GUJARATI,547,266,281,0,0,0,547,266,281
C0116,28,536,802918,GHMC (M Corp. + OG) (Part),005018, Gujarati,461,220,241,0,0,0,461,220,241
C0116,28,536,802918,GHMC (M Corp. + OG) (Part),005057, Saurashtra/Saurashtri,15,7,8,0,0,0,15,7,8
C0116,28,536,802918,GHMC (M Corp. + OG) (Part),005999,5 Others,71,39,32,0,0,0,71,39,32
C0116,28,536,802918,GHMC (M Corp. + OG) (Part),006000,6 HINDI ,16001,8426,7575,0,0,0,16001,8426,7575
C0116,28,536,802918,GHMC (M Corp. + OG) (Part),006030, Awadhi,1,1,0,0,0,0,1,1,0
C0116,28,536,802918,GHMC (M Corp. + OG) (Part),006066, Banjari,159,75,84,0,0,0,159,75,84
C0116,28,536,802918,GHMC (M Corp. + OG) (Part),006102, Bhojpuri,94,59,35,0,0,0,94,59,35
C0116,28,536,802918,GHMC (M Corp. + OG) (Part),006123, Brajbhasha,1,1,0,0,0,0,1,1,0
C0116,28,536,802918,GHMC (M Corp. + OG) (Part),006125, Bundeli/Bundel khandi,2,1,1,0,0,0,2,1,1
C0116,28,536,802918,GHMC (M Corp. + OG) (Part),006142, Chhattisgarhi,5,2,3,0,0,0,5,2,3
C0116,28,536,802918,GHMC (M Corp. + OG) (Part),006173, Dhundhari,1,0,1,0,0,0,1,0,1
C0116,28,536,802918,GHMC (M Corp. + OG) (Part),006195, Garhwali,11,7,4,0,0,0,11,7,4
C0116,28,536,802918,GHMC (M Corp. + OG) (Part),006207, Gojri/Gujjari/Gujar,4,3,1,0,0,0,4,3,1
C0116,28,536,802918,GHMC (M Corp. + OG) (Part),006235, Haryanvi,5,5,0,0,0,0,5,5,0
C0116,28,536,802918,GHMC (M Corp. + OG) (Part),006240, Hindi,14111,7433,6678,0,0,0,14111,7433,6678
C0116,28,536,802918,GHMC (M Corp. + OG) (Part),006340, Kumauni,3,3,0,0,0,0,3,3,0
C0116,28,536,802918,GHMC (M Corp. + OG) (Part),006353, Lamani/Lambadi,813,409,404,0,0,0,813,409,404
C0116,28,536,802918,GHMC (M Corp. + OG) (Part),006376, Magadhi/Magahi,7,7,0,0,0,0,7,7,0
C0116,28,536,802918,GHMC (M Corp. + OG) (Part),006400, Marwari,546,296,250,0,0,0,546,296,250
C0116,28,536,802918,GHMC (M Corp. + OG) (Part),006489, Rajasthani,204,103,101,0,0,0,204,103,101
C0116,28,536,802918,GHMC (M Corp. + OG) (Part),006541, Sugali,6,3,3,0,0,0,6,3,3
C0116,28,536,802918,GHMC (M Corp. + OG) (Part),006548, Surjapuri,1,0,1,0,0,0,1,0,1
C0116,28,536,802918,GHMC (M Corp. + OG) (Part),006999,6 Others,27,18,9,0,0,0,27,18,9
C0116,28,536,802918,GHMC (M Corp. + OG) (Part),007000,7 KANNADA,2945,1488,1457,0,0,0,2945,1488,1457
C0116,28,536,802918,GHMC (M Corp. + OG) (Part),007016, Kannada,2941,1486,1455,0,0,0,2941,1486,1455
C0116,28,536,802918,GHMC (M Corp. + OG) (Part),007999,7 Others,4,2,2,0,0,0,4,2,2
C0116,28,536,802918,GHMC (M Corp. + OG) (Part),008000,8 KASHMIRI ,17,10,7,0,0,0,17,10,7
C0116,28,536,802918,GHMC (M Corp. + OG) (Part),008005, Kashmiri,15,8,7,0,0,0,15,8,7
C0116,28,536,802918,GHMC (M Corp. + OG) (Part),008019, Dardi,2,2,0,0,0,0,2,2,0
C0116,28,536,802918,GHMC (M Corp. + OG) (Part),009000,9 KONKANI,127,59,68,0,0,0,127,59,68
C0116,28,536,802918,GHMC (M Corp. + OG) (Part),009011, Konkani,127,59,68,0,0,0,127,59,68
C0116,28,536,802918,GHMC (M Corp. + OG) (Part),010000,10 MAITHILI ,19,11,8,0,0,0,19,11,8
C0116,28,536,802918,GHMC (M Corp. + OG) (Part),010008, Maithili,19,11,8,0,0,0,19,11,8
C0116,28,536,802918,GHMC (M Corp. + OG) (Part),011000,11 MALAYALAM,1158,600,558,0,0,0,1158,600,558
C0116,28,536,802918,GHMC (M Corp. + OG) (Part),011016, Malayalam,1158,600,558,0,0,0,1158,600,558
C0116,28,536,802918,GHMC (M Corp. + OG) (Part),012000,12 MANIPURI ,21,14,7,0,0,0,21,14,7
C0116,28,536,802918,GHMC (M Corp. + OG) (Part),012003, Manipuri,21,14,7,0,0,0,21,14,7
C0116,28,536,802918,GHMC (M Corp. + OG) (Part),013000,13 MARATHI ,2602,1350,1252,0,0,0,2602,1350,1252
C0116,28,536,802918,GHMC (M Corp. + OG) (Part),013071, Marathi,2602,1350,1252,0,0,0,2602,1350,1252
C0116,28,536,802918,GHMC (M Corp. + OG) (Part),014000,14 NEPALI ,290,153,137,0,0,0,290,153,137
C0116,28,536,802918,GHMC (M Corp. + OG) (Part),014011, Nepali,290,153,137,0,0,0,290,153,137
C0116,28,536,802918,GHMC (M Corp. + OG) (Part),015000,15 ODIA ,1054,603,451,0,0,0,1054,603,451
C0116,28,536,802918,GHMC (M Corp. + OG) (Part),015043, Odia,1054,603,451,0,0,0,1054,603,451
C0116,28,536,802918,GHMC (M Corp. + OG) (Part),016000,16 PUNJABI ,620,310,310,0,0,0,620,310,310
C0116,28,536,802918,GHMC (M Corp. + OG) (Part),016038, Punjabi,620,310,310,0,0,0,620,310,310
C0116,28,536,802918,GHMC (M Corp. + OG) (Part),018000,18 SANTALI ,2,2,0,0,0,0,2,2,0
C0116,28,536,802918,GHMC (M Corp. + OG) (Part),018040, Santali,2,2,0,0,0,0,2,2,0
C0116,28,536,802918,GHMC (M Corp. + OG) (Part),019000,19 SINDHI,324,150,174,0,0,0,324,150,174
C0116,28,536,802918,GHMC (M Corp. + OG) (Part),019008, Kachchhi,16,5,11,0,0,0,16,5,11
C0116,28,536,802918,GHMC (M Corp. + OG) (Part),019014, Sindhi,308,145,163,0,0,0,308,145,163
C0116,28,536,802918,GHMC (M Corp. + OG) (Part),020000,20 TAMIL ,2588,1314,1274,0,0,0,2588,1314,1274
C0116,28,536,802918,GHMC (M Corp. + OG) (Part),020015, Korava,4,2,2,0,0,0,4,2,2
C0116,28,536,802918,GHMC (M Corp. + OG) (Part),020027, Tamil,2523,1279,1244,0,0,0,2523,1279,1244
C0116,28,536,802918,GHMC (M Corp. + OG) (Part),020029, Yerukala/Yerukula,61,33,28,0,0,0,61,33,28
C0116,28,536,802918,GHMC (M Corp. + OG) (Part),021000,21 TELUGU ,174669,88972,85697,0,0,0,174669,88972,85697
C0116,28,536,802918,GHMC (M Corp. + OG) (Part),021046, Telugu,174669,88972,85697,0,0,0,174669,88972,85697
C0116,28,536,802918,GHMC (M Corp. + OG) (Part),022000,22 URDU,67354,34883,32471,0,0,0,67354,34883,32471
C0116,28,536,802918,GHMC (M Corp. + OG) (Part),022015, Urdu,67350,34881,32469,0,0,0,67350,34881,32469
C0116,28,536,802918,GHMC (M Corp. + OG) (Part),022999,22 Others,4,2,2,0,0,0,4,2,2
C0116,28,536,802918,GHMC (M Corp. + OG) (Part),026000,26 ANGAMI ,1,0,1,0,0,0,1,0,1
C0116,28,536,802918,GHMC (M Corp. + OG) (Part),026002, Angami,1,0,1,0,0,0,1,0,1
C0116,28,536,802918,GHMC (M Corp. + OG) (Part),028000,28 ARABIC/ARBI ,9,6,3,0,0,0,9,6,3
C0116,28,536,802918,GHMC (M Corp. + OG) (Part),028001, Arabic/Arbi,9,6,3,0,0,0,9,6,3
C0116,28,536,802918,GHMC (M Corp. + OG) (Part),030000,30 BHILI/BHILODI ,48,25,23,0,0,0,48,25,23
C0116,28,536,802918,GHMC (M Corp. + OG) (Part),030035, Kokna/Kokni/Kukna,5,2,3,0,0,0,5,2,3
C0116,28,536,802918,GHMC (M Corp. + OG) (Part),030066, Paradhi,11,7,4,0,0,0,11,7,4
C0116,28,536,802918,GHMC (M Corp. + OG) (Part),030999,30 Others,32,16,16,0,0,0,32,16,16
C0116,28,536,802918,GHMC (M Corp. + OG) (Part),040000,40 ENGLISH ,163,75,88,0,0,0,163,75,88
C0116,28,536,802918,GHMC (M Corp. + OG) (Part),040001, English,163,75,88,0,0,0,163,75,88
C0116,28,536,802918,GHMC (M Corp. + OG) (Part),044000,44 GONDI,17,10,7,0,0,0,17,10,7
C0116,28,536,802918,GHMC (M Corp. + OG) (Part),044007, Gondi,1,0,1,0,0,0,1,0,1
C0116,28,536,802918,GHMC (M Corp. + OG) (Part),044999,44 Others,16,10,6,0,0,0,16,10,6
C0116,28,536,802918,GHMC (M Corp. + OG) (Part),051000,51 KABUI ,1,1,0,0,0,0,1,1,0
C0116,28,536,802918,GHMC (M Corp. + OG) (Part),051005, Rongmei,1,1,0,0,0,0,1,1,0
C0116,28,536,802918,GHMC (M Corp. + OG) (Part),055000,55 KHASI ,1,0,1,0,0,0,1,0,1
C0116,28,536,802918,GHMC (M Corp. + OG) (Part),055007, Khasi,1,0,1,0,0,0,1,0,1
C0116,28,536,802918,GHMC (M Corp. + OG) (Part),058000,58 KHOND/KONDH ,2,1,1,0,0,0,2,1,1
C0116,28,536,802918,GHMC (M Corp. + OG) (Part),058006, Kuvi,2,1,1,0,0,0,2,1,1
C0116,28,536,802918,GHMC (M Corp. + OG) (Part),075000,75 LAHNDA ,2,1,1,0,0,0,2,1,1
C0116,28,536,802918,GHMC (M Corp. + OG) (Part),075006, Hindi Multani,2,1,1,0,0,0,2,1,1
C0116,28,536,802918,GHMC (M Corp. + OG) (Part),082000,82 LUSHAI/MIZO ,7,1,6,0,0,0,7,1,6
C0116,28,536,802918,GHMC (M Corp. + OG) (Part),082005, Lushai/Mizo,7,1,6,0,0,0,7,1,6
C0116,28,536,802918,GHMC (M Corp. + OG) (Part),117000,117 TULU ,8,4,4,0,0,0,8,4,4
C0116,28,536,802918,GHMC (M Corp. + OG) (Part),117009, Tulu,8,4,4,0,0,0,8,4,4
C0116,28,536,802918,GHMC (M Corp. + OG) (Part),123000,123 ZOU ,5,4,1,0,0,0,5,4,1
C0116,28,536,802918,GHMC (M Corp. + OG) (Part),123001, Zou,5,4,1,0,0,0,5,4,1
C0116,28,536,802918,GHMC (M Corp. + OG) (Part),124000,124 OTHERS,57,28,29,0,0,0,57,28,29
C0116,28,536,802918,GHMC (M Corp. + OG) (Part),001000,1 ASSAMESE,43,29,14,0,0,0,43,29,14
C0116,28,536,802918,GHMC (M Corp. + OG) (Part),001002, Assamese,42,29,13,0,0,0,42,29,13
C0116,28,536,802918,GHMC (M Corp. + OG) (Part),001999,1 Others,1,0,1,0,0,0,1,0,1
C0116,28,536,802918,GHMC (M Corp. + OG) (Part),002000,2 BENGALI ,563,304,259,0,0,0,563,304,259
C0116,28,536,802918,GHMC (M Corp. + OG) (Part),002007, Bengali,563,304,259,0,0,0,563,304,259
C0116,28,536,802918,GHMC (M Corp. + OG) (Part),004000,4 DOGRI ,326,240,86,0,0,0,326,240,86
C0116,28,536,802918,GHMC (M Corp. + OG) (Part),004001, Dogri,326,240,86,0,0,0,326,240,86
C0116,28,536,802918,GHMC (M Corp. + OG) (Part),005000,5 GUJARATI,1103,557,546,0,0,0,1103,557,546
C0116,28,536,802918,GHMC (M Corp. + OG) (Part),005018, Gujarati,605,308,297,0,0,0,605,308,297
C0116,28,536,802918,GHMC (M Corp. + OG) (Part),005057, Saurashtra/Saurashtri,4,3,1,0,0,0,4,3,1
C0116,28,536,802918,GHMC (M Corp. + OG) (Part),005999,5 Others,494,246,248,0,0,0,494,246,248
C0116,28,536,802918,GHMC (M Corp. + OG) (Part),006000,6 HINDI ,41077,21460,19617,0,0,0,41077,21460,19617
C0116,28,536,802918,GHMC (M Corp. + OG) (Part),006066, Banjari,19,11,8,0,0,0,19,11,8
C0116,28,536,802918,GHMC (M Corp. + OG) (Part),006086, Bhadrawahi,6,5,1,0,0,0,6,5,1
C0116,28,536,802918,GHMC (M Corp. + OG) (Part),006102, Bhojpuri,124,65,59,0,0,0,124,65,59
C0116,28,536,802918,GHMC (M Corp. + OG) (Part),006195, Garhwali,1,1,0,0,0,0,1,1,0
C0116,28,536,802918,GHMC (M Corp. + OG) (Part),006207, Gojri/Gujjari/Gujar,23,22,1,0,0,0,23,22,1
C0116,28,536,802918,GHMC (M Corp. + OG) (Part),006235, Haryanvi,6,2,4,0,0,0,6,2,4
C0116,28,536,802918,GHMC (M Corp. + OG) (Part),006240, Hindi,39016,20326,18690,0,0,0,39016,20326,18690
C0116,28,536,802918,GHMC (M Corp. + OG) (Part),006340, Kumauni,2,2,0,0,0,0,2,2,0
C0116,28,536,802918,GHMC (M Corp. + OG) (Part),006353, Lamani/Lambadi,386,209,177,0,0,0,386,209,177
C0116,28,536,802918,GHMC (M Corp. + OG) (Part),006400, Marwari,742,377,365,0,0,0,742,377,365
C0116,28,536,802918,GHMC (M Corp. + OG) (Part),006439, Pahari,106,87,19,0,0,0,106,87,19
C0116,28,536,802918,GHMC (M Corp. + OG) (Part),006489, Rajasthani,200,107,93,0,0,0,200,107,93
C0116,28,536,802918,GHMC (M Corp. + OG) (Part),006503, Sadan/Sadri,1,1,0,0,0,0,1,1,0
C0116,28,536,802918,GHMC (M Corp. + OG) (Part),006541, Sugali,10,5,5,0,0,0,10,5,5
C0116,28,536,802918,GHMC (M Corp. + OG) (Part),006999,6 Others,435,240,195,0,0,0,435,240,195
C0116,28,536,802918,GHMC (M Corp. + OG) (Part),007000,7 KANNADA,6669,3424,3245,0,0,0,6669,3424,3245
C0116,28,536,802918,GHMC (M Corp. + OG) (Part),007002, Badaga,2,2,0,0,0,0,2,2,0
C0116,28,536,802918,GHMC (M Corp. + OG) (Part),007016, Kannada,6661,3420,3241,0,0,0,6661,3420,3241
C0116,28,536,802918,GHMC (M Corp. + OG) (Part),007999,7 Others,6,2,4,0,0,0,6,2,4
C0116,28,536,802918,GHMC (M Corp. + OG) (Part),008000,8 KASHMIRI ,152,107,45,0,0,0,152,107,45
C0116,28,536,802918,GHMC (M Corp. + OG) (Part),008005, Kashmiri,152,107,45,0,0,0,152,107,45
C0116,28,536,802918,GHMC (M Corp. + OG) (Part),009000,9 KONKANI,68,34,34,0,0,0,68,34,34
C0116,28,536,802918,GHMC (M Corp. + OG) (Part),009011, Konkani,68,34,34,0,0,0,68,34,34
C0116,28,536,802918,GHMC (M Corp. + OG) (Part),010000,10 MAITHILI ,21,15,6,0,0,0,21,15,6
C0116,28,536,802918,GHMC (M Corp. + OG) (Part),010008, Maithili,21,15,6,0,0,0,21,15,6
C0116,28,536,802918,GHMC (M Corp. + OG) (Part),011000,11 MALAYALAM,597,298,299,0,0,0,597,298,299
C0116,28,536,802918,GHMC (M Corp. + OG) (Part),011016, Malayalam,597,298,299,0,0,0,597,298,299
C0116,28,536,802918,GHMC (M Corp. + OG) (Part),012000,12 MANIPURI ,22,11,11,0,0,0,22,11,11
C0116,28,536,802918,GHMC (M Corp. + OG) (Part),012003, Manipuri,22,11,11,0,0,0,22,11,11
C0116,28,536,802918,GHMC (M Corp. + OG) (Part),013000,13 MARATHI ,16161,8435,7726,0,0,0,16161,8435,7726
C0116,28,536,802918,GHMC (M Corp. + OG) (Part),013071, Marathi,16156,8432,7724,0,0,0,16156,8432,7724
C0116,28,536,802918,GHMC (M Corp. + OG) (Part),013999,13 Others,5,3,2,0,0,0,5,3,2
C0116,28,536,802918,GHMC (M Corp. + OG) (Part),014000,14 NEPALI ,1105,755,350,0,0,0,1105,755,350
C0116,28,536,802918,GHMC (M Corp. + OG) (Part),014011, Nepali,1105,755,350,0,0,0,1105,755,350
C0116,28,536,802918,GHMC (M Corp. + OG) (Part),015000,15 ODIA ,429,250,179,0,0,0,429,250,179
C0116,28,536,802918,GHMC (M Corp. + OG) (Part),015043, Odia,417,244,173,0,0,0,417,244,173
C0116,28,536,802918,GHMC (M Corp. + OG) (Part),015055, Relli,4,3,1,0,0,0,4,3,1
C0116,28,536,802918,GHMC (M Corp. + OG) (Part),015999,15 Others,8,3,5,0,0,0,8,3,5
C0116,28,536,802918,GHMC (M Corp. + OG) (Part),016000,16 PUNJABI ,364,195,169,0,0,0,364,195,169
C0116,28,536,802918,GHMC (M Corp. + OG) (Part),016038, Punjabi,362,194,168,0,0,0,362,194,168
C0116,28,536,802918,GHMC (M Corp. + OG) (Part),016999,16 Others,2,1,1,0,0,0,2,1,1
C0116,28,536,802918,GHMC (M Corp. + OG) (Part),017000,17 SANSKRIT ,27,13,14,0,0,0,27,13,14
C0116,28,536,802918,GHMC (M Corp. + OG) (Part),017002, Sanskrit,27,13,14,0,0,0,27,13,14
C0116,28,536,802918,GHMC (M Corp. + OG) (Part),018000,18 SANTALI ,8,4,4,0,0,0,8,4,4
C0116,28,536,802918,GHMC (M Corp. + OG) (Part),018040, Santali,7,3,4,0,0,0,7,3,4
C0116,28,536,802918,GHMC (M Corp. + OG) (Part),018999,18 Others,1,1,0,0,0,0,1,1,0
C0116,28,536,802918,GHMC (M Corp. + OG) (Part),019000,19 SINDHI,112,58,54,0,0,0,112,58,54
C0116,28,536,802918,GHMC (M Corp. + OG) (Part),019014, Sindhi,112,58,54,0,0,0,112,58,54
C0116,28,536,802918,GHMC (M Corp. + OG) (Part),020000,20 TAMIL ,2089,1066,1023,0,0,0,2089,1066,1023
C0116,28,536,802918,GHMC (M Corp. + OG) (Part),020027, Tamil,1893,967,926,0,0,0,1893,967,926
C0116,28,536,802918,GHMC (M Corp. + OG) (Part),020029, Yerukala/Yerukula,196,99,97,0,0,0,196,99,97
C0116,28,536,802918,GHMC (M Corp. + OG) (Part),021000,21 TELUGU ,134169,67546,66623,0,0,0,134169,67546,66623
C0116,28,536,802918,GHMC (M Corp. + OG) (Part),021046, Telugu,134169,67546,66623,0,0,0,134169,67546,66623
C0116,28,536,802918,GHMC (M Corp. + OG) (Part),022000,22 URDU,234828,119896,114932,0,0,0,234828,119896,114932
C0116,28,536,802918,GHMC (M Corp. + OG) (Part),022015, Urdu,234827,119896,114931,0,0,0,234827,119896,114931
C0116,28,536,802918,GHMC (M Corp. + OG) (Part),022999,22 Others,1,0,1,0,0,0,1,0,1
C0116,28,536,802918,GHMC (M Corp. + OG) (Part),024000,24 AFGHANI/KABULI/PASHTO ,10,10,0,0,0,0,10,10,0
C0116,28,536,802918,GHMC (M Corp. + OG) (Part),024001, Afghani/Kabuli/Pashto,8,8,0,0,0,0,8,8,0
C0116,28,536,802918,GHMC (M Corp. + OG) (Part),024999,24 Others,2,2,0,0,0,0,2,2,0
C0116,28,536,802918,GHMC (M Corp. + OG) (Part),026000,26 ANGAMI ,2,2,0,0,0,0,2,2,0
C0116,28,536,802918,GHMC (M Corp. + OG) (Part),026999,26 Others,2,2,0,0,0,0,2,2,0
C0116,28,536,802918,GHMC (M Corp. + OG) (Part),028000,28 ARABIC/ARBI ,83,63,20,0,0,0,83,63,20
C0116,28,536,802918,GHMC (M Corp. + OG) (Part),028001, Arabic/Arbi,83,63,20,0,0,0,83,63,20
C0116,28,536,802918,GHMC (M Corp. + OG) (Part),030000,30 BHILI/BHILODI ,24,15,9,0,0,0,24,15,9
C0116,28,536,802918,GHMC (M Corp. + OG) (Part),030035, Kokna/Kokni/Kukna,2,2,0,0,0,0,2,2,0
C0116,28,536,802918,GHMC (M Corp. + OG) (Part),030066, Paradhi,17,10,7,0,0,0,17,10,7
C0116,28,536,802918,GHMC (M Corp. + OG) (Part),030999,30 Others,5,3,2,0,0,0,5,3,2
C0116,28,536,802918,GHMC (M Corp. + OG) (Part),040000,40 ENGLISH ,362,190,172,0,0,0,362,190,172
C0116,28,536,802918,GHMC (M Corp. + OG) (Part),040001, English,362,190,172,0,0,0,362,190,172
C0116,28,536,802918,GHMC (M Corp. + OG) (Part),054000,54 KHARIA ,1,0,1,0,0,0,1,0,1
C0116,28,536,802918,GHMC (M Corp. + OG) (Part),054005, Kharia,1,0,1,0,0,0,1,0,1
C0116,28,536,802918,GHMC (M Corp. + OG) (Part),058000,58 KHOND/KONDH ,1,0,1,0,0,0,1,0,1
C0116,28,536,802918,GHMC (M Corp. + OG) (Part),058006, Kuvi,1,0,1,0,0,0,1,0,1
C0116,28,536,802918,GHMC (M Corp. + OG) (Part),064000,64 KOM,1,0,1,0,0,0,1,0,1
C0116,28,536,802918,GHMC (M Corp. + OG) (Part),064001, Kom,1,0,1,0,0,0,1,0,1
C0116,28,536,802918,GHMC (M Corp. + OG) (Part),065000,65 KONDA,9,4,5,0,0,0,9,4,5
C0116,28,536,802918,GHMC (M Corp. + OG) (Part),065002, Kodu,2,1,1,0,0,0,2,1,1
C0116,28,536,802918,GHMC (M Corp. + OG) (Part),065003, Konda,7,3,4,0,0,0,7,3,4
C0116,28,536,802918,GHMC (M Corp. + OG) (Part),072000,72 KURUKH/ORAON ,17,9,8,0,0,0,17,9,8
C0116,28,536,802918,GHMC (M Corp. + OG) (Part),072024, Kurukh/Oraon,17,9,8,0,0,0,17,9,8
C0116,28,536,802918,GHMC (M Corp. + OG) (Part),073000,73 LADAKHI ,1,1,0,0,0,0,1,1,0
C0116,28,536,802918,GHMC (M Corp. + OG) (Part),073003, Ladakhi,1,1,0,0,0,0,1,1,0
C0116,28,536,802918,GHMC (M Corp. + OG) (Part),074000,74 LAHAULI ,2,1,1,0,0,0,2,1,1
C0116,28,536,802918,GHMC (M Corp. + OG) (Part),074999,74 Others ,2,1,1,0,0,0,2,1,1
C0116,28,536,802918,GHMC (M Corp. + OG) (Part),092000,92 MUNDARI ,10,7,3,0,0,0,10,7,3
C0116,28,536,802918,GHMC (M Corp. + OG) (Part),092005, Mundari,10,7,3,0,0,0,10,7,3
C0116,28,536,802918,GHMC (M Corp. + OG) (Part),117000,117 TULU ,18,11,7,0,0,0,18,11,7
C0116,28,536,802918,GHMC (M Corp. + OG) (Part),117009, Tulu,18,11,7,0,0,0,18,11,7
C0116,28,536,802918,GHMC (M Corp. + OG) (Part),118000,118 VAIPHEI ,1,1,0,0,0,0,1,1,0
C0116,28,536,802918,GHMC (M Corp. + OG) (Part),118002, Vaiphei,1,1,0,0,0,0,1,1,0
C0116,28,536,802918,GHMC (M Corp. + OG) (Part),124000,124 OTHERS,1754,917,837,0,0,0,1754,917,837
C0116,28,536,802918,GHMC (M Corp. + OG) (Part),001000,1 ASSAMESE,288,224,64,0,0,0,288,224,64
C0116,28,536,802918,GHMC (M Corp. + OG) (Part),001002, Assamese,225,168,57,0,0,0,225,168,57
C0116,28,536,802918,GHMC (M Corp. + OG) (Part),001999,1 Others,63,56,7,0,0,0,63,56,7
C0116,28,536,802918,GHMC (M Corp. + OG) (Part),002000,2 BENGALI ,469,317,152,0,0,0,469,317,152
C0116,28,536,802918,GHMC (M Corp. + OG) (Part),002007, Bengali,469,317,152,0,0,0,469,317,152
C0116,28,536,802918,GHMC (M Corp. + OG) (Part),003000,3 BODO ,52,33,19,0,0,0,52,33,19
C0116,28,536,802918,GHMC (M Corp. + OG) (Part),003001, Bodo/Boro,50,31,19,0,0,0,50,31,19
C0116,28,536,802918,GHMC (M Corp. + OG) (Part),003003, Kachari,2,2,0,0,0,0,2,2,0
C0116,28,536,802918,GHMC (M Corp. + OG) (Part),004000,4 DOGRI ,34,22,12,0,0,0,34,22,12
C0116,28,536,802918,GHMC (M Corp. + OG) (Part),004001, Dogri,34,22,12,0,0,0,34,22,12
C0116,28,536,802918,GHMC (M Corp. + OG) (Part),005000,5 GUJARATI,282,161,121,0,0,0,282,161,121
C0116,28,536,802918,GHMC (M Corp. + OG) (Part),005018, Gujarati,225,133,92,0,0,0,225,133,92
C0116,28,536,802918,GHMC (M Corp. + OG) (Part),005057, Saurashtra/Saurashtri,6,3,3,0,0,0,6,3,3
C0116,28,536,802918,GHMC (M Corp. + OG) (Part),005999,5 Others,51,25,26,0,0,0,51,25,26
C0116,28,536,802918,GHMC (M Corp. + OG) (Part),006000,6 HINDI ,12266,7237,5029,0,0,0,12266,7237,5029
C0116,28,536,802918,GHMC (M Corp. + OG) (Part),006040, Baghati/Baghati Pahari,1,1,0,0,0,0,1,1,0
C0116,28,536,802918,GHMC (M Corp. + OG) (Part),006066, Banjari,1,1,0,0,0,0,1,1,0
C0116,28,536,802918,GHMC (M Corp. + OG) (Part),006102, Bhojpuri,66,39,27,0,0,0,66,39,27
C0116,28,536,802918,GHMC (M Corp. + OG) (Part),006195, Garhwali,6,4,2,0,0,0,6,4,2
C0116,28,536,802918,GHMC (M Corp. + OG) (Part),006235, Haryanvi,17,11,6,0,0,0,17,11,6
C0116,28,536,802918,GHMC (M Corp. + OG) (Part),006240, Hindi,11797,6982,4815,0,0,0,11797,6982,4815
C0116,28,536,802918,GHMC (M Corp. + OG) (Part),006340, Kumauni,2,2,0,0,0,0,2,2,0
C0116,28,536,802918,GHMC (M Corp. + OG) (Part),006353, Lamani/Lambadi,190,95,95,0,0,0,190,95,95
C0116,28,536,802918,GHMC (M Corp. + OG) (Part),006400, Marwari,125,66,59,0,0,0,125,66,59
C0116,28,536,802918,GHMC (M Corp. + OG) (Part),006439, Pahari,5,3,2,0,0,0,5,3,2
C0116,28,536,802918,GHMC (M Corp. + OG) (Part),006489, Rajasthani,25,15,10,0,0,0,25,15,10
C0116,28,536,802918,GHMC (M Corp. + OG) (Part),006999,6 Others,31,18,13,0,0,0,31,18,13
C0116,28,536,802918,GHMC (M Corp. + OG) (Part),007000,7 KANNADA,835,451,384,0,0,0,835,451,384
C0116,28,536,802918,GHMC (M Corp. + OG) (Part),007016, Kannada,835,451,384,0,0,0,835,451,384
C0116,28,536,802918,GHMC (M Corp. + OG) (Part),008000,8 KASHMIRI ,7,6,1,0,0,0,7,6,1
C0116,28,536,802918,GHMC (M Corp. + OG) (Part),008005, Kashmiri,7,6,1,0,0,0,7,6,1
C0116,28,536,802918,GHMC (M Corp. + OG) (Part),009000,9 KONKANI,18,12,6,0,0,0,18,12,6
C0116,28,536,802918,GHMC (M Corp. + OG) (Part),009011, Konkani,18,12,6,0,0,0,18,12,6
C0116,28,536,802918,GHMC (M Corp. + OG) (Part),010000,10 MAITHILI ,11,7,4,0,0,0,11,7,4
C0116,28,536,802918,GHMC (M Corp. + OG) (Part),010008, Maithili,11,7,4,0,0,0,11,7,4
C0116,28,536,802918,GHMC (M Corp. + OG) (Part),011000,11 MALAYALAM,657,388,269,0,0,0,657,388,269
C0116,28,536,802918,GHMC (M Corp. + OG) (Part),011016, Malayalam,657,388,269,0,0,0,657,388,269
C0116,28,536,802918,GHMC (M Corp. + OG) (Part),012000,12 MANIPURI ,156,114,42,0,0,0,156,114,42
C0116,28,536,802918,GHMC (M Corp. + OG) (Part),012003, Manipuri,156,114,42,0,0,0,156,114,42
C0116,28,536,802918,GHMC (M Corp. + OG) (Part),013000,13 MARATHI ,1576,932,644,0,0,0,1576,932,644
C0116,28,536,802918,GHMC (M Corp. + OG) (Part),013071, Marathi,1575,931,644,0,0,0,1575,931,644
C0116,28,536,802918,GHMC (M Corp. + OG) (Part),013999,13 Others,1,1,0,0,0,0,1,1,0
C0116,28,536,802918,GHMC (M Corp. + OG) (Part),014000,14 NEPALI ,77,53,24,0,0,0,77,53,24
C0116,28,536,802918,GHMC (M Corp. + OG) (Part),014011, Nepali,77,53,24,0,0,0,77,53,24
C0116,28,536,802918,GHMC (M Corp. + OG) (Part),015000,15 ODIA ,346,194,152,0,0,0,346,194,152
C0116,28,536,802918,GHMC (M Corp. + OG) (Part),015043, Odia,346,194,152,0,0,0,346,194,152
C0116,28,536,802918,GHMC (M Corp. + OG) (Part),016000,16 PUNJABI ,635,457,178,0,0,0,635,457,178
C0116,28,536,802918,GHMC (M Corp. + OG) (Part),016038, Punjabi,635,457,178,0,0,0,635,457,178
C0116,28,536,802918,GHMC (M Corp. + OG) (Part),017000,17 SANSKRIT ,1,1,0,0,0,0,1,1,0
C0116,28,536,802918,GHMC (M Corp. + OG) (Part),017002, Sanskrit,1,1,0,0,0,0,1,1,0
C0116,28,536,802918,GHMC (M Corp. + OG) (Part),019000,19 SINDHI,31,11,20,0,0,0,31,11,20
C0116,28,536,802918,GHMC (M Corp. + OG) (Part),019008, Kachchhi,12,4,8,0,0,0,12,4,8
C0116,28,536,802918,GHMC (M Corp. + OG) (Part),019014, Sindhi,19,7,12,0,0,0,19,7,12
C0116,28,536,802918,GHMC (M Corp. + OG) (Part),020000,20 TAMIL ,820,519,301,0,0,0,820,519,301
C0116,28,536,802918,GHMC (M Corp. + OG) (Part),020006, Irula/Irular Mozhi,1,1,0,0,0,0,1,1,0
C0116,28,536,802918,GHMC (M Corp. + OG) (Part),020027, Tamil,777,496,281,0,0,0,777,496,281
C0116,28,536,802918,GHMC (M Corp. + OG) (Part),020029, Yerukala/Yerukula,39,20,19,0,0,0,39,20,19
C0116,28,536,802918,GHMC (M Corp. + OG) (Part),020999,20 Others,3,2,1,0,0,0,3,2,1
C0116,28,536,802918,GHMC (M Corp. + OG) (Part),021000,21 TELUGU ,59006,29959,29047,0,0,0,59006,29959,29047
C0116,28,536,802918,GHMC (M Corp. + OG) (Part),021046, Telugu,59006,29959,29047,0,0,0,59006,29959,29047
C0116,28,536,802918,GHMC (M Corp. + OG) (Part),022000,22 URDU,135193,68113,67080,0,0,0,135193,68113,67080
C0116,28,536,802918,GHMC (M Corp. + OG) (Part),022015, Urdu,135189,68109,67080,0,0,0,135189,68109,67080
C0116,28,536,802918,GHMC (M Corp. + OG) (Part),022999,22 Others,4,4,0,0,0,0,4,4,0
C0116,28,536,802918,GHMC (M Corp. + OG) (Part),023000,23 ADI ,12,8,4,0,0,0,12,8,4
C0116,28,536,802918,GHMC (M Corp. + OG) (Part),023003, Adi,11,7,4,0,0,0,11,7,4
C0116,28,536,802918,GHMC (M Corp. + OG) (Part),023999,23 Others,1,1,0,0,0,0,1,1,0
C0116,28,536,802918,GHMC (M Corp. + OG) (Part),025000,25 ANAL ,2,1,1,0,0,0,2,1,1
C0116,28,536,802918,GHMC (M Corp. + OG) (Part),025001, Anal,2,1,1,0,0,0,2,1,1
C0116,28,536,802918,GHMC (M Corp. + OG) (Part),027000,27 AO ,19,13,6,0,0,0,19,13,6
C0116,28,536,802918,GHMC (M Corp. + OG) (Part),027001, Ao,19,13,6,0,0,0,19,13,6
C0116,28,536,802918,GHMC (M Corp. + OG) (Part),028000,28 ARABIC/ARBI ,42,23,19,0,0,0,42,23,19
C0116,28,536,802918,GHMC (M Corp. + OG) (Part),028001, Arabic/Arbi,42,23,19,0,0,0,42,23,19
C0116,28,536,802918,GHMC (M Corp. + OG) (Part),030000,30 BHILI/BHILODI ,24,18,6,0,0,0,24,18,6
C0116,28,536,802918,GHMC (M Corp. + OG) (Part),030015, Dhodia,2,1,1,0,0,0,2,1,1
C0116,28,536,802918,GHMC (M Corp. + OG) (Part),030066, Paradhi,22,17,5,0,0,0,22,17,5
C0116,28,536,802918,GHMC (M Corp. + OG) (Part),036000,36 CHANG ,2,1,1,0,0,0,2,1,1
C0116,28,536,802918,GHMC (M Corp. + OG) (Part),036001, Chang,2,1,1,0,0,0,2,1,1
C0116,28,536,802918,GHMC (M Corp. + OG) (Part),038000,38 DEORI ,4,1,3,0,0,0,4,1,3
C0116,28,536,802918,GHMC (M Corp. + OG) (Part),038001, Deori,4,1,3,0,0,0,4,1,3
C0116,28,536,802918,GHMC (M Corp. + OG) (Part),039000,39 DIMASA ,1,1,0,0,0,0,1,1,0
C0116,28,536,802918,GHMC (M Corp. + OG) (Part),039002, Dimasa,1,1,0,0,0,0,1,1,0
C0116,28,536,802918,GHMC (M Corp. + OG) (Part),040000,40 ENGLISH ,118,61,57,0,0,0,118,61,57
C0116,28,536,802918,GHMC (M Corp. + OG) (Part),040001, English,118,61,57,0,0,0,118,61,57
C0116,28,536,802918,GHMC (M Corp. + OG) (Part),043000,43 GARO ,11,8,3,0,0,0,11,8,3
C0116,28,536,802918,GHMC (M Corp. + OG) (Part),043005, Garo,11,8,3,0,0,0,11,8,3
C0116,28,536,802918,GHMC (M Corp. + OG) (Part),047000,47 HMAR,7,4,3,0,0,0,7,4,3
C0116,28,536,802918,GHMC (M Corp. + OG) (Part),047001, Hmar,7,4,3,0,0,0,7,4,3
C0116,28,536,802918,GHMC (M Corp. + OG) (Part),055000,55 KHASI ,4,4,0,0,0,0,4,4,0
C0116,28,536,802918,GHMC (M Corp. + OG) (Part),055007, Khasi,4,4,0,0,0,0,4,4,0
C0116,28,536,802918,GHMC (M Corp. + OG) (Part),056000,56 KHEZHA ,2,1,1,0,0,0,2,1,1
C0116,28,536,802918,GHMC (M Corp. + OG) (Part),056999,56 Others ,2,1,1,0,0,0,2,1,1
C0116,28,536,802918,GHMC (M Corp. + OG) (Part),058000,58 KHOND/KONDH ,2,1,1,0,0,0,2,1,1
C0116,28,536,802918,GHMC (M Corp. + OG) (Part),058006, Kuvi,2,1,1,0,0,0,2,1,1
C0116,28,536,802918,GHMC (M Corp. + OG) (Part),065000,65 KONDA,1,1,0,0,0,0,1,1,0
C0116,28,536,802918,GHMC (M Corp. + OG) (Part),065002, Kodu,1,1,0,0,0,0,1,1,0
C0116,28,536,802918,GHMC (M Corp. + OG) (Part),070000,70 KUI ,3,1,2,0,0,0,3,1,2
C0116,28,536,802918,GHMC (M Corp. + OG) (Part),070001, Kui,3,1,2,0,0,0,3,1,2
C0116,28,536,802918,GHMC (M Corp. + OG) (Part),071000,71 KUKI,41,26,15,0,0,0,41,26,15
C0116,28,536,802918,GHMC (M Corp. + OG) (Part),071008, Kuki,41,26,15,0,0,0,41,26,15
C0116,28,536,802918,GHMC (M Corp. + OG) (Part),072000,72 KURUKH/ORAON ,1,1,0,0,0,0,1,1,0
C0116,28,536,802918,GHMC (M Corp. + OG) (Part),072024, Kurukh/Oraon,1,1,0,0,0,0,1,1,0
C0116,28,536,802918,GHMC (M Corp. + OG) (Part),078000,78 LEPCHA ,3,2,1,0,0,0,3,2,1
C0116,28,536,802918,GHMC (M Corp. + OG) (Part),078001, Lepcha,3,2,1,0,0,0,3,2,1
C0116,28,536,802918,GHMC (M Corp. + OG) (Part),081000,81 LOTHA ,12,7,5,0,0,0,12,7,5
C0116,28,536,802918,GHMC (M Corp. + OG) (Part),081001, Lotha,12,7,5,0,0,0,12,7,5
C0116,28,536,802918,GHMC (M Corp. + OG) (Part),082000,82 LUSHAI/MIZO ,126,88,38,0,0,0,126,88,38
C0116,28,536,802918,GHMC (M Corp. + OG) (Part),082005, Lushai/Mizo,126,88,38,0,0,0,126,88,38
C0116,28,536,802918,GHMC (M Corp. + OG) (Part),084000,84 MAO,2,2,0,0,0,0,2,2,0
C0116,28,536,802918,GHMC (M Corp. + OG) (Part),084001, Mao,2,2,0,0,0,0,2,2,0
C0116,28,536,802918,GHMC (M Corp. + OG) (Part),085000,85 MARAM,1,0,1,0,0,0,1,0,1
C0116,28,536,802918,GHMC (M Corp. + OG) (Part),085001, Maram ,1,0,1,0,0,0,1,0,1
C0116,28,536,802918,GHMC (M Corp. + OG) (Part),090000,90 MONPA ,4,4,0,0,0,0,4,4,0
C0116,28,536,802918,GHMC (M Corp. + OG) (Part),090003, Monpa,4,4,0,0,0,0,4,4,0
C0116,28,536,802918,GHMC (M Corp. + OG) (Part),096000,96 PAITE,5,4,1,0,0,0,5,4,1
C0116,28,536,802918,GHMC (M Corp. + OG) (Part),096002, Paite,5,4,1,0,0,0,5,4,1
C0116,28,536,802918,GHMC (M Corp. + OG) (Part),104000,104 RENGMA ,3,2,1,0,0,0,3,2,1
C0116,28,536,802918,GHMC (M Corp. + OG) (Part),104001, Rengma,3,2,1,0,0,0,3,2,1
C0116,28,536,802918,GHMC (M Corp. + OG) (Part),107000,107 SEMA,4,2,2,0,0,0,4,2,2
C0116,28,536,802918,GHMC (M Corp. + OG) (Part),107002, Sema,4,2,2,0,0,0,4,2,2
C0116,28,536,802918,GHMC (M Corp. + OG) (Part),112000,112 TANGKHUL ,3,2,1,0,0,0,3,2,1
C0116,28,536,802918,GHMC (M Corp. + OG) (Part),112008, Tangkhul,3,2,1,0,0,0,3,2,1
C0116,28,536,802918,GHMC (M Corp. + OG) (Part),114000,114 THADO ,1,1,0,0,0,0,1,1,0
C0116,28,536,802918,GHMC (M Corp. + OG) (Part),114999,114 Others,1,1,0,0,0,0,1,1,0
C0116,28,536,802918,GHMC (M Corp. + OG) (Part),115000,115 TIBETAN ,3,2,1,0,0,0,3,2,1
C0116,28,536,802918,GHMC (M Corp. + OG) (Part),115999,115 Others,3,2,1,0,0,0,3,2,1
C0116,28,536,802918,GHMC (M Corp. + OG) (Part),116000,116 TRIPURI ,26,14,12,0,0,0,26,14,12
C0116,28,536,802918,GHMC (M Corp. + OG) (Part),116007, Kokbarak,15,5,10,0,0,0,15,5,10
C0116,28,536,802918,GHMC (M Corp. + OG) (Part),116014, Tripuri,11,9,2,0,0,0,11,9,2
C0116,28,536,802918,GHMC (M Corp. + OG) (Part),117000,117 TULU ,7,4,3,0,0,0,7,4,3
C0116,28,536,802918,GHMC (M Corp. + OG) (Part),117009, Tulu,4,2,2,0,0,0,4,2,2
C0116,28,536,802918,GHMC (M Corp. + OG) (Part),117999,117 Others ,3,2,1,0,0,0,3,2,1
C0116,28,536,802918,GHMC (M Corp. + OG) (Part),118000,118 VAIPHEI ,6,3,3,0,0,0,6,3,3
C0116,28,536,802918,GHMC (M Corp. + OG) (Part),118002, Vaiphei,6,3,3,0,0,0,6,3,3
C0116,28,536,802918,GHMC (M Corp. + OG) (Part),119000,119 WANCHO,3,1,2,0,0,0,3,1,2
C0116,28,536,802918,GHMC (M Corp. + OG) (Part),119001, Wancho,3,1,2,0,0,0,3,1,2
C0116,28,536,802918,GHMC (M Corp. + OG) (Part),121000,121 ZELIANG ,1,1,0,0,0,0,1,1,0
C0116,28,536,802918,GHMC (M Corp. + OG) (Part),121001, Zeliang,1,1,0,0,0,0,1,1,0
C0116,28,536,802918,GHMC (M Corp. + OG) (Part),123000,123 ZOU ,6,3,3,0,0,0,6,3,3
C0116,28,536,802918,GHMC (M Corp. + OG) (Part),123001, Zou,6,3,3,0,0,0,6,3,3
C0116,28,536,802918,GHMC (M Corp. + OG) (Part),124000,124 OTHERS,87,54,33,0,0,0,87,54,33
C0116,28,536,802918,GHMC (M Corp. + OG) (Part),001000,1 ASSAMESE,5,5,0,0,0,0,5,5,0
C0116,28,536,802918,GHMC (M Corp. + OG) (Part),001002, Assamese,5,5,0,0,0,0,5,5,0
C0116,28,536,802918,GHMC (M Corp. + OG) (Part),002000,2 BENGALI ,1675,981,694,0,0,0,1675,981,694
C0116,28,536,802918,GHMC (M Corp. + OG) (Part),002007, Bengali,1675,981,694,0,0,0,1675,981,694
C0116,28,536,802918,GHMC (M Corp. + OG) (Part),004000,4 DOGRI ,1,1,0,0,0,0,1,1,0
C0116,28,536,802918,GHMC (M Corp. + OG) (Part),004001, Dogri,1,1,0,0,0,0,1,1,0
C0116,28,536,802918,GHMC (M Corp. + OG) (Part),005000,5 GUJARATI,375,189,186,0,0,0,375,189,186
C0116,28,536,802918,GHMC (M Corp. + OG) (Part),005018, Gujarati,270,136,134,0,0,0,270,136,134
C0116,28,536,802918,GHMC (M Corp. + OG) (Part),005057, Saurashtra/Saurashtri,77,38,39,0,0,0,77,38,39
C0116,28,536,802918,GHMC (M Corp. + OG) (Part),005999,5 Others,28,15,13,0,0,0,28,15,13
C0116,28,536,802918,GHMC (M Corp. + OG) (Part),006000,6 HINDI ,26455,13827,12628,0,0,0,26455,13827,12628
C0116,28,536,802918,GHMC (M Corp. + OG) (Part),006066, Banjari,10,7,3,0,0,0,10,7,3
C0116,28,536,802918,GHMC (M Corp. + OG) (Part),006102, Bhojpuri,42,26,16,0,0,0,42,26,16
C0116,28,536,802918,GHMC (M Corp. + OG) (Part),006240, Hindi,22764,11908,10856,0,0,0,22764,11908,10856
C0116,28,536,802918,GHMC (M Corp. + OG) (Part),006353, Lamani/Lambadi,174,108,66,0,0,0,174,108,66
C0116,28,536,802918,GHMC (M Corp. + OG) (Part),006400, Marwari,3134,1603,1531,0,0,0,3134,1603,1531
C0116,28,536,802918,GHMC (M Corp. + OG) (Part),006489, Rajasthani,245,119,126,0,0,0,245,119,126
C0116,28,536,802918,GHMC (M Corp. + OG) (Part),006999,6 Others,86,56,30,0,0,0,86,56,30
C0116,28,536,802918,GHMC (M Corp. + OG) (Part),007000,7 KANNADA,2703,1389,1314,0,0,0,2703,1389,1314
C0116,28,536,802918,GHMC (M Corp. + OG) (Part),007016, Kannada,2677,1376,1301,0,0,0,2677,1376,1301
C0116,28,536,802918,GHMC (M Corp. + OG) (Part),007999,7 Others,26,13,13,0,0,0,26,13,13
C0116,28,536,802918,GHMC (M Corp. + OG) (Part),008000,8 KASHMIRI ,4,4,0,0,0,0,4,4,0
C0116,28,536,802918,GHMC (M Corp. + OG) (Part),008005, Kashmiri,4,4,0,0,0,0,4,4,0
C0116,28,536,802918,GHMC (M Corp. + OG) (Part),009000,9 KONKANI,2,1,1,0,0,0,2,1,1
C0116,28,536,802918,GHMC (M Corp. + OG) (Part),009999,9 Others,2,1,1,0,0,0,2,1,1
C0116,28,536,802918,GHMC (M Corp. + OG) (Part),011000,11 MALAYALAM,52,39,13,0,0,0,52,39,13
C0116,28,536,802918,GHMC (M Corp. + OG) (Part),011016, Malayalam,52,39,13,0,0,0,52,39,13
C0116,28,536,802918,GHMC (M Corp. + OG) (Part),013000,13 MARATHI ,6213,3183,3030,0,0,0,6213,3183,3030
C0116,28,536,802918,GHMC (M Corp. + OG) (Part),013071, Marathi,6210,3182,3028,0,0,0,6210,3182,3028
C0116,28,536,802918,GHMC (M Corp. + OG) (Part),013999,13 Others,3,1,2,0,0,0,3,1,2
C0116,28,536,802918,GHMC (M Corp. + OG) (Part),014000,14 NEPALI ,16,13,3,0,0,0,16,13,3
C0116,28,536,802918,GHMC (M Corp. + OG) (Part),014011, Nepali,16,13,3,0,0,0,16,13,3
C0116,28,536,802918,GHMC (M Corp. + OG) (Part),015000,15 ODIA ,463,313,150,0,0,0,463,313,150
C0116,28,536,802918,GHMC (M Corp. + OG) (Part),015043, Odia,462,312,150,0,0,0,462,312,150
C0116,28,536,802918,GHMC (M Corp. + OG) (Part),015055, Relli,1,1,0,0,0,0,1,1,0
C0116,28,536,802918,GHMC (M Corp. + OG) (Part),016000,16 PUNJABI ,348,193,155,0,0,0,348,193,155
C0116,28,536,802918,GHMC (M Corp. + OG) (Part),016002, Bagri,7,3,4,0,0,0,7,3,4
C0116,28,536,802918,GHMC (M Corp. + OG) (Part),016038, Punjabi,341,190,151,0,0,0,341,190,151
C0116,28,536,802918,GHMC (M Corp. + OG) (Part),017000,17 SANSKRIT ,1,0,1,0,0,0,1,0,1
C0116,28,536,802918,GHMC (M Corp. + OG) (Part),017002, Sanskrit,1,0,1,0,0,0,1,0,1
C0116,28,536,802918,GHMC (M Corp. + OG) (Part),019000,19 SINDHI,136,71,65,0,0,0,136,71,65
C0116,28,536,802918,GHMC (M Corp. + OG) (Part),019008, Kachchhi,15,8,7,0,0,0,15,8,7
C0116,28,536,802918,GHMC (M Corp. + OG) (Part),019014, Sindhi,121,63,58,0,0,0,121,63,58
C0116,28,536,802918,GHMC (M Corp. + OG) (Part),020000,20 TAMIL ,358,194,164,0,0,0,358,194,164
C0116,28,536,802918,GHMC (M Corp. + OG) (Part),020027, Tamil,355,193,162,0,0,0,355,193,162
C0116,28,536,802918,GHMC (M Corp. + OG) (Part),020029, Yerukala/Yerukula,3,1,2,0,0,0,3,1,2
C0116,28,536,802918,GHMC (M Corp. + OG) (Part),021000,21 TELUGU ,46094,23452,22642,0,0,0,46094,23452,22642
C0116,28,536,802918,GHMC (M Corp. + OG) (Part),021046, Telugu,46094,23452,22642,0,0,0,46094,23452,22642
C0116,28,536,802918,GHMC (M Corp. + OG) (Part),022000,22 URDU,380027,197096,182931,0,0,0,380027,197096,182931
C0116,28,536,802918,GHMC (M Corp. + OG) (Part),022015, Urdu,380026,197096,182930,0,0,0,380026,197096,182930
C0116,28,536,802918,GHMC (M Corp. + OG) (Part),022999,22 Others,1,0,1,0,0,0,1,0,1
C0116,28,536,802918,GHMC (M Corp. + OG) (Part),028000,28 ARABIC/ARBI ,7,5,2,0,0,0,7,5,2
C0116,28,536,802918,GHMC (M Corp. + OG) (Part),028001, Arabic/Arbi,7,5,2,0,0,0,7,5,2
C0116,28,536,802918,GHMC (M Corp. + OG) (Part),030000,30 BHILI/BHILODI ,2456,1235,1221,0,0,0,2456,1235,1221
C0116,28,536,802918,GHMC (M Corp. + OG) (Part),030066, Paradhi,2456,1235,1221,0,0,0,2456,1235,1221
C0116,28,536,802918,GHMC (M Corp. + OG) (Part),040000,40 ENGLISH ,174,94,80,0,0,0,174,94,80
C0116,28,536,802918,GHMC (M Corp. + OG) (Part),040001, English,174,94,80,0,0,0,174,94,80
C0116,28,536,802918,GHMC (M Corp. + OG) (Part),044000,44 GONDI,537,257,280,0,0,0,537,257,280
C0116,28,536,802918,GHMC (M Corp. + OG) (Part),044999,44 Others,537,257,280,0,0,0,537,257,280
C0116,28,536,802918,GHMC (M Corp. + OG) (Part),089000,89 MOGH ,2,1,1,0,0,0,2,1,1
C0116,28,536,802918,GHMC (M Corp. + OG) (Part),089004, Mogh,2,1,1,0,0,0,2,1,1
C0116,28,536,802918,GHMC (M Corp. + OG) (Part),106000,106 SAVARA,9,2,7,0,0,0,9,2,7
C0116,28,536,802918,GHMC (M Corp. + OG) (Part),106004, Savara,9,2,7,0,0,0,9,2,7
C0116,28,536,802918,GHMC (M Corp. + OG) (Part),117000,117 TULU ,1,1,0,0,0,0,1,1,0
C0116,28,536,802918,GHMC (M Corp. + OG) (Part),117999,117 Others ,1,1,0,0,0,0,1,1,0
C0116,28,536,802918,GHMC (M Corp. + OG) (Part),124000,124 OTHERS,44,21,23,0,0,0,44,21,23
C0116,28,536,802918,GHMC (M Corp. + OG) (Part),001000,1 ASSAMESE,53,27,26,0,0,0,53,27,26
C0116,28,536,802918,GHMC (M Corp. + OG) (Part),001002, Assamese,53,27,26,0,0,0,53,27,26
C0116,28,536,802918,GHMC (M Corp. + OG) (Part),002000,2 BENGALI ,394,203,191,0,0,0,394,203,191
C0116,28,536,802918,GHMC (M Corp. + OG) (Part),002007, Bengali,394,203,191,0,0,0,394,203,191
C0116,28,536,802918,GHMC (M Corp. + OG) (Part),003000,3 BODO ,3,1,2,0,0,0,3,1,2
C0116,28,536,802918,GHMC (M Corp. + OG) (Part),003001, Bodo/Boro,3,1,2,0,0,0,3,1,2
C0116,28,536,802918,GHMC (M Corp. + OG) (Part),004000,4 DOGRI ,7,5,2,0,0,0,7,5,2
C0116,28,536,802918,GHMC (M Corp. + OG) (Part),004001, Dogri,7,5,2,0,0,0,7,5,2
C0116,28,536,802918,GHMC (M Corp. + OG) (Part),005000,5 GUJARATI,119,64,55,0,0,0,119,64,55
C0116,28,536,802918,GHMC (M Corp. + OG) (Part),005018, Gujarati,119,64,55,0,0,0,119,64,55
C0116,28,536,802918,GHMC (M Corp. + OG) (Part),006000,6 HINDI ,12404,6487,5917,0,0,0,12404,6487,5917
C0116,28,536,802918,GHMC (M Corp. + OG) (Part),006066, Banjari,148,81,67,0,0,0,148,81,67
C0116,28,536,802918,GHMC (M Corp. + OG) (Part),006102, Bhojpuri,41,23,18,0,0,0,41,23,18
C0116,28,536,802918,GHMC (M Corp. + OG) (Part),006235, Haryanvi,28,12,16,0,0,0,28,12,16
C0116,28,536,802918,GHMC (M Corp. + OG) (Part),006240, Hindi,8170,4288,3882,0,0,0,8170,4288,3882
C0116,28,536,802918,GHMC (M Corp. + OG) (Part),006353, Lamani/Lambadi,3802,1961,1841,0,0,0,3802,1961,1841
C0116,28,536,802918,GHMC (M Corp. + OG) (Part),006400, Marwari,149,83,66,0,0,0,149,83,66
C0116,28,536,802918,GHMC (M Corp. + OG) (Part),006489, Rajasthani,23,15,8,0,0,0,23,15,8
C0116,28,536,802918,GHMC (M Corp. + OG) (Part),006541, Sugali,8,6,2,0,0,0,8,6,2
C0116,28,536,802918,GHMC (M Corp. + OG) (Part),006999,6 Others,35,18,17,0,0,0,35,18,17
C0116,28,536,802918,GHMC (M Corp. + OG) (Part),007000,7 KANNADA,1220,623,597,0,0,0,1220,623,597
C0116,28,536,802918,GHMC (M Corp. + OG) (Part),007016, Kannada,1220,623,597,0,0,0,1220,623,597
C0116,28,536,802918,GHMC (M Corp. + OG) (Part),009000,9 KONKANI,5,2,3,0,0,0,5,2,3
C0116,28,536,802918,GHMC (M Corp. + OG) (Part),009011, Konkani,4,1,3,0,0,0,4,1,3
C0116,28,536,802918,GHMC (M Corp. + OG) (Part),009999,9 Others,1,1,0,0,0,0,1,1,0
C0116,28,536,802918,GHMC (M Corp. + OG) (Part),010000,10 MAITHILI ,9,6,3,0,0,0,9,6,3
C0116,28,536,802918,GHMC (M Corp. + OG) (Part),010008, Maithili,9,6,3,0,0,0,9,6,3
C0116,28,536,802918,GHMC (M Corp. + OG) (Part),011000,11 MALAYALAM,423,215,208,0,0,0,423,215,208
C0116,28,536,802918,GHMC (M Corp. + OG) (Part),011016, Malayalam,423,215,208,0,0,0,423,215,208
C0116,28,536,802918,GHMC (M Corp. + OG) (Part),013000,13 MARATHI ,3456,1761,1695,0,0,0,3456,1761,1695
C0116,28,536,802918,GHMC (M Corp. + OG) (Part),013071, Marathi,3456,1761,1695,0,0,0,3456,1761,1695
C0116,28,536,802918,GHMC (M Corp. + OG) (Part),014000,14 NEPALI ,34,18,16,0,0,0,34,18,16
C0116,28,536,802918,GHMC (M Corp. + OG) (Part),014011, Nepali,34,18,16,0,0,0,34,18,16
C0116,28,536,802918,GHMC (M Corp. + OG) (Part),015000,15 ODIA ,206,111,95,0,0,0,206,111,95
C0116,28,536,802918,GHMC (M Corp. + OG) (Part),015043, Odia,206,111,95,0,0,0,206,111,95
C0116,28,536,802918,GHMC (M Corp. + OG) (Part),016000,16 PUNJABI ,129,61,68,0,0,0,129,61,68
C0116,28,536,802918,GHMC (M Corp. + OG) (Part),016038, Punjabi,129,61,68,0,0,0,129,61,68
C0116,28,536,802918,GHMC (M Corp. + OG) (Part),017000,17 SANSKRIT ,5,2,3,0,0,0,5,2,3
C0116,28,536,802918,GHMC (M Corp. + OG) (Part),017002, Sanskrit,5,2,3,0,0,0,5,2,3
C0116,28,536,802918,GHMC (M Corp. + OG) (Part),018000,18 SANTALI ,5,4,1,0,0,0,5,4,1
C0116,28,536,802918,GHMC (M Corp. + OG) (Part),018040, Santali,5,4,1,0,0,0,5,4,1
C0116,28,536,802918,GHMC (M Corp. + OG) (Part),019000,19 SINDHI,37,21,16,0,0,0,37,21,16
C0116,28,536,802918,GHMC (M Corp. + OG) (Part),019014, Sindhi,37,21,16,0,0,0,37,21,16
C0116,28,536,802918,GHMC (M Corp. + OG) (Part),020000,20 TAMIL ,1644,878,766,0,0,0,1644,878,766
C0116,28,536,802918,GHMC (M Corp. + OG) (Part),020027, Tamil,1627,867,760,0,0,0,1627,867,760
C0116,28,536,802918,GHMC (M Corp. + OG) (Part),020029, Yerukala/Yerukula,17,11,6,0,0,0,17,11,6
C0116,28,536,802918,GHMC (M Corp. + OG) (Part),021000,21 TELUGU ,91581,46453,45128,0,0,0,91581,46453,45128
C0116,28,536,802918,GHMC (M Corp. + OG) (Part),021046, Telugu,91581,46453,45128,0,0,0,91581,46453,45128
C0116,28,536,802918,GHMC (M Corp. + OG) (Part),022000,22 URDU,218321,112917,105404,0,0,0,218321,112917,105404
C0116,28,536,802918,GHMC (M Corp. + OG) (Part),022015, Urdu,218321,112917,105404,0,0,0,218321,112917,105404
C0116,28,536,802918,GHMC (M Corp. + OG) (Part),028000,28 ARABIC/ARBI ,1,1,0,0,0,0,1,1,0
C0116,28,536,802918,GHMC (M Corp. + OG) (Part),028001, Arabic/Arbi,1,1,0,0,0,0,1,1,0
C0116,28,536,802918,GHMC (M Corp. + OG) (Part),030000,30 BHILI/BHILODI ,40,21,19,0,0,0,40,21,19
C0116,28,536,802918,GHMC (M Corp. + OG) (Part),030066, Paradhi,36,18,18,0,0,0,36,18,18
C0116,28,536,802918,GHMC (M Corp. + OG) (Part),030999,30 Others,4,3,1,0,0,0,4,3,1
C0116,28,536,802918,GHMC (M Corp. + OG) (Part),040000,40 ENGLISH ,70,39,31,0,0,0,70,39,31
C0116,28,536,802918,GHMC (M Corp. + OG) (Part),040001, English,70,39,31,0,0,0,70,39,31
C0116,28,536,802918,GHMC (M Corp. + OG) (Part),043000,43 GARO ,1,1,0,0,0,0,1,1,0
C0116,28,536,802918,GHMC (M Corp. + OG) (Part),043005, Garo,1,1,0,0,0,0,1,1,0
C0116,28,536,802918,GHMC (M Corp. + OG) (Part),044000,44 GONDI,4,3,1,0,0,0,4,3,1
C0116,28,536,802918,GHMC (M Corp. + OG) (Part),044007, Gondi,4,3,1,0,0,0,4,3,1
C0116,28,536,802918,GHMC (M Corp. + OG) (Part),070000,70 KUI ,3,0,3,0,0,0,3,0,3
C0116,28,536,802918,GHMC (M Corp. + OG) (Part),070001, Kui,3,0,3,0,0,0,3,0,3
C0116,28,536,802918,GHMC (M Corp. + OG) (Part),124000,124 OTHERS,19,9,10,0,0,0,19,9,10
C0116,28,536,802918,GHMC (M Corp. + OG) (Part),001000,1 ASSAMESE,1,0,1,0,0,0,1,0,1
C0116,28,536,802918,GHMC (M Corp. + OG) (Part),001002, Assamese,1,0,1,0,0,0,1,0,1
C0116,28,536,802918,GHMC (M Corp. + OG) (Part),002000,2 BENGALI ,577,367,210,0,0,0,577,367,210
C0116,28,536,802918,GHMC (M Corp. + OG) (Part),002007, Bengali,577,367,210,0,0,0,577,367,210
C0116,28,536,802918,GHMC (M Corp. + OG) (Part),005000,5 GUJARATI,301,151,150,0,0,0,301,151,150
C0116,28,536,802918,GHMC (M Corp. + OG) (Part),005018, Gujarati,235,118,117,0,0,0,235,118,117
C0116,28,536,802918,GHMC (M Corp. + OG) (Part),005999,5 Others,66,33,33,0,0,0,66,33,33
C0116,28,536,802918,GHMC (M Corp. + OG) (Part),006000,6 HINDI ,5135,2705,2430,0,0,0,5135,2705,2430
C0116,28,536,802918,GHMC (M Corp. + OG) (Part),006066, Banjari,4,2,2,0,0,0,4,2,2
C0116,28,536,802918,GHMC (M Corp. + OG) (Part),006240, Hindi,4430,2341,2089,0,0,0,4430,2341,2089
C0116,28,536,802918,GHMC (M Corp. + OG) (Part),006353, Lamani/Lambadi,245,134,111,0,0,0,245,134,111
C0116,28,536,802918,GHMC (M Corp. + OG) (Part),006400, Marwari,406,204,202,0,0,0,406,204,202
C0116,28,536,802918,GHMC (M Corp. + OG) (Part),006489, Rajasthani,22,9,13,0,0,0,22,9,13
C0116,28,536,802918,GHMC (M Corp. + OG) (Part),006999,6 Others,28,15,13,0,0,0,28,15,13
C0116,28,536,802918,GHMC (M Corp. + OG) (Part),007000,7 KANNADA,340,168,172,0,0,0,340,168,172
C0116,28,536,802918,GHMC (M Corp. + OG) (Part),007016, Kannada,336,166,170,0,0,0,336,166,170
C0116,28,536,802918,GHMC (M Corp. + OG) (Part),007041, Prakritha/Prakritha Bhasha,4,2,2,0,0,0,4,2,2
C0116,28,536,802918,GHMC (M Corp. + OG) (Part),011000,11 MALAYALAM,9,5,4,0,0,0,9,5,4
C0116,28,536,802918,GHMC (M Corp. + OG) (Part),011016, Malayalam,9,5,4,0,0,0,9,5,4
C0116,28,536,802918,GHMC (M Corp. + OG) (Part),013000,13 MARATHI ,1023,498,525,0,0,0,1023,498,525
C0116,28,536,802918,GHMC (M Corp. + OG) (Part),013071, Marathi,1023,498,525,0,0,0,1023,498,525
C0116,28,536,802918,GHMC (M Corp. + OG) (Part),014000,14 NEPALI ,6,2,4,0,0,0,6,2,4
C0116,28,536,802918,GHMC (M Corp. + OG) (Part),014011, Nepali,6,2,4,0,0,0,6,2,4
C0116,28,536,802918,GHMC (M Corp. + OG) (Part),015000,15 ODIA ,25,15,10,0,0,0,25,15,10
C0116,28,536,802918,GHMC (M Corp. + OG) (Part),015043, Odia,25,15,10,0,0,0,25,15,10
C0116,28,536,802918,GHMC (M Corp. + OG) (Part),016000,16 PUNJABI ,15,9,6,0,0,0,15,9,6
C0116,28,536,802918,GHMC (M Corp. + OG) (Part),016038, Punjabi,15,9,6,0,0,0,15,9,6
C0116,28,536,802918,GHMC (M Corp. + OG) (Part),019000,19 SINDHI,33,13,20,0,0,0,33,13,20
C0116,28,536,802918,GHMC (M Corp. + OG) (Part),019008, Kachchhi,6,3,3,0,0,0,6,3,3
C0116,28,536,802918,GHMC (M Corp. + OG) (Part),019014, Sindhi,27,10,17,0,0,0,27,10,17
C0116,28,536,802918,GHMC (M Corp. + OG) (Part),020000,20 TAMIL ,50,22,28,0,0,0,50,22,28
C0116,28,536,802918,GHMC (M Corp. + OG) (Part),020027, Tamil,50,22,28,0,0,0,50,22,28
C0116,28,536,802918,GHMC (M Corp. + OG) (Part),021000,21 TELUGU ,15573,7893,7680,0,0,0,15573,7893,7680
C0116,28,536,802918,GHMC (M Corp. + OG) (Part),021046, Telugu,15573,7893,7680,0,0,0,15573,7893,7680
C0116,28,536,802918,GHMC (M Corp. + OG) (Part),022000,22 URDU,214334,110757,103577,0,0,0,214334,110757,103577
C0116,28,536,802918,GHMC (M Corp. + OG) (Part),022015, Urdu,214334,110757,103577,0,0,0,214334,110757,103577
C0116,28,536,802918,GHMC (M Corp. + OG) (Part),028000,28 ARABIC/ARBI ,36,16,20,0,0,0,36,16,20
C0116,28,536,802918,GHMC (M Corp. + OG) (Part),028001, Arabic/Arbi,36,16,20,0,0,0,36,16,20
C0116,28,536,802918,GHMC (M Corp. + OG) (Part),030000,30 BHILI/BHILODI ,60,30,30,0,0,0,60,30,30
C0116,28,536,802918,GHMC (M Corp. + OG) (Part),030066, Paradhi,60,30,30,0,0,0,60,30,30
C0116,28,536,802918,GHMC (M Corp. + OG) (Part),040000,40 ENGLISH ,68,35,33,0,0,0,68,35,33
C0116,28,536,802918,GHMC (M Corp. + OG) (Part),040001, English,68,35,33,0,0,0,68,35,33
C0116,28,536,802918,GHMC (M Corp. + OG) (Part),124000,124 OTHERS,8,4,4,0,0,0,8,4,4
C0116,28,536,802918,GHMC (M Corp. + OG) (Part),001000,1 ASSAMESE,12,7,5,0,0,0,12,7,5
C0116,28,536,802918,GHMC (M Corp. + OG) (Part),001002, Assamese,12,7,5,0,0,0,12,7,5
C0116,28,536,802918,GHMC (M Corp. + OG) (Part),002000,2 BENGALI ,288,148,140,0,0,0,288,148,140
C0116,28,536,802918,GHMC (M Corp. + OG) (Part),002007, Bengali,288,148,140,0,0,0,288,148,140
C0116,28,536,802918,GHMC (M Corp. + OG) (Part),004000,4 DOGRI ,8,4,4,0,0,0,8,4,4
C0116,28,536,802918,GHMC (M Corp. + OG) (Part),004001, Dogri,8,4,4,0,0,0,8,4,4
C0116,28,536,802918,GHMC (M Corp. + OG) (Part),005000,5 GUJARATI,546,282,264,0,0,0,546,282,264
C0116,28,536,802918,GHMC (M Corp. + OG) (Part),005018, Gujarati,485,251,234,0,0,0,485,251,234
C0116,28,536,802918,GHMC (M Corp. + OG) (Part),005999,5 Others,61,31,30,0,0,0,61,31,30
C0116,28,536,802918,GHMC (M Corp. + OG) (Part),006000,6 HINDI ,11817,6164,5653,0,0,0,11817,6164,5653
C0116,28,536,802918,GHMC (M Corp. + OG) (Part),006066, Banjari,8,5,3,0,0,0,8,5,3
C0116,28,536,802918,GHMC (M Corp. + OG) (Part),006102, Bhojpuri,19,12,7,0,0,0,19,12,7
C0116,28,536,802918,GHMC (M Corp. + OG) (Part),006142, Chhattisgarhi,3,1,2,0,0,0,3,1,2
C0116,28,536,802918,GHMC (M Corp. + OG) (Part),006173, Dhundhari,1,0,1,0,0,0,1,0,1
C0116,28,536,802918,GHMC (M Corp. + OG) (Part),006235, Haryanvi,4,2,2,0,0,0,4,2,2
C0116,28,536,802918,GHMC (M Corp. + OG) (Part),006240, Hindi,6995,3591,3404,0,0,0,6995,3591,3404
C0116,28,536,802918,GHMC (M Corp. + OG) (Part),006353, Lamani/Lambadi,3776,2033,1743,0,0,0,3776,2033,1743
C0116,28,536,802918,GHMC (M Corp. + OG) (Part),006400, Marwari,820,415,405,0,0,0,820,415,405
C0116,28,536,802918,GHMC (M Corp. + OG) (Part),006489, Rajasthani,164,87,77,0,0,0,164,87,77
C0116,28,536,802918,GHMC (M Corp. + OG) (Part),006999,6 Others,27,18,9,0,0,0,27,18,9
C0116,28,536,802918,GHMC (M Corp. + OG) (Part),007000,7 KANNADA,1726,895,831,0,0,0,1726,895,831
C0116,28,536,802918,GHMC (M Corp. + OG) (Part),007002, Badaga,4,1,3,0,0,0,4,1,3
C0116,28,536,802918,GHMC (M Corp. + OG) (Part),007016, Kannada,1714,889,825,0,0,0,1714,889,825
C0116,28,536,802918,GHMC (M Corp. + OG) (Part),007041, Prakritha/Prakritha Bhasha,8,5,3,0,0,0,8,5,3
C0116,28,536,802918,GHMC (M Corp. + OG) (Part),008000,8 KASHMIRI ,7,4,3,0,0,0,7,4,3
C0116,28,536,802918,GHMC (M Corp. + OG) (Part),008005, Kashmiri,7,4,3,0,0,0,7,4,3
C0116,28,536,802918,GHMC (M Corp. + OG) (Part),009000,9 KONKANI,19,9,10,0,0,0,19,9,10
C0116,28,536,802918,GHMC (M Corp. + OG) (Part),009011, Konkani,19,9,10,0,0,0,19,9,10
C0116,28,536,802918,GHMC (M Corp. + OG) (Part),011000,11 MALAYALAM,289,139,150,0,0,0,289,139,150
C0116,28,536,802918,GHMC (M Corp. + OG) (Part),011016, Malayalam,289,139,150,0,0,0,289,139,150
C0116,28,536,802918,GHMC (M Corp. + OG) (Part),012000,12 MANIPURI ,3,2,1,0,0,0,3,2,1
C0116,28,536,802918,GHMC (M Corp. + OG) (Part),012003, Manipuri,3,2,1,0,0,0,3,2,1
C0116,28,536,802918,GHMC (M Corp. + OG) (Part),013000,13 MARATHI ,2422,1201,1221,0,0,0,2422,1201,1221
C0116,28,536,802918,GHMC (M Corp. + OG) (Part),013071, Marathi,2422,1201,1221,0,0,0,2422,1201,1221
C0116,28,536,802918,GHMC (M Corp. + OG) (Part),014000,14 NEPALI ,50,29,21,0,0,0,50,29,21
C0116,28,536,802918,GHMC (M Corp. + OG) (Part),014011, Nepali,50,29,21,0,0,0,50,29,21
C0116,28,536,802918,GHMC (M Corp. + OG) (Part),015000,15 ODIA ,139,67,72,0,0,0,139,67,72
C0116,28,536,802918,GHMC (M Corp. + OG) (Part),015043, Odia,138,66,72,0,0,0,138,66,72
C0116,28,536,802918,GHMC (M Corp. + OG) (Part),015055, Relli,1,1,0,0,0,0,1,1,0
C0116,28,536,802918,GHMC (M Corp. + OG) (Part),016000,16 PUNJABI ,392,207,185,0,0,0,392,207,185
C0116,28,536,802918,GHMC (M Corp. + OG) (Part),016038, Punjabi,392,207,185,0,0,0,392,207,185
C0116,28,536,802918,GHMC (M Corp. + OG) (Part),017000,17 SANSKRIT ,3,1,2,0,0,0,3,1,2
C0116,28,536,802918,GHMC (M Corp. + OG) (Part),017002, Sanskrit,3,1,2,0,0,0,3,1,2
C0116,28,536,802918,GHMC (M Corp. + OG) (Part),018000,18 SANTALI ,1,0,1,0,0,0,1,0,1
C0116,28,536,802918,GHMC (M Corp. + OG) (Part),018040, Santali,1,0,1,0,0,0,1,0,1
C0116,28,536,802918,GHMC (M Corp. + OG) (Part),019000,19 SINDHI,143,65,78,0,0,0,143,65,78
C0116,28,536,802918,GHMC (M Corp. + OG) (Part),019008, Kachchhi,3,2,1,0,0,0,3,2,1
C0116,28,536,802918,GHMC (M Corp. + OG) (Part),019014, Sindhi,140,63,77,0,0,0,140,63,77
C0116,28,536,802918,GHMC (M Corp. + OG) (Part),020000,20 TAMIL ,867,442,425,0,0,0,867,442,425
C0116,28,536,802918,GHMC (M Corp. + OG) (Part),020027, Tamil,755,386,369,0,0,0,755,386,369
C0116,28,536,802918,GHMC (M Corp. + OG) (Part),020029, Yerukala/Yerukula,112,56,56,0,0,0,112,56,56
C0116,28,536,802918,GHMC (M Corp. + OG) (Part),021000,21 TELUGU ,150532,76473,74059,0,0,0,150532,76473,74059
C0116,28,536,802918,GHMC (M Corp. + OG) (Part),021046, Telugu,150532,76473,74059,0,0,0,150532,76473,74059
C0116,28,536,802918,GHMC (M Corp. + OG) (Part),022000,22 URDU,176262,90981,85281,0,0,0,176262,90981,85281
C0116,28,536,802918,GHMC (M Corp. + OG) (Part),022015, Urdu,176262,90981,85281,0,0,0,176262,90981,85281
C0116,28,536,802918,GHMC (M Corp. + OG) (Part),028000,28 ARABIC/ARBI ,4,3,1,0,0,0,4,3,1
C0116,28,536,802918,GHMC (M Corp. + OG) (Part),028001, Arabic/Arbi,4,3,1,0,0,0,4,3,1
C0116,28,536,802918,GHMC (M Corp. + OG) (Part),030000,30 BHILI/BHILODI ,23,11,12,0,0,0,23,11,12
C0116,28,536,802918,GHMC (M Corp. + OG) (Part),030066, Paradhi,23,11,12,0,0,0,23,11,12
C0116,28,536,802918,GHMC (M Corp. + OG) (Part),040000,40 ENGLISH ,131,71,60,0,0,0,131,71,60
C0116,28,536,802918,GHMC (M Corp. + OG) (Part),040001, English,131,71,60,0,0,0,131,71,60
C0116,28,536,802918,GHMC (M Corp. + OG) (Part),044000,44 GONDI,2,2,0,0,0,0,2,2,0
C0116,28,536,802918,GHMC (M Corp. + OG) (Part),044007, Gondi,2,2,0,0,0,0,2,2,0
C0116,28,536,802918,GHMC (M Corp. + OG) (Part),058000,58 KHOND/KONDH ,6,3,3,0,0,0,6,3,3
C0116,28,536,802918,GHMC (M Corp. + OG) (Part),058001, Khond/Kondh,4,1,3,0,0,0,4,1,3
C0116,28,536,802918,GHMC (M Corp. + OG) (Part),058006, Kuvi,2,2,0,0,0,0,2,2,0
C0116,28,536,802918,GHMC (M Corp. + OG) (Part),117000,117 TULU ,5,0,5,0,0,0,5,0,5
C0116,28,536,802918,GHMC (M Corp. + OG) (Part),117009, Tulu,5,0,5,0,0,0,5,0,5
C0116,28,536,802918,GHMC (M Corp. + OG) (Part),124000,124 OTHERS,25,12,13,0,0,0,25,12,13
C0116,28,536,573968,Osmania University (CT),006000,6 HINDI ,97,65,32,0,0,0,97,65,32
C0116,28,536,573968,Osmania University (CT),006240, Hindi,64,37,27,0,0,0,64,37,27
C0116,28,536,573968,Osmania University (CT),006353, Lamani/Lambadi,32,28,4,0,0,0,32,28,4
C0116,28,536,573968,Osmania University (CT),006541, Sugali,1,0,1,0,0,0,1,0,1
C0116,28,536,573968,Osmania University (CT),007000,7 KANNADA,7,5,2,0,0,0,7,5,2
C0116,28,536,573968,Osmania University (CT),007016, Kannada,7,5,2,0,0,0,7,5,2
C0116,28,536,573968,Osmania University (CT),011000,11 MALAYALAM,3,1,2,0,0,0,3,1,2
C0116,28,536,573968,Osmania University (CT),011016, Malayalam,3,1,2,0,0,0,3,1,2
C0116,28,536,573968,Osmania University (CT),013000,13 MARATHI ,2,1,1,0,0,0,2,1,1
C0116,28,536,573968,Osmania University (CT),013071, Marathi,2,1,1,0,0,0,2,1,1
C0116,28,536,573968,Osmania University (CT),016000,16 PUNJABI ,1,0,1,0,0,0,1,0,1
C0116,28,536,573968,Osmania University (CT),016038, Punjabi,1,0,1,0,0,0,1,0,1
C0116,28,536,573968,Osmania University (CT),020000,20 TAMIL ,4,1,3,0,0,0,4,1,3
C0116,28,536,573968,Osmania University (CT),020027, Tamil,4,1,3,0,0,0,4,1,3
C0116,28,536,573968,Osmania University (CT),021000,21 TELUGU ,5293,2971,2322,0,0,0,5293,2971,2322
C0116,28,536,573968,Osmania University (CT),021046, Telugu,5293,2971,2322,0,0,0,5293,2971,2322
C0116,28,536,573968,Osmania University (CT),022000,22 URDU,1353,681,672,0,0,0,1353,681,672
C0116,28,536,573968,Osmania University (CT),022015, Urdu,1353,681,672,0,0,0,1353,681,672
C0116,28,536,573968,Osmania University (CT),040000,40 ENGLISH ,1,1,0,0,0,0,1,1,0
C0116,28,536,573968,Osmania University (CT),040001, English,1,1,0,0,0,0,1,1,0
C0116,28,536,573968,Osmania University (CT),069000,69 KOYA ,1,1,0,0,0,0,1,1,0
C0116,28,536,573968,Osmania University (CT),069002, Koya,1,1,0,0,0,0,1,1,0
C0116,28,537,000000,Rangareddy,001000,1 ASSAMESE,628,417,211,0,0,0,628,417,211
C0116,28,537,000000,Rangareddy,001002, Assamese,624,415,209,0,0,0,624,415,209
C0116,28,537,000000,Rangareddy,001999,1 Others,4,2,2,0,0,0,4,2,2
C0116,28,537,000000,Rangareddy,002000,2 BENGALI ,10759,5705,5054,0,0,0,10759,5705,5054
C0116,28,537,000000,Rangareddy,002007, Bengali,10754,5702,5052,0,0,0,10754,5702,5052
C0116,28,537,000000,Rangareddy,002011, Chakma,4,3,1,0,0,0,4,3,1
C0116,28,537,000000,Rangareddy,002015, Haijong/Hajong,1,0,1,0,0,0,1,0,1
C0116,28,537,000000,Rangareddy,003000,3 BODO ,21,10,11,0,0,0,21,10,11
C0116,28,537,000000,Rangareddy,003001, Bodo/Boro,21,10,11,0,0,0,21,10,11
C0116,28,537,000000,Rangareddy,004000,4 DOGRI ,56,38,18,0,0,0,56,38,18
C0116,28,537,000000,Rangareddy,004001, Dogri,56,38,18,0,0,0,56,38,18
C0116,28,537,000000,Rangareddy,005000,5 GUJARATI,10295,5192,5103,0,0,0,10295,5192,5103
C0116,28,537,000000,Rangareddy,005018, Gujarati,9600,4833,4767,0,0,0,9600,4833,4767
C0116,28,537,000000,Rangareddy,005052, Pattani,1,0,1,0,0,0,1,0,1
C0116,28,537,000000,Rangareddy,005057, Saurashtra/Saurashtri,77,40,37,0,0,0,77,40,37
C0116,28,537,000000,Rangareddy,005999,5 Others,617,319,298,0,0,0,617,319,298
C0116,28,537,000000,Rangareddy,006000,6 HINDI ,204109,108495,95614,0,0,0,204109,108495,95614
C0116,28,537,000000,Rangareddy,006030, Awadhi,1,1,0,0,0,0,1,1,0
C0116,28,537,000000,Rangareddy,006066, Banjari,1381,698,683,0,0,0,1381,698,683
C0116,28,537,000000,Rangareddy,006086, Bhadrawahi,1,1,0,0,0,0,1,1,0
C0116,28,537,000000,Rangareddy,006096, Bharmauri/Gaddi,4,3,1,0,0,0,4,3,1
C0116,28,537,000000,Rangareddy,006102, Bhojpuri,2910,1686,1224,0,0,0,2910,1686,1224
C0116,28,537,000000,Rangareddy,006125, Bundeli/Bundel khandi,8,4,4,0,0,0,8,4,4
C0116,28,537,000000,Rangareddy,006142, Chhattisgarhi,20,9,11,0,0,0,20,9,11
C0116,28,537,000000,Rangareddy,006173, Dhundhari,3,1,2,0,0,0,3,1,2
C0116,28,537,000000,Rangareddy,006195, Garhwali,158,74,84,0,0,0,158,74,84
C0116,28,537,000000,Rangareddy,006235, Haryanvi,167,88,79,0,0,0,167,88,79
C0116,28,537,000000,Rangareddy,006240, Hindi,145916,77939,67977,0,0,0,145916,77939,67977
C0116,28,537,000000,Rangareddy,006320, Khortha/Khotta,9,6,3,0,0,0,9,6,3
C0116,28,537,000000,Rangareddy,006340, Kumauni,10,5,5,0,0,0,10,5,5
C0116,28,537,000000,Rangareddy,006345, Kurmali Thar,9,6,3,0,0,0,9,6,3
C0116,28,537,000000,Rangareddy,006353, Lamani/Lambadi,39669,20475,19194,0,0,0,39669,20475,19194
C0116,28,537,000000,Rangareddy,006358, Lodhi,37,20,17,0,0,0,37,20,17
C0116,28,537,000000,Rangareddy,006376, Magadhi/Magahi,12,8,4,0,0,0,12,8,4
C0116,28,537,000000,Rangareddy,006400, Marwari,7934,4242,3692,0,0,0,7934,4242,3692
C0116,28,537,000000,Rangareddy,006439, Pahari,21,14,7,0,0,0,21,14,7
C0116,28,537,000000,Rangareddy,006489, Rajasthani,2794,1519,1275,0,0,0,2794,1519,1275
C0116,28,537,000000,Rangareddy,006503, Sadan/Sadri,4,1,3,0,0,0,4,1,3
C0116,28,537,000000,Rangareddy,006541, Sugali,126,59,67,0,0,0,126,59,67
C0116,28,537,000000,Rangareddy,006999,6 Others,2915,1636,1279,0,0,0,2915,1636,1279
C0116,28,537,000000,Rangareddy,007000,7 KANNADA,35144,18049,17095,0,0,0,35144,18049,17095
C0116,28,537,000000,Rangareddy,007002, Badaga,9,3,6,0,0,0,9,3,6
C0116,28,537,000000,Rangareddy,007016, Kannada,35046,17999,17047,0,0,0,35046,17999,17047
C0116,28,537,000000,Rangareddy,007999,7 Others,89,47,42,0,0,0,89,47,42
C0116,28,537,000000,Rangareddy,008000,8 KASHMIRI ,184,99,85,0,0,0,184,99,85
C0116,28,537,000000,Rangareddy,008005, Kashmiri,182,98,84,0,0,0,182,98,84
C0116,28,537,000000,Rangareddy,008010, Kishtwari,2,1,1,0,0,0,2,1,1
C0116,28,537,000000,Rangareddy,009000,9 KONKANI,880,408,472,0,0,0,880,408,472
C0116,28,537,000000,Rangareddy,009011, Konkani,871,404,467,0,0,0,871,404,467
C0116,28,537,000000,Rangareddy,009013, Kudubi/Kudumbi,6,2,4,0,0,0,6,2,4
C0116,28,537,000000,Rangareddy,009016, Malwani,1,0,1,0,0,0,1,0,1
C0116,28,537,000000,Rangareddy,009028, Gorboli/Goru/Gorwani,1,1,0,0,0,0,1,1,0
C0116,28,537,000000,Rangareddy,009999,9 Others,1,1,0,0,0,0,1,1,0
C0116,28,537,000000,Rangareddy,010000,10 MAITHILI ,462,252,210,0,0,0,462,252,210
C0116,28,537,000000,Rangareddy,010008, Maithili,457,249,208,0,0,0,457,249,208
C0116,28,537,000000,Rangareddy,010013, Thati,5,3,2,0,0,0,5,3,2
C0116,28,537,000000,Rangareddy,011000,11 MALAYALAM,20338,10376,9962,0,0,0,20338,10376,9962
C0116,28,537,000000,Rangareddy,011016, Malayalam,20337,10376,9961,0,0,0,20337,10376,9961
C0116,28,537,000000,Rangareddy,011999,11 Others,1,0,1,0,0,0,1,0,1
C0116,28,537,000000,Rangareddy,012000,12 MANIPURI ,156,88,68,0,0,0,156,88,68
C0116,28,537,000000,Rangareddy,012003, Manipuri,156,88,68,0,0,0,156,88,68
C0116,28,537,000000,Rangareddy,013000,13 MARATHI ,49851,25705,24146,0,0,0,49851,25705,24146
C0116,28,537,000000,Rangareddy,013071, Marathi,49838,25699,24139,0,0,0,49838,25699,24139
C0116,28,537,000000,Rangareddy,013999,13 Others,13,6,7,0,0,0,13,6,7
C0116,28,537,000000,Rangareddy,014000,14 NEPALI ,2236,1210,1026,0,0,0,2236,1210,1026
C0116,28,537,000000,Rangareddy,014011, Nepali,2236,1210,1026,0,0,0,2236,1210,1026
C0116,28,537,000000,Rangareddy,015000,15 ODIA ,15870,8948,6922,0,0,0,15870,8948,6922
C0116,28,537,000000,Rangareddy,015006, Bhatri,4,3,1,0,0,0,4,3,1
C0116,28,537,000000,Rangareddy,015043, Odia,15846,8934,6912,0,0,0,15846,8934,6912
C0116,28,537,000000,Rangareddy,015999,15 Others,20,11,9,0,0,0,20,11,9
C0116,28,537,000000,Rangareddy,016000,16 PUNJABI ,6363,3290,3073,0,0,0,6363,3290,3073
C0116,28,537,000000,Rangareddy,016038, Punjabi,6363,3290,3073,0,0,0,6363,3290,3073
C0116,28,537,000000,Rangareddy,017000,17 SANSKRIT ,76,37,39,0,0,0,76,37,39
C0116,28,537,000000,Rangareddy,017002, Sanskrit,76,37,39,0,0,0,76,37,39
C0116,28,537,000000,Rangareddy,018000,18 SANTALI ,23,12,11,0,0,0,23,12,11
C0116,28,537,000000,Rangareddy,018040, Santali,22,11,11,0,0,0,22,11,11
C0116,28,537,000000,Rangareddy,018999,18 Others,1,1,0,0,0,0,1,1,0
C0116,28,537,000000,Rangareddy,019000,19 SINDHI,1113,559,554,0,0,0,1113,559,554
C0116,28,537,000000,Rangareddy,019008, Kachchhi,56,25,31,0,0,0,56,25,31
C0116,28,537,000000,Rangareddy,019014, Sindhi,1057,534,523,0,0,0,1057,534,523
C0116,28,537,000000,Rangareddy,020000,20 TAMIL ,50327,25238,25089,0,0,0,50327,25238,25089
C0116,28,537,000000,Rangareddy,020015, Korava,2,1,1,0,0,0,2,1,1
C0116,28,537,000000,Rangareddy,020027, Tamil,49038,24570,24468,0,0,0,49038,24570,24468
C0116,28,537,000000,Rangareddy,020029, Yerukala/Yerukula,1260,651,609,0,0,0,1260,651,609
C0116,28,537,000000,Rangareddy,020999,20 Others,27,16,11,0,0,0,27,16,11
C0116,28,537,000000,Rangareddy,021000,21 TELUGU ,2856798,1453972,1402826,0,0,0,2856798,1453972,1402826
C0116,28,537,000000,Rangareddy,021046, Telugu,2856760,1453950,1402810,0,0,0,2856760,1453950,1402810
C0116,28,537,000000,Rangareddy,021048, Vadari,6,4,2,0,0,0,6,4,2
C0116,28,537,000000,Rangareddy,021999,21 Others,32,18,14,0,0,0,32,18,14
C0116,28,537,000000,Rangareddy,022000,22 URDU,448148,229241,218907,0,0,0,448148,229241,218907
C0116,28,537,000000,Rangareddy,022015, Urdu,448129,229231,218898,0,0,0,448129,229231,218898
C0116,28,537,000000,Rangareddy,022999,22 Others,19,10,9,0,0,0,19,10,9
C0116,28,537,000000,Rangareddy,023000,23 ADI ,23,13,10,0,0,0,23,13,10
C0116,28,537,000000,Rangareddy,023003, Adi,21,13,8,0,0,0,21,13,8
C0116,28,537,000000,Rangareddy,023999,23 Others,2,0,2,0,0,0,2,0,2
C0116,28,537,000000,Rangareddy,026000,26 ANGAMI ,11,3,8,0,0,0,11,3,8
C0116,28,537,000000,Rangareddy,026002, Angami,5,3,2,0,0,0,5,3,2
C0116,28,537,000000,Rangareddy,026999,26 Others,6,0,6,0,0,0,6,0,6
C0116,28,537,000000,Rangareddy,027000,27 AO ,6,0,6,0,0,0,6,0,6
C0116,28,537,000000,Rangareddy,027001, Ao,2,0,2,0,0,0,2,0,2
C0116,28,537,000000,Rangareddy,027999,27 Others,4,0,4,0,0,0,4,0,4
C0116,28,537,000000,Rangareddy,028000,28 ARABIC/ARBI ,137,80,57,0,0,0,137,80,57
C0116,28,537,000000,Rangareddy,028001, Arabic/Arbi,137,80,57,0,0,0,137,80,57
C0116,28,537,000000,Rangareddy,030000,30 BHILI/BHILODI ,762,343,419,0,0,0,762,343,419
C0116,28,537,000000,Rangareddy,030011, Chodhari,1,0,1,0,0,0,1,0,1
C0116,28,537,000000,Rangareddy,030035, Kokna/Kokni/Kukna,24,11,13,0,0,0,24,11,13
C0116,28,537,000000,Rangareddy,030066, Paradhi,674,299,375,0,0,0,674,299,375
C0116,28,537,000000,Rangareddy,030078, Wagdi,5,3,2,0,0,0,5,3,2
C0116,28,537,000000,Rangareddy,030999,30 Others,58,30,28,0,0,0,58,30,28
C0116,28,537,000000,Rangareddy,032000,32 BHUMIJ ,4,1,3,0,0,0,4,1,3
C0116,28,537,000000,Rangareddy,032999,32 Others,4,1,3,0,0,0,4,1,3
C0116,28,537,000000,Rangareddy,034000,34 CHAKHESANG ,1,0,1,0,0,0,1,0,1
C0116,28,537,000000,Rangareddy,034001, Chakhesang,1,0,1,0,0,0,1,0,1
C0116,28,537,000000,Rangareddy,035000,35 CHAKRU/CHOKRI ,2,2,0,0,0,0,2,2,0
C0116,28,537,000000,Rangareddy,035001, Chakru/Chokri,2,2,0,0,0,0,2,2,0
C0116,28,537,000000,Rangareddy,036000,36 CHANG ,1,1,0,0,0,0,1,1,0
C0116,28,537,000000,Rangareddy,036001, Chang,1,1,0,0,0,0,1,1,0
C0116,28,537,000000,Rangareddy,037000,37 COORGI/KODAGU ,12,8,4,0,0,0,12,8,4
C0116,28,537,000000,Rangareddy,037001, Coorgi/Kodagu,12,8,4,0,0,0,12,8,4
C0116,28,537,000000,Rangareddy,038000,38 DEORI ,2,1,1,0,0,0,2,1,1
C0116,28,537,000000,Rangareddy,038001, Deori,2,1,1,0,0,0,2,1,1
C0116,28,537,000000,Rangareddy,039000,39 DIMASA ,4,3,1,0,0,0,4,3,1
C0116,28,537,000000,Rangareddy,039999,39 Others,4,3,1,0,0,0,4,3,1
C0116,28,537,000000,Rangareddy,040000,40 ENGLISH ,2890,1428,1462,0,0,0,2890,1428,1462
C0116,28,537,000000,Rangareddy,040001, English,2890,1428,1462,0,0,0,2890,1428,1462
C0116,28,537,000000,Rangareddy,041000,41 GADABA ,7,3,4,0,0,0,7,3,4
C0116,28,537,000000,Rangareddy,041001, Gadaba,7,3,4,0,0,0,7,3,4
C0116,28,537,000000,Rangareddy,044000,44 GONDI,77,38,39,0,0,0,77,38,39
C0116,28,537,000000,Rangareddy,044007, Gondi,44,24,20,0,0,0,44,24,20
C0116,28,537,000000,Rangareddy,044013, Kalari,4,2,2,0,0,0,4,2,2
C0116,28,537,000000,Rangareddy,044999,44 Others,29,12,17,0,0,0,29,12,17
C0116,28,537,000000,Rangareddy,047000,47 HMAR,1,0,1,0,0,0,1,0,1
C0116,28,537,000000,Rangareddy,047001, Hmar,1,0,1,0,0,0,1,0,1
C0116,28,537,000000,Rangareddy,051000,51 KABUI ,7,6,1,0,0,0,7,6,1
C0116,28,537,000000,Rangareddy,051005, Rongmei,7,6,1,0,0,0,7,6,1
C0116,28,537,000000,Rangareddy,053000,53 KHANDESHI,1,0,1,0,0,0,1,0,1
C0116,28,537,000000,Rangareddy,053005, Gujari,1,0,1,0,0,0,1,0,1
C0116,28,537,000000,Rangareddy,054000,54 KHARIA ,48,20,28,0,0,0,48,20,28
C0116,28,537,000000,Rangareddy,054005, Kharia,48,20,28,0,0,0,48,20,28
C0116,28,537,000000,Rangareddy,055000,55 KHASI ,14,5,9,0,0,0,14,5,9
C0116,28,537,000000,Rangareddy,055007, Khasi,14,5,9,0,0,0,14,5,9
C0116,28,537,000000,Rangareddy,056000,56 KHEZHA ,1,0,1,0,0,0,1,0,1
C0116,28,537,000000,Rangareddy,056003, Khezha,1,0,1,0,0,0,1,0,1
C0116,28,537,000000,Rangareddy,058000,58 KHOND/KONDH ,15,10,5,0,0,0,15,10,5
C0116,28,537,000000,Rangareddy,058001, Khond/Kondh,4,4,0,0,0,0,4,4,0
C0116,28,537,000000,Rangareddy,058006, Kuvi,11,6,5,0,0,0,11,6,5
C0116,28,537,000000,Rangareddy,064000,64 KOM,2,1,1,0,0,0,2,1,1
C0116,28,537,000000,Rangareddy,064001, Kom,2,1,1,0,0,0,2,1,1
C0116,28,537,000000,Rangareddy,065000,65 KONDA,14,9,5,0,0,0,14,9,5
C0116,28,537,000000,Rangareddy,065003, Konda,14,9,5,0,0,0,14,9,5
C0116,28,537,000000,Rangareddy,066000,66 KONYAK ,6,1,5,0,0,0,6,1,5
C0116,28,537,000000,Rangareddy,066001, Konyak,6,1,5,0,0,0,6,1,5
C0116,28,537,000000,Rangareddy,067000,67 KORKU ,1,1,0,0,0,0,1,1,0
C0116,28,537,000000,Rangareddy,067999,67 Others ,1,1,0,0,0,0,1,1,0
C0116,28,537,000000,Rangareddy,069000,69 KOYA ,127,64,63,0,0,0,127,64,63
C0116,28,537,000000,Rangareddy,069002, Koya,127,64,63,0,0,0,127,64,63
C0116,28,537,000000,Rangareddy,071000,71 KUKI,10,7,3,0,0,0,10,7,3
C0116,28,537,000000,Rangareddy,071008, Kuki,10,7,3,0,0,0,10,7,3
C0116,28,537,000000,Rangareddy,072000,72 KURUKH/ORAON ,14,7,7,0,0,0,14,7,7
C0116,28,537,000000,Rangareddy,072024, Kurukh/Oraon,14,7,7,0,0,0,14,7,7
C0116,28,537,000000,Rangareddy,075000,75 LAHNDA ,4,2,2,0,0,0,4,2,2
C0116,28,537,000000,Rangareddy,075999,75 Others ,4,2,2,0,0,0,4,2,2
C0116,28,537,000000,Rangareddy,081000,81 LOTHA ,4,0,4,0,0,0,4,0,4
C0116,28,537,000000,Rangareddy,081001, Lotha,4,0,4,0,0,0,4,0,4
C0116,28,537,000000,Rangareddy,082000,82 LUSHAI/MIZO ,45,19,26,0,0,0,45,19,26
C0116,28,537,000000,Rangareddy,082005, Lushai/Mizo,45,19,26,0,0,0,45,19,26
C0116,28,537,000000,Rangareddy,083000,83 MALTO ,4,3,1,0,0,0,4,3,1
C0116,28,537,000000,Rangareddy,083002, Pahariya,4,3,1,0,0,0,4,3,1
C0116,28,537,000000,Rangareddy,084000,84 MAO,2,0,2,0,0,0,2,0,2
C0116,28,537,000000,Rangareddy,084001, Mao,2,0,2,0,0,0,2,0,2
C0116,28,537,000000,Rangareddy,090000,90 MONPA ,2,0,2,0,0,0,2,0,2
C0116,28,537,000000,Rangareddy,090003, Monpa,2,0,2,0,0,0,2,0,2
C0116,28,537,000000,Rangareddy,091000,91 MUNDA,7,4,3,0,0,0,7,4,3
C0116,28,537,000000,Rangareddy,091009, Munda,7,4,3,0,0,0,7,4,3
C0116,28,537,000000,Rangareddy,092000,92 MUNDARI ,1,1,0,0,0,0,1,1,0
C0116,28,537,000000,Rangareddy,092005, Mundari,1,1,0,0,0,0,1,1,0
C0116,28,537,000000,Rangareddy,094000,94 NISSI/DAFLA ,3,1,2,0,0,0,3,1,2
C0116,28,537,000000,Rangareddy,094001, Apatani,2,0,2,0,0,0,2,0,2
C0116,28,537,000000,Rangareddy,094007, Nissi/Dafla,1,1,0,0,0,0,1,1,0
C0116,28,537,000000,Rangareddy,096000,96 PAITE,5,2,3,0,0,0,5,2,3
C0116,28,537,000000,Rangareddy,096002, Paite,5,2,3,0,0,0,5,2,3
C0116,28,537,000000,Rangareddy,100000,100 PHOM ,3,0,3,0,0,0,3,0,3
C0116,28,537,000000,Rangareddy,100001, Phom,3,0,3,0,0,0,3,0,3
C0116,28,537,000000,Rangareddy,101000,101 POCHURY,4,2,2,0,0,0,4,2,2
C0116,28,537,000000,Rangareddy,101006, Pochury,4,2,2,0,0,0,4,2,2
C0116,28,537,000000,Rangareddy,104000,104 RENGMA ,1,0,1,0,0,0,1,0,1
C0116,28,537,000000,Rangareddy,104001, Rengma,1,0,1,0,0,0,1,0,1
C0116,28,537,000000,Rangareddy,106000,106 SAVARA,18,9,9,0,0,0,18,9,9
C0116,28,537,000000,Rangareddy,106004, Savara,18,9,9,0,0,0,18,9,9
C0116,28,537,000000,Rangareddy,107000,107 SEMA,4,3,1,0,0,0,4,3,1
C0116,28,537,000000,Rangareddy,107002, Sema,4,3,1,0,0,0,4,3,1
C0116,28,537,000000,Rangareddy,112000,112 TANGKHUL ,5,3,2,0,0,0,5,3,2
C0116,28,537,000000,Rangareddy,112008, Tangkhul,5,3,2,0,0,0,5,3,2
C0116,28,537,000000,Rangareddy,114000,114 THADO ,7,3,4,0,0,0,7,3,4
C0116,28,537,000000,Rangareddy,114015, Thado,7,3,4,0,0,0,7,3,4
C0116,28,537,000000,Rangareddy,116000,116 TRIPURI ,4,3,1,0,0,0,4,3,1
C0116,28,537,000000,Rangareddy,116007, Kokbarak,4,3,1,0,0,0,4,3,1
C0116,28,537,000000,Rangareddy,117000,117 TULU ,111,55,56,0,0,0,111,55,56
C0116,28,537,000000,Rangareddy,117009, Tulu,107,52,55,0,0,0,107,52,55
C0116,28,537,000000,Rangareddy,117999,117 Others ,4,3,1,0,0,0,4,3,1
C0116,28,537,000000,Rangareddy,118000,118 VAIPHEI ,3,3,0,0,0,0,3,3,0
C0116,28,537,000000,Rangareddy,118002, Vaiphei,3,3,0,0,0,0,3,3,0
C0116,28,537,000000,Rangareddy,124000,124 OTHERS,898,486,412,0,0,0,898,486,412
C0116,28,537,802918,GHMC (M Corp. + OG) (Part),001000,1 ASSAMESE,200,153,47,0,0,0,200,153,47
C0116,28,537,802918,GHMC (M Corp. + OG) (Part),001002, Assamese,197,152,45,0,0,0,197,152,45
C0116,28,537,802918,GHMC (M Corp. + OG) (Part),001999,1 Others,3,1,2,0,0,0,3,1,2
C0116,28,537,802918,GHMC (M Corp. + OG) (Part),002000,2 BENGALI ,1994,1098,896,0,0,0,1994,1098,896
C0116,28,537,802918,GHMC (M Corp. + OG) (Part),002007, Bengali,1994,1098,896,0,0,0,1994,1098,896
C0116,28,537,802918,GHMC (M Corp. + OG) (Part),003000,3 BODO ,9,3,6,0,0,0,9,3,6
C0116,28,537,802918,GHMC (M Corp. + OG) (Part),003001, Bodo/Boro,9,3,6,0,0,0,9,3,6
C0116,28,537,802918,GHMC (M Corp. + OG) (Part),004000,4 DOGRI ,4,4,0,0,0,0,4,4,0
C0116,28,537,802918,GHMC (M Corp. + OG) (Part),004001, Dogri,4,4,0,0,0,0,4,4,0
C0116,28,537,802918,GHMC (M Corp. + OG) (Part),005000,5 GUJARATI,789,388,401,0,0,0,789,388,401
C0116,28,537,802918,GHMC (M Corp. + OG) (Part),005018, Gujarati,726,360,366,0,0,0,726,360,366
C0116,28,537,802918,GHMC (M Corp. + OG) (Part),005052, Pattani,1,0,1,0,0,0,1,0,1
C0116,28,537,802918,GHMC (M Corp. + OG) (Part),005057, Saurashtra/Saurashtri,23,9,14,0,0,0,23,9,14
C0116,28,537,802918,GHMC (M Corp. + OG) (Part),005999,5 Others,39,19,20,0,0,0,39,19,20
C0116,28,537,802918,GHMC (M Corp. + OG) (Part),006000,6 HINDI ,24108,12991,11117,0,0,0,24108,12991,11117
C0116,28,537,802918,GHMC (M Corp. + OG) (Part),006030, Awadhi,1,1,0,0,0,0,1,1,0
C0116,28,537,802918,GHMC (M Corp. + OG) (Part),006066, Banjari,113,63,50,0,0,0,113,63,50
C0116,28,537,802918,GHMC (M Corp. + OG) (Part),006086, Bhadrawahi,1,1,0,0,0,0,1,1,0
C0116,28,537,802918,GHMC (M Corp. + OG) (Part),006102, Bhojpuri,114,75,39,0,0,0,114,75,39
C0116,28,537,802918,GHMC (M Corp. + OG) (Part),006142, Chhattisgarhi,7,4,3,0,0,0,7,4,3
C0116,28,537,802918,GHMC (M Corp. + OG) (Part),006195, Garhwali,5,4,1,0,0,0,5,4,1
C0116,28,537,802918,GHMC (M Corp. + OG) (Part),006235, Haryanvi,4,3,1,0,0,0,4,3,1
C0116,28,537,802918,GHMC (M Corp. + OG) (Part),006240, Hindi,19569,10610,8959,0,0,0,19569,10610,8959
C0116,28,537,802918,GHMC (M Corp. + OG) (Part),006340, Kumauni,2,2,0,0,0,0,2,2,0
C0116,28,537,802918,GHMC (M Corp. + OG) (Part),006353, Lamani/Lambadi,3313,1702,1611,0,0,0,3313,1702,1611
C0116,28,537,802918,GHMC (M Corp. + OG) (Part),006376, Magadhi/Magahi,4,3,1,0,0,0,4,3,1
C0116,28,537,802918,GHMC (M Corp. + OG) (Part),006400, Marwari,625,334,291,0,0,0,625,334,291
C0116,28,537,802918,GHMC (M Corp. + OG) (Part),006439, Pahari,7,5,2,0,0,0,7,5,2
C0116,28,537,802918,GHMC (M Corp. + OG) (Part),006489, Rajasthani,284,151,133,0,0,0,284,151,133
C0116,28,537,802918,GHMC (M Corp. + OG) (Part),006503, Sadan/Sadri,4,1,3,0,0,0,4,1,3
C0116,28,537,802918,GHMC (M Corp. + OG) (Part),006541, Sugali,12,6,6,0,0,0,12,6,6
C0116,28,537,802918,GHMC (M Corp. + OG) (Part),006999,6 Others,43,26,17,0,0,0,43,26,17
C0116,28,537,802918,GHMC (M Corp. + OG) (Part),007000,7 KANNADA,4379,2258,2121,0,0,0,4379,2258,2121
C0116,28,537,802918,GHMC (M Corp. + OG) (Part),007002, Badaga,1,0,1,0,0,0,1,0,1
C0116,28,537,802918,GHMC (M Corp. + OG) (Part),007016, Kannada,4373,2254,2119,0,0,0,4373,2254,2119
C0116,28,537,802918,GHMC (M Corp. + OG) (Part),007999,7 Others,5,4,1,0,0,0,5,4,1
C0116,28,537,802918,GHMC (M Corp. + OG) (Part),008000,8 KASHMIRI ,79,42,37,0,0,0,79,42,37
C0116,28,537,802918,GHMC (M Corp. + OG) (Part),008005, Kashmiri,79,42,37,0,0,0,79,42,37
C0116,28,537,802918,GHMC (M Corp. + OG) (Part),009000,9 KONKANI,152,70,82,0,0,0,152,70,82
C0116,28,537,802918,GHMC (M Corp. + OG) (Part),009011, Konkani,150,69,81,0,0,0,150,69,81
C0116,28,537,802918,GHMC (M Corp. + OG) (Part),009016, Malwani,1,0,1,0,0,0,1,0,1
C0116,28,537,802918,GHMC (M Corp. + OG) (Part),009028, Gorboli/Goru/Gorwani,1,1,0,0,0,0,1,1,0
C0116,28,537,802918,GHMC (M Corp. + OG) (Part),010000,10 MAITHILI ,40,24,16,0,0,0,40,24,16
C0116,28,537,802918,GHMC (M Corp. + OG) (Part),010008, Maithili,40,24,16,0,0,0,40,24,16
C0116,28,537,802918,GHMC (M Corp. + OG) (Part),011000,11 MALAYALAM,2809,1458,1351,0,0,0,2809,1458,1351
C0116,28,537,802918,GHMC (M Corp. + OG) (Part),011016, Malayalam,2809,1458,1351,0,0,0,2809,1458,1351
C0116,28,537,802918,GHMC (M Corp. + OG) (Part),012000,12 MANIPURI ,48,25,23,0,0,0,48,25,23
C0116,28,537,802918,GHMC (M Corp. + OG) (Part),012003, Manipuri,48,25,23,0,0,0,48,25,23
C0116,28,537,802918,GHMC (M Corp. + OG) (Part),013000,13 MARATHI ,4659,2477,2182,0,0,0,4659,2477,2182
C0116,28,537,802918,GHMC (M Corp. + OG) (Part),013071, Marathi,4659,2477,2182,0,0,0,4659,2477,2182
C0116,28,537,802918,GHMC (M Corp. + OG) (Part),014000,14 NEPALI ,235,136,99,0,0,0,235,136,99
C0116,28,537,802918,GHMC (M Corp. + OG) (Part),014011, Nepali,235,136,99,0,0,0,235,136,99
C0116,28,537,802918,GHMC (M Corp. + OG) (Part),015000,15 ODIA ,2303,1295,1008,0,0,0,2303,1295,1008
C0116,28,537,802918,GHMC (M Corp. + OG) (Part),015006, Bhatri,4,3,1,0,0,0,4,3,1
C0116,28,537,802918,GHMC (M Corp. + OG) (Part),015043, Odia,2295,1290,1005,0,0,0,2295,1290,1005
C0116,28,537,802918,GHMC (M Corp. + OG) (Part),015999,15 Others,4,2,2,0,0,0,4,2,2
C0116,28,537,802918,GHMC (M Corp. + OG) (Part),016000,16 PUNJABI ,718,369,349,0,0,0,718,369,349
C0116,28,537,802918,GHMC (M Corp. + OG) (Part),016038, Punjabi,718,369,349,0,0,0,718,369,349
C0116,28,537,802918,GHMC (M Corp. + OG) (Part),017000,17 SANSKRIT ,11,8,3,0,0,0,11,8,3
C0116,28,537,802918,GHMC (M Corp. + OG) (Part),017002, Sanskrit,11,8,3,0,0,0,11,8,3
C0116,28,537,802918,GHMC (M Corp. + OG) (Part),018000,18 SANTALI ,6,3,3,0,0,0,6,3,3
C0116,28,537,802918,GHMC (M Corp. + OG) (Part),018040, Santali,6,3,3,0,0,0,6,3,3
C0116,28,537,802918,GHMC (M Corp. + OG) (Part),019000,19 SINDHI,153,75,78,0,0,0,153,75,78
C0116,28,537,802918,GHMC (M Corp. + OG) (Part),019008, Kachchhi,2,2,0,0,0,0,2,2,0
C0116,28,537,802918,GHMC (M Corp. + OG) (Part),019014, Sindhi,151,73,78,0,0,0,151,73,78
C0116,28,537,802918,GHMC (M Corp. + OG) (Part),020000,20 TAMIL ,4525,2356,2169,0,0,0,4525,2356,2169
C0116,28,537,802918,GHMC (M Corp. + OG) (Part),020027, Tamil,4492,2344,2148,0,0,0,4492,2344,2148
C0116,28,537,802918,GHMC (M Corp. + OG) (Part),020029, Yerukala/Yerukula,33,12,21,0,0,0,33,12,21
C0116,28,537,802918,GHMC (M Corp. + OG) (Part),021000,21 TELUGU ,228866,118268,110598,0,0,0,228866,118268,110598
C0116,28,537,802918,GHMC (M Corp. + OG) (Part),021046, Telugu,228859,118265,110594,0,0,0,228859,118265,110594
C0116,28,537,802918,GHMC (M Corp. + OG) (Part),021999,21 Others,7,3,4,0,0,0,7,3,4
C0116,28,537,802918,GHMC (M Corp. + OG) (Part),022000,22 URDU,32704,16795,15909,0,0,0,32704,16795,15909
C0116,28,537,802918,GHMC (M Corp. + OG) (Part),022015, Urdu,32699,16793,15906,0,0,0,32699,16793,15906
C0116,28,537,802918,GHMC (M Corp. + OG) (Part),022999,22 Others,5,2,3,0,0,0,5,2,3
C0116,28,537,802918,GHMC (M Corp. + OG) (Part),026000,26 ANGAMI ,9,1,8,0,0,0,9,1,8
C0116,28,537,802918,GHMC (M Corp. + OG) (Part),026002, Angami,3,1,2,0,0,0,3,1,2
C0116,28,537,802918,GHMC (M Corp. + OG) (Part),026999,26 Others,6,0,6,0,0,0,6,0,6
C0116,28,537,802918,GHMC (M Corp. + OG) (Part),027000,27 AO ,6,0,6,0,0,0,6,0,6
C0116,28,537,802918,GHMC (M Corp. + OG) (Part),027001, Ao,2,0,2,0,0,0,2,0,2
C0116,28,537,802918,GHMC (M Corp. + OG) (Part),027999,27 Others,4,0,4,0,0,0,4,0,4
C0116,28,537,802918,GHMC (M Corp. + OG) (Part),028000,28 ARABIC/ARBI ,60,38,22,0,0,0,60,38,22
C0116,28,537,802918,GHMC (M Corp. + OG) (Part),028001, Arabic/Arbi,60,38,22,0,0,0,60,38,22
C0116,28,537,802918,GHMC (M Corp. + OG) (Part),030000,30 BHILI/BHILODI ,5,2,3,0,0,0,5,2,3
C0116,28,537,802918,GHMC (M Corp. + OG) (Part),030011, Chodhari,1,0,1,0,0,0,1,0,1
C0116,28,537,802918,GHMC (M Corp. + OG) (Part),030035, Kokna/Kokni/Kukna,4,2,2,0,0,0,4,2,2
C0116,28,537,802918,GHMC (M Corp. + OG) (Part),034000,34 CHAKHESANG ,1,0,1,0,0,0,1,0,1
C0116,28,537,802918,GHMC (M Corp. + OG) (Part),034001, Chakhesang,1,0,1,0,0,0,1,0,1
C0116,28,537,802918,GHMC (M Corp. + OG) (Part),035000,35 CHAKRU/CHOKRI ,2,2,0,0,0,0,2,2,0
C0116,28,537,802918,GHMC (M Corp. + OG) (Part),035001, Chakru/Chokri,2,2,0,0,0,0,2,2,0
C0116,28,537,802918,GHMC (M Corp. + OG) (Part),036000,36 CHANG ,1,1,0,0,0,0,1,1,0
C0116,28,537,802918,GHMC (M Corp. + OG) (Part),036001, Chang,1,1,0,0,0,0,1,1,0
C0116,28,537,802918,GHMC (M Corp. + OG) (Part),037000,37 COORGI/KODAGU ,5,4,1,0,0,0,5,4,1
C0116,28,537,802918,GHMC (M Corp. + OG) (Part),037001, Coorgi/Kodagu,5,4,1,0,0,0,5,4,1
C0116,28,537,802918,GHMC (M Corp. + OG) (Part),040000,40 ENGLISH ,224,112,112,0,0,0,224,112,112
C0116,28,537,802918,GHMC (M Corp. + OG) (Part),040001, English,224,112,112,0,0,0,224,112,112
C0116,28,537,802918,GHMC (M Corp. + OG) (Part),044000,44 GONDI,5,3,2,0,0,0,5,3,2
C0116,28,537,802918,GHMC (M Corp. + OG) (Part),044007, Gondi,4,3,1,0,0,0,4,3,1
C0116,28,537,802918,GHMC (M Corp. + OG) (Part),044999,44 Others,1,0,1,0,0,0,1,0,1
C0116,28,537,802918,GHMC (M Corp. + OG) (Part),047000,47 HMAR,1,0,1,0,0,0,1,0,1
C0116,28,537,802918,GHMC (M Corp. + OG) (Part),047001, Hmar,1,0,1,0,0,0,1,0,1
C0116,28,537,802918,GHMC (M Corp. + OG) (Part),051000,51 KABUI ,1,1,0,0,0,0,1,1,0
C0116,28,537,802918,GHMC (M Corp. + OG) (Part),051005, Rongmei,1,1,0,0,0,0,1,1,0
C0116,28,537,802918,GHMC (M Corp. + OG) (Part),055000,55 KHASI ,6,2,4,0,0,0,6,2,4
C0116,28,537,802918,GHMC (M Corp. + OG) (Part),055007, Khasi,6,2,4,0,0,0,6,2,4
C0116,28,537,802918,GHMC (M Corp. + OG) (Part),056000,56 KHEZHA ,1,0,1,0,0,0,1,0,1
C0116,28,537,802918,GHMC (M Corp. + OG) (Part),056003, Khezha,1,0,1,0,0,0,1,0,1
C0116,28,537,802918,GHMC (M Corp. + OG) (Part),058000,58 KHOND/KONDH ,1,0,1,0,0,0,1,0,1
C0116,28,537,802918,GHMC (M Corp. + OG) (Part),058006, Kuvi,1,0,1,0,0,0,1,0,1
C0116,28,537,802918,GHMC (M Corp. + OG) (Part),066000,66 KONYAK ,6,1,5,0,0,0,6,1,5
C0116,28,537,802918,GHMC (M Corp. + OG) (Part),066001, Konyak,6,1,5,0,0,0,6,1,5
C0116,28,537,802918,GHMC (M Corp. + OG) (Part),069000,69 KOYA ,3,3,0,0,0,0,3,3,0
C0116,28,537,802918,GHMC (M Corp. + OG) (Part),069002, Koya,3,3,0,0,0,0,3,3,0
C0116,28,537,802918,GHMC (M Corp. + OG) (Part),071000,71 KUKI,1,0,1,0,0,0,1,0,1
C0116,28,537,802918,GHMC (M Corp. + OG) (Part),071008, Kuki,1,0,1,0,0,0,1,0,1
C0116,28,537,802918,GHMC (M Corp. + OG) (Part),072000,72 KURUKH/ORAON ,1,0,1,0,0,0,1,0,1
C0116,28,537,802918,GHMC (M Corp. + OG) (Part),072024, Kurukh/Oraon,1,0,1,0,0,0,1,0,1
C0116,28,537,802918,GHMC (M Corp. + OG) (Part),075000,75 LAHNDA ,4,2,2,0,0,0,4,2,2
C0116,28,537,802918,GHMC (M Corp. + OG) (Part),075999,75 Others ,4,2,2,0,0,0,4,2,2
C0116,28,537,802918,GHMC (M Corp. + OG) (Part),081000,81 LOTHA ,4,0,4,0,0,0,4,0,4
C0116,28,537,802918,GHMC (M Corp. + OG) (Part),081001, Lotha,4,0,4,0,0,0,4,0,4
C0116,28,537,802918,GHMC (M Corp. + OG) (Part),082000,82 LUSHAI/MIZO ,19,7,12,0,0,0,19,7,12
C0116,28,537,802918,GHMC (M Corp. + OG) (Part),082005, Lushai/Mizo,19,7,12,0,0,0,19,7,12
C0116,28,537,802918,GHMC (M Corp. + OG) (Part),083000,83 MALTO ,4,3,1,0,0,0,4,3,1
C0116,28,537,802918,GHMC (M Corp. + OG) (Part),083002, Pahariya,4,3,1,0,0,0,4,3,1
C0116,28,537,802918,GHMC (M Corp. + OG) (Part),084000,84 MAO,1,0,1,0,0,0,1,0,1
C0116,28,537,802918,GHMC (M Corp. + OG) (Part),084001, Mao,1,0,1,0,0,0,1,0,1
C0116,28,537,802918,GHMC (M Corp. + OG) (Part),091000,91 MUNDA,1,1,0,0,0,0,1,1,0
C0116,28,537,802918,GHMC (M Corp. + OG) (Part),091009, Munda,1,1,0,0,0,0,1,1,0
C0116,28,537,802918,GHMC (M Corp. + OG) (Part),092000,92 MUNDARI ,1,1,0,0,0,0,1,1,0
C0116,28,537,802918,GHMC (M Corp. + OG) (Part),092005, Mundari,1,1,0,0,0,0,1,1,0
C0116,28,537,802918,GHMC (M Corp. + OG) (Part),094000,94 NISSI/DAFLA ,2,0,2,0,0,0,2,0,2
C0116,28,537,802918,GHMC (M Corp. + OG) (Part),094001, Apatani,2,0,2,0,0,0,2,0,2
C0116,28,537,802918,GHMC (M Corp. + OG) (Part),100000,100 PHOM ,3,0,3,0,0,0,3,0,3
C0116,28,537,802918,GHMC (M Corp. + OG) (Part),100001, Phom,3,0,3,0,0,0,3,0,3
C0116,28,537,802918,GHMC (M Corp. + OG) (Part),104000,104 RENGMA ,1,0,1,0,0,0,1,0,1
C0116,28,537,802918,GHMC (M Corp. + OG) (Part),104001, Rengma,1,0,1,0,0,0,1,0,1
C0116,28,537,802918,GHMC (M Corp. + OG) (Part),116000,116 TRIPURI ,3,2,1,0,0,0,3,2,1
C0116,28,537,802918,GHMC (M Corp. + OG) (Part),116007, Kokbarak,3,2,1,0,0,0,3,2,1
C0116,28,537,802918,GHMC (M Corp. + OG) (Part),117000,117 TULU ,25,10,15,0,0,0,25,10,15
C0116,28,537,802918,GHMC (M Corp. + OG) (Part),117009, Tulu,24,9,15,0,0,0,24,9,15
C0116,28,537,802918,GHMC (M Corp. + OG) (Part),117999,117 Others ,1,1,0,0,0,0,1,1,0
C0116,28,537,802918,GHMC (M Corp. + OG) (Part),124000,124 OTHERS,122,64,58,0,0,0,122,64,58
C0116,28,537,802918,GHMC (M Corp. + OG) (Part),001000,1 ASSAMESE,64,40,24,0,0,0,64,40,24
C0116,28,537,802918,GHMC (M Corp. + OG) (Part),001002, Assamese,64,40,24,0,0,0,64,40,24
C0116,28,537,802918,GHMC (M Corp. + OG) (Part),002000,2 BENGALI ,1935,1032,903,0,0,0,1935,1032,903
C0116,28,537,802918,GHMC (M Corp. + OG) (Part),002007, Bengali,1935,1032,903,0,0,0,1935,1032,903
C0116,28,537,802918,GHMC (M Corp. + OG) (Part),003000,3 BODO ,3,2,1,0,0,0,3,2,1
C0116,28,537,802918,GHMC (M Corp. + OG) (Part),003001, Bodo/Boro,3,2,1,0,0,0,3,2,1
C0116,28,537,802918,GHMC (M Corp. + OG) (Part),004000,4 DOGRI ,21,15,6,0,0,0,21,15,6
C0116,28,537,802918,GHMC (M Corp. + OG) (Part),004001, Dogri,21,15,6,0,0,0,21,15,6
C0116,28,537,802918,GHMC (M Corp. + OG) (Part),005000,5 GUJARATI,1913,957,956,0,0,0,1913,957,956
C0116,28,537,802918,GHMC (M Corp. + OG) (Part),005018, Gujarati,1801,895,906,0,0,0,1801,895,906
C0116,28,537,802918,GHMC (M Corp. + OG) (Part),005057, Saurashtra/Saurashtri,18,11,7,0,0,0,18,11,7
C0116,28,537,802918,GHMC (M Corp. + OG) (Part),005999,5 Others,94,51,43,0,0,0,94,51,43
C0116,28,537,802918,GHMC (M Corp. + OG) (Part),006000,6 HINDI ,26206,13851,12355,0,0,0,26206,13851,12355
C0116,28,537,802918,GHMC (M Corp. + OG) (Part),006066, Banjari,166,87,79,0,0,0,166,87,79
C0116,28,537,802918,GHMC (M Corp. + OG) (Part),006102, Bhojpuri,494,272,222,0,0,0,494,272,222
C0116,28,537,802918,GHMC (M Corp. + OG) (Part),006142, Chhattisgarhi,6,3,3,0,0,0,6,3,3
C0116,28,537,802918,GHMC (M Corp. + OG) (Part),006195, Garhwali,11,5,6,0,0,0,11,5,6
C0116,28,537,802918,GHMC (M Corp. + OG) (Part),006235, Haryanvi,13,9,4,0,0,0,13,9,4
C0116,28,537,802918,GHMC (M Corp. + OG) (Part),006240, Hindi,20356,10795,9561,0,0,0,20356,10795,9561
C0116,28,537,802918,GHMC (M Corp. + OG) (Part),006340, Kumauni,1,1,0,0,0,0,1,1,0
C0116,28,537,802918,GHMC (M Corp. + OG) (Part),006353, Lamani/Lambadi,2837,1440,1397,0,0,0,2837,1440,1397
C0116,28,537,802918,GHMC (M Corp. + OG) (Part),006376, Magadhi/Magahi,4,3,1,0,0,0,4,3,1
C0116,28,537,802918,GHMC (M Corp. + OG) (Part),006400, Marwari,1335,693,642,0,0,0,1335,693,642
C0116,28,537,802918,GHMC (M Corp. + OG) (Part),006439, Pahari,1,1,0,0,0,0,1,1,0
C0116,28,537,802918,GHMC (M Corp. + OG) (Part),006489, Rajasthani,418,232,186,0,0,0,418,232,186
C0116,28,537,802918,GHMC (M Corp. + OG) (Part),006541, Sugali,16,7,9,0,0,0,16,7,9
C0116,28,537,802918,GHMC (M Corp. + OG) (Part),006999,6 Others,548,303,245,0,0,0,548,303,245
C0116,28,537,802918,GHMC (M Corp. + OG) (Part),007000,7 KANNADA,5520,2882,2638,0,0,0,5520,2882,2638
C0116,28,537,802918,GHMC (M Corp. + OG) (Part),007002, Badaga,2,2,0,0,0,0,2,2,0
C0116,28,537,802918,GHMC (M Corp. + OG) (Part),007016, Kannada,5506,2873,2633,0,0,0,5506,2873,2633
C0116,28,537,802918,GHMC (M Corp. + OG) (Part),007999,7 Others,12,7,5,0,0,0,12,7,5
C0116,28,537,802918,GHMC (M Corp. + OG) (Part),008000,8 KASHMIRI ,34,15,19,0,0,0,34,15,19
C0116,28,537,802918,GHMC (M Corp. + OG) (Part),008005, Kashmiri,34,15,19,0,0,0,34,15,19
C0116,28,537,802918,GHMC (M Corp. + OG) (Part),009000,9 KONKANI,130,67,63,0,0,0,130,67,63
C0116,28,537,802918,GHMC (M Corp. + OG) (Part),009011, Konkani,129,66,63,0,0,0,129,66,63
C0116,28,537,802918,GHMC (M Corp. + OG) (Part),009999,9 Others,1,1,0,0,0,0,1,1,0
C0116,28,537,802918,GHMC (M Corp. + OG) (Part),010000,10 MAITHILI ,30,16,14,0,0,0,30,16,14
C0116,28,537,802918,GHMC (M Corp. + OG) (Part),010008, Maithili,30,16,14,0,0,0,30,16,14
C0116,28,537,802918,GHMC (M Corp. + OG) (Part),011000,11 MALAYALAM,3121,1607,1514,0,0,0,3121,1607,1514
C0116,28,537,802918,GHMC (M Corp. + OG) (Part),011016, Malayalam,3121,1607,1514,0,0,0,3121,1607,1514
C0116,28,537,802918,GHMC (M Corp. + OG) (Part),012000,12 MANIPURI ,20,10,10,0,0,0,20,10,10
C0116,28,537,802918,GHMC (M Corp. + OG) (Part),012003, Manipuri,20,10,10,0,0,0,20,10,10
C0116,28,537,802918,GHMC (M Corp. + OG) (Part),013000,13 MARATHI ,6146,3114,3032,0,0,0,6146,3114,3032
C0116,28,537,802918,GHMC (M Corp. + OG) (Part),013071, Marathi,6143,3113,3030,0,0,0,6143,3113,3030
C0116,28,537,802918,GHMC (M Corp. + OG) (Part),013999,13 Others,3,1,2,0,0,0,3,1,2
C0116,28,537,802918,GHMC (M Corp. + OG) (Part),014000,14 NEPALI ,332,181,151,0,0,0,332,181,151
C0116,28,537,802918,GHMC (M Corp. + OG) (Part),014011, Nepali,332,181,151,0,0,0,332,181,151
C0116,28,537,802918,GHMC (M Corp. + OG) (Part),015000,15 ODIA ,3409,1902,1507,0,0,0,3409,1902,1507
C0116,28,537,802918,GHMC (M Corp. + OG) (Part),015043, Odia,3404,1898,1506,0,0,0,3404,1898,1506
C0116,28,537,802918,GHMC (M Corp. + OG) (Part),015999,15 Others,5,4,1,0,0,0,5,4,1
C0116,28,537,802918,GHMC (M Corp. + OG) (Part),016000,16 PUNJABI ,1550,802,748,0,0,0,1550,802,748
C0116,28,537,802918,GHMC (M Corp. + OG) (Part),016038, Punjabi,1550,802,748,0,0,0,1550,802,748
C0116,28,537,802918,GHMC (M Corp. + OG) (Part),018000,18 SANTALI ,4,3,1,0,0,0,4,3,1
C0116,28,537,802918,GHMC (M Corp. + OG) (Part),018040, Santali,4,3,1,0,0,0,4,3,1
C0116,28,537,802918,GHMC (M Corp. + OG) (Part),019000,19 SINDHI,248,132,116,0,0,0,248,132,116
C0116,28,537,802918,GHMC (M Corp. + OG) (Part),019014, Sindhi,248,132,116,0,0,0,248,132,116
C0116,28,537,802918,GHMC (M Corp. + OG) (Part),020000,20 TAMIL ,4719,2356,2363,0,0,0,4719,2356,2363
C0116,28,537,802918,GHMC (M Corp. + OG) (Part),020015, Korava,2,1,1,0,0,0,2,1,1
C0116,28,537,802918,GHMC (M Corp. + OG) (Part),020027, Tamil,4631,2315,2316,0,0,0,4631,2315,2316
C0116,28,537,802918,GHMC (M Corp. + OG) (Part),020029, Yerukala/Yerukula,86,40,46,0,0,0,86,40,46
C0116,28,537,802918,GHMC (M Corp. + OG) (Part),021000,21 TELUGU ,442681,226561,216120,0,0,0,442681,226561,216120
C0116,28,537,802918,GHMC (M Corp. + OG) (Part),021046, Telugu,442681,226561,216120,0,0,0,442681,226561,216120
C0116,28,537,802918,GHMC (M Corp. + OG) (Part),022000,22 URDU,69264,35709,33555,0,0,0,69264,35709,33555
C0116,28,537,802918,GHMC (M Corp. + OG) (Part),022015, Urdu,69259,35705,33554,0,0,0,69259,35705,33554
C0116,28,537,802918,GHMC (M Corp. + OG) (Part),022999,22 Others,5,4,1,0,0,0,5,4,1
C0116,28,537,802918,GHMC (M Corp. + OG) (Part),028000,28 ARABIC/ARBI ,15,5,10,0,0,0,15,5,10
C0116,28,537,802918,GHMC (M Corp. + OG) (Part),028001, Arabic/Arbi,15,5,10,0,0,0,15,5,10
C0116,28,537,802918,GHMC (M Corp. + OG) (Part),030000,30 BHILI/BHILODI ,114,36,78,0,0,0,114,36,78
C0116,28,537,802918,GHMC (M Corp. + OG) (Part),030035, Kokna/Kokni/Kukna,6,2,4,0,0,0,6,2,4
C0116,28,537,802918,GHMC (M Corp. + OG) (Part),030066, Paradhi,108,34,74,0,0,0,108,34,74
C0116,28,537,802918,GHMC (M Corp. + OG) (Part),040000,40 ENGLISH ,360,183,177,0,0,0,360,183,177
C0116,28,537,802918,GHMC (M Corp. + OG) (Part),040001, English,360,183,177,0,0,0,360,183,177
C0116,28,537,802918,GHMC (M Corp. + OG) (Part),044000,44 GONDI,4,2,2,0,0,0,4,2,2
C0116,28,537,802918,GHMC (M Corp. + OG) (Part),044013, Kalari,4,2,2,0,0,0,4,2,2
C0116,28,537,802918,GHMC (M Corp. + OG) (Part),054000,54 KHARIA ,1,1,0,0,0,0,1,1,0
C0116,28,537,802918,GHMC (M Corp. + OG) (Part),054005, Kharia,1,1,0,0,0,0,1,1,0
C0116,28,537,802918,GHMC (M Corp. + OG) (Part),058000,58 KHOND/KONDH ,5,2,3,0,0,0,5,2,3
C0116,28,537,802918,GHMC (M Corp. + OG) (Part),058006, Kuvi,5,2,3,0,0,0,5,2,3
C0116,28,537,802918,GHMC (M Corp. + OG) (Part),064000,64 KOM,2,1,1,0,0,0,2,1,1
C0116,28,537,802918,GHMC (M Corp. + OG) (Part),064001, Kom,2,1,1,0,0,0,2,1,1
C0116,28,537,802918,GHMC (M Corp. + OG) (Part),069000,69 KOYA ,4,2,2,0,0,0,4,2,2
C0116,28,537,802918,GHMC (M Corp. + OG) (Part),069002, Koya,4,2,2,0,0,0,4,2,2
C0116,28,537,802918,GHMC (M Corp. + OG) (Part),072000,72 KURUKH/ORAON ,2,2,0,0,0,0,2,2,0
C0116,28,537,802918,GHMC (M Corp. + OG) (Part),072024, Kurukh/Oraon,2,2,0,0,0,0,2,2,0
C0116,28,537,802918,GHMC (M Corp. + OG) (Part),107000,107 SEMA,3,2,1,0,0,0,3,2,1
C0116,28,537,802918,GHMC (M Corp. + OG) (Part),107002, Sema,3,2,1,0,0,0,3,2,1
C0116,28,537,802918,GHMC (M Corp. + OG) (Part),117000,117 TULU ,8,4,4,0,0,0,8,4,4
C0116,28,537,802918,GHMC (M Corp. + OG) (Part),117009, Tulu,7,4,3,0,0,0,7,4,3
C0116,28,537,802918,GHMC (M Corp. + OG) (Part),117999,117 Others ,1,0,1,0,0,0,1,0,1
C0116,28,537,802918,GHMC (M Corp. + OG) (Part),124000,124 OTHERS,128,64,64,0,0,0,128,64,64
C0116,28,537,802918,GHMC (M Corp. + OG) (Part),001000,1 ASSAMESE,65,43,22,0,0,0,65,43,22
C0116,28,537,802918,GHMC (M Corp. + OG) (Part),001002, Assamese,65,43,22,0,0,0,65,43,22
C0116,28,537,802918,GHMC (M Corp. + OG) (Part),002000,2 BENGALI ,1142,631,511,0,0,0,1142,631,511
C0116,28,537,802918,GHMC (M Corp. + OG) (Part),002007, Bengali,1142,631,511,0,0,0,1142,631,511
C0116,28,537,802918,GHMC (M Corp. + OG) (Part),003000,3 BODO ,2,2,0,0,0,0,2,2,0
C0116,28,537,802918,GHMC (M Corp. + OG) (Part),003001, Bodo/Boro,2,2,0,0,0,0,2,2,0
C0116,28,537,802918,GHMC (M Corp. + OG) (Part),005000,5 GUJARATI,599,298,301,0,0,0,599,298,301
C0116,28,537,802918,GHMC (M Corp. + OG) (Part),005018, Gujarati,503,253,250,0,0,0,503,253,250
C0116,28,537,802918,GHMC (M Corp. + OG) (Part),005999,5 Others,96,45,51,0,0,0,96,45,51
C0116,28,537,802918,GHMC (M Corp. + OG) (Part),006000,6 HINDI ,29247,15762,13485,0,0,0,29247,15762,13485
C0116,28,537,802918,GHMC (M Corp. + OG) (Part),006066, Banjari,83,39,44,0,0,0,83,39,44
C0116,28,537,802918,GHMC (M Corp. + OG) (Part),006096, Bharmauri/Gaddi,1,1,0,0,0,0,1,1,0
C0116,28,537,802918,GHMC (M Corp. + OG) (Part),006102, Bhojpuri,971,579,392,0,0,0,971,579,392
C0116,28,537,802918,GHMC (M Corp. + OG) (Part),006173, Dhundhari,1,1,0,0,0,0,1,1,0
C0116,28,537,802918,GHMC (M Corp. + OG) (Part),006195, Garhwali,22,10,12,0,0,0,22,10,12
C0116,28,537,802918,GHMC (M Corp. + OG) (Part),006235, Haryanvi,47,24,23,0,0,0,47,24,23
C0116,28,537,802918,GHMC (M Corp. + OG) (Part),006240, Hindi,22685,12208,10477,0,0,0,22685,12208,10477
C0116,28,537,802918,GHMC (M Corp. + OG) (Part),006345, Kurmali Thar,6,4,2,0,0,0,6,4,2
C0116,28,537,802918,GHMC (M Corp. + OG) (Part),006353, Lamani/Lambadi,2848,1468,1380,0,0,0,2848,1468,1380
C0116,28,537,802918,GHMC (M Corp. + OG) (Part),006400, Marwari,902,482,420,0,0,0,902,482,420
C0116,28,537,802918,GHMC (M Corp. + OG) (Part),006439, Pahari,4,3,1,0,0,0,4,3,1
C0116,28,537,802918,GHMC (M Corp. + OG) (Part),006489, Rajasthani,355,195,160,0,0,0,355,195,160
C0116,28,537,802918,GHMC (M Corp. + OG) (Part),006541, Sugali,20,11,9,0,0,0,20,11,9
C0116,28,537,802918,GHMC (M Corp. + OG) (Part),006999,6 Others,1302,737,565,0,0,0,1302,737,565
C0116,28,537,802918,GHMC (M Corp. + OG) (Part),007000,7 KANNADA,5958,3058,2900,0,0,0,5958,3058,2900
C0116,28,537,802918,GHMC (M Corp. + OG) (Part),007016, Kannada,5926,3042,2884,0,0,0,5926,3042,2884
C0116,28,537,802918,GHMC (M Corp. + OG) (Part),007999,7 Others,32,16,16,0,0,0,32,16,16
C0116,28,537,802918,GHMC (M Corp. + OG) (Part),008000,8 KASHMIRI ,9,4,5,0,0,0,9,4,5
C0116,28,537,802918,GHMC (M Corp. + OG) (Part),008005, Kashmiri,9,4,5,0,0,0,9,4,5
C0116,28,537,802918,GHMC (M Corp. + OG) (Part),009000,9 KONKANI,60,28,32,0,0,0,60,28,32
C0116,28,537,802918,GHMC (M Corp. + OG) (Part),009011, Konkani,60,28,32,0,0,0,60,28,32
C0116,28,537,802918,GHMC (M Corp. + OG) (Part),010000,10 MAITHILI ,157,91,66,0,0,0,157,91,66
C0116,28,537,802918,GHMC (M Corp. + OG) (Part),010008, Maithili,152,88,64,0,0,0,152,88,64
C0116,28,537,802918,GHMC (M Corp. + OG) (Part),010013, Thati,5,3,2,0,0,0,5,3,2
C0116,28,537,802918,GHMC (M Corp. + OG) (Part),011000,11 MALAYALAM,1937,980,957,0,0,0,1937,980,957
C0116,28,537,802918,GHMC (M Corp. + OG) (Part),011016, Malayalam,1936,980,956,0,0,0,1936,980,956
C0116,28,537,802918,GHMC (M Corp. + OG) (Part),011999,11 Others,1,0,1,0,0,0,1,0,1
C0116,28,537,802918,GHMC (M Corp. + OG) (Part),012000,12 MANIPURI ,4,2,2,0,0,0,4,2,2
C0116,28,537,802918,GHMC (M Corp. + OG) (Part),012003, Manipuri,4,2,2,0,0,0,4,2,2
C0116,28,537,802918,GHMC (M Corp. + OG) (Part),013000,13 MARATHI ,7770,3980,3790,0,0,0,7770,3980,3790
C0116,28,537,802918,GHMC (M Corp. + OG) (Part),013071, Marathi,7770,3980,3790,0,0,0,7770,3980,3790
C0116,28,537,802918,GHMC (M Corp. + OG) (Part),014000,14 NEPALI ,304,151,153,0,0,0,304,151,153
C0116,28,537,802918,GHMC (M Corp. + OG) (Part),014011, Nepali,304,151,153,0,0,0,304,151,153
C0116,28,537,802918,GHMC (M Corp. + OG) (Part),015000,15 ODIA ,2651,1557,1094,0,0,0,2651,1557,1094
C0116,28,537,802918,GHMC (M Corp. + OG) (Part),015043, Odia,2649,1556,1093,0,0,0,2649,1556,1093
C0116,28,537,802918,GHMC (M Corp. + OG) (Part),015999,15 Others,2,1,1,0,0,0,2,1,1
C0116,28,537,802918,GHMC (M Corp. + OG) (Part),016000,16 PUNJABI ,366,182,184,0,0,0,366,182,184
C0116,28,537,802918,GHMC (M Corp. + OG) (Part),016038, Punjabi,366,182,184,0,0,0,366,182,184
C0116,28,537,802918,GHMC (M Corp. + OG) (Part),019000,19 SINDHI,45,20,25,0,0,0,45,20,25
C0116,28,537,802918,GHMC (M Corp. + OG) (Part),019014, Sindhi,45,20,25,0,0,0,45,20,25
C0116,28,537,802918,GHMC (M Corp. + OG) (Part),020000,20 TAMIL ,3662,1877,1785,0,0,0,3662,1877,1785
C0116,28,537,802918,GHMC (M Corp. + OG) (Part),020027, Tamil,3618,1858,1760,0,0,0,3618,1858,1760
C0116,28,537,802918,GHMC (M Corp. + OG) (Part),020029, Yerukala/Yerukula,41,17,24,0,0,0,41,17,24
C0116,28,537,802918,GHMC (M Corp. + OG) (Part),020999,20 Others,3,2,1,0,0,0,3,2,1
C0116,28,537,802918,GHMC (M Corp. + OG) (Part),021000,21 TELUGU ,337353,172636,164717,0,0,0,337353,172636,164717
C0116,28,537,802918,GHMC (M Corp. + OG) (Part),021046, Telugu,337353,172636,164717,0,0,0,337353,172636,164717
C0116,28,537,802918,GHMC (M Corp. + OG) (Part),022000,22 URDU,45943,23713,22230,0,0,0,45943,23713,22230
C0116,28,537,802918,GHMC (M Corp. + OG) (Part),022015, Urdu,45940,23713,22227,0,0,0,45940,23713,22227
C0116,28,537,802918,GHMC (M Corp. + OG) (Part),022999,22 Others,3,0,3,0,0,0,3,0,3
C0116,28,537,802918,GHMC (M Corp. + OG) (Part),028000,28 ARABIC/ARBI ,20,12,8,0,0,0,20,12,8
C0116,28,537,802918,GHMC (M Corp. + OG) (Part),028001, Arabic/Arbi,20,12,8,0,0,0,20,12,8
C0116,28,537,802918,GHMC (M Corp. + OG) (Part),030000,30 BHILI/BHILODI ,1,0,1,0,0,0,1,0,1
C0116,28,537,802918,GHMC (M Corp. + OG) (Part),030066, Paradhi,1,0,1,0,0,0,1,0,1
C0116,28,537,802918,GHMC (M Corp. + OG) (Part),032000,32 BHUMIJ ,4,1,3,0,0,0,4,1,3
C0116,28,537,802918,GHMC (M Corp. + OG) (Part),032999,32 Others,4,1,3,0,0,0,4,1,3
C0116,28,537,802918,GHMC (M Corp. + OG) (Part),039000,39 DIMASA ,4,3,1,0,0,0,4,3,1
C0116,28,537,802918,GHMC (M Corp. + OG) (Part),039999,39 Others,4,3,1,0,0,0,4,3,1
C0116,28,537,802918,GHMC (M Corp. + OG) (Part),040000,40 ENGLISH ,128,63,65,0,0,0,128,63,65
C0116,28,537,802918,GHMC (M Corp. + OG) (Part),040001, English,128,63,65,0,0,0,128,63,65
C0116,28,537,802918,GHMC (M Corp. + OG) (Part),044000,44 GONDI,6,5,1,0,0,0,6,5,1
C0116,28,537,802918,GHMC (M Corp. + OG) (Part),044007, Gondi,5,4,1,0,0,0,5,4,1
C0116,28,537,802918,GHMC (M Corp. + OG) (Part),044999,44 Others,1,1,0,0,0,0,1,1,0
C0116,28,537,802918,GHMC (M Corp. + OG) (Part),055000,55 KHASI ,2,2,0,0,0,0,2,2,0
C0116,28,537,802918,GHMC (M Corp. + OG) (Part),055007, Khasi,2,2,0,0,0,0,2,2,0
C0116,28,537,802918,GHMC (M Corp. + OG) (Part),058000,58 KHOND/KONDH ,1,1,0,0,0,0,1,1,0
C0116,28,537,802918,GHMC (M Corp. + OG) (Part),058001, Khond/Kondh,1,1,0,0,0,0,1,1,0
C0116,28,537,802918,GHMC (M Corp. + OG) (Part),065000,65 KONDA,6,3,3,0,0,0,6,3,3
C0116,28,537,802918,GHMC (M Corp. + OG) (Part),065003, Konda,6,3,3,0,0,0,6,3,3
C0116,28,537,802918,GHMC (M Corp. + OG) (Part),067000,67 KORKU ,1,1,0,0,0,0,1,1,0
C0116,28,537,802918,GHMC (M Corp. + OG) (Part),067999,67 Others ,1,1,0,0,0,0,1,1,0
C0116,28,537,802918,GHMC (M Corp. + OG) (Part),101000,101 POCHURY,4,2,2,0,0,0,4,2,2
C0116,28,537,802918,GHMC (M Corp. + OG) (Part),101006, Pochury,4,2,2,0,0,0,4,2,2
C0116,28,537,802918,GHMC (M Corp. + OG) (Part),117000,117 TULU ,4,3,1,0,0,0,4,3,1
C0116,28,537,802918,GHMC (M Corp. + OG) (Part),117009, Tulu,3,2,1,0,0,0,3,2,1
C0116,28,537,802918,GHMC (M Corp. + OG) (Part),117999,117 Others ,1,1,0,0,0,0,1,1,0
C0116,28,537,802918,GHMC (M Corp. + OG) (Part),124000,124 OTHERS,194,111,83,0,0,0,194,111,83
C0116,28,537,802918,GHMC (M Corp. + OG) (Part),001000,1 ASSAMESE,67,33,34,0,0,0,67,33,34
C0116,28,537,802918,GHMC (M Corp. + OG) (Part),001002, Assamese,66,32,34,0,0,0,66,32,34
C0116,28,537,802918,GHMC (M Corp. + OG) (Part),001999,1 Others,1,1,0,0,0,0,1,1,0
C0116,28,537,802918,GHMC (M Corp. + OG) (Part),002000,2 BENGALI ,2090,1031,1059,0,0,0,2090,1031,1059
C0116,28,537,802918,GHMC (M Corp. + OG) (Part),002007, Bengali,2090,1031,1059,0,0,0,2090,1031,1059
C0116,28,537,802918,GHMC (M Corp. + OG) (Part),004000,4 DOGRI ,11,6,5,0,0,0,11,6,5
C0116,28,537,802918,GHMC (M Corp. + OG) (Part),004001, Dogri,11,6,5,0,0,0,11,6,5
C0116,28,537,802918,GHMC (M Corp. + OG) (Part),005000,5 GUJARATI,1827,930,897,0,0,0,1827,930,897
C0116,28,537,802918,GHMC (M Corp. + OG) (Part),005018, Gujarati,1765,899,866,0,0,0,1765,899,866
C0116,28,537,802918,GHMC (M Corp. + OG) (Part),005057, Saurashtra/Saurashtri,9,5,4,0,0,0,9,5,4
C0116,28,537,802918,GHMC (M Corp. + OG) (Part),005999,5 Others,53,26,27,0,0,0,53,26,27
C0116,28,537,802918,GHMC (M Corp. + OG) (Part),006000,6 HINDI ,20384,10685,9699,0,0,0,20384,10685,9699
C0116,28,537,802918,GHMC (M Corp. + OG) (Part),006066, Banjari,73,35,38,0,0,0,73,35,38
C0116,28,537,802918,GHMC (M Corp. + OG) (Part),006102, Bhojpuri,127,78,49,0,0,0,127,78,49
C0116,28,537,802918,GHMC (M Corp. + OG) (Part),006142, Chhattisgarhi,3,1,2,0,0,0,3,1,2
C0116,28,537,802918,GHMC (M Corp. + OG) (Part),006173, Dhundhari,2,0,2,0,0,0,2,0,2
C0116,28,537,802918,GHMC (M Corp. + OG) (Part),006195, Garhwali,61,27,34,0,0,0,61,27,34
C0116,28,537,802918,GHMC (M Corp. + OG) (Part),006235, Haryanvi,6,3,3,0,0,0,6,3,3
C0116,28,537,802918,GHMC (M Corp. + OG) (Part),006240, Hindi,16819,8793,8026,0,0,0,16819,8793,8026
C0116,28,537,802918,GHMC (M Corp. + OG) (Part),006340, Kumauni,4,1,3,0,0,0,4,1,3
C0116,28,537,802918,GHMC (M Corp. + OG) (Part),006353, Lamani/Lambadi,1642,856,786,0,0,0,1642,856,786
C0116,28,537,802918,GHMC (M Corp. + OG) (Part),006358, Lodhi,3,2,1,0,0,0,3,2,1
C0116,28,537,802918,GHMC (M Corp. + OG) (Part),006400, Marwari,1138,613,525,0,0,0,1138,613,525
C0116,28,537,802918,GHMC (M Corp. + OG) (Part),006489, Rajasthani,361,195,166,0,0,0,361,195,166
C0116,28,537,802918,GHMC (M Corp. + OG) (Part),006541, Sugali,33,15,18,0,0,0,33,15,18
C0116,28,537,802918,GHMC (M Corp. + OG) (Part),006999,6 Others,112,66,46,0,0,0,112,66,46
C0116,28,537,802918,GHMC (M Corp. + OG) (Part),007000,7 KANNADA,3238,1597,1641,0,0,0,3238,1597,1641
C0116,28,537,802918,GHMC (M Corp. + OG) (Part),007002, Badaga,1,0,1,0,0,0,1,0,1
C0116,28,537,802918,GHMC (M Corp. + OG) (Part),007016, Kannada,3232,1595,1637,0,0,0,3232,1595,1637
C0116,28,537,802918,GHMC (M Corp. + OG) (Part),007999,7 Others,5,2,3,0,0,0,5,2,3
C0116,28,537,802918,GHMC (M Corp. + OG) (Part),008000,8 KASHMIRI ,8,6,2,0,0,0,8,6,2
C0116,28,537,802918,GHMC (M Corp. + OG) (Part),008005, Kashmiri,8,6,2,0,0,0,8,6,2
C0116,28,537,802918,GHMC (M Corp. + OG) (Part),009000,9 KONKANI,296,134,162,0,0,0,296,134,162
C0116,28,537,802918,GHMC (M Corp. + OG) (Part),009011, Konkani,296,134,162,0,0,0,296,134,162
C0116,28,537,802918,GHMC (M Corp. + OG) (Part),010000,10 MAITHILI ,20,10,10,0,0,0,20,10,10
C0116,28,537,802918,GHMC (M Corp. + OG) (Part),010008, Maithili,20,10,10,0,0,0,20,10,10
C0116,28,537,802918,GHMC (M Corp. + OG) (Part),011000,11 MALAYALAM,6054,3076,2978,0,0,0,6054,3076,2978
C0116,28,537,802918,GHMC (M Corp. + OG) (Part),011016, Malayalam,6054,3076,2978,0,0,0,6054,3076,2978
C0116,28,537,802918,GHMC (M Corp. + OG) (Part),012000,12 MANIPURI ,25,17,8,0,0,0,25,17,8
C0116,28,537,802918,GHMC (M Corp. + OG) (Part),012003, Manipuri,25,17,8,0,0,0,25,17,8
C0116,28,537,802918,GHMC (M Corp. + OG) (Part),013000,13 MARATHI ,5626,2865,2761,0,0,0,5626,2865,2761
C0116,28,537,802918,GHMC (M Corp. + OG) (Part),013071, Marathi,5620,2862,2758,0,0,0,5620,2862,2758
C0116,28,537,802918,GHMC (M Corp. + OG) (Part),013999,13 Others,6,3,3,0,0,0,6,3,3
C0116,28,537,802918,GHMC (M Corp. + OG) (Part),014000,14 NEPALI ,299,155,144,0,0,0,299,155,144
C0116,28,537,802918,GHMC (M Corp. + OG) (Part),014011, Nepali,299,155,144,0,0,0,299,155,144
C0116,28,537,802918,GHMC (M Corp. + OG) (Part),015000,15 ODIA ,1669,883,786,0,0,0,1669,883,786
C0116,28,537,802918,GHMC (M Corp. + OG) (Part),015043, Odia,1660,879,781,0,0,0,1660,879,781
C0116,28,537,802918,GHMC (M Corp. + OG) (Part),015999,15 Others,9,4,5,0,0,0,9,4,5
C0116,28,537,802918,GHMC (M Corp. + OG) (Part),016000,16 PUNJABI ,1278,656,622,0,0,0,1278,656,622
C0116,28,537,802918,GHMC (M Corp. + OG) (Part),016038, Punjabi,1278,656,622,0,0,0,1278,656,622
C0116,28,537,802918,GHMC (M Corp. + OG) (Part),017000,17 SANSKRIT ,2,1,1,0,0,0,2,1,1
C0116,28,537,802918,GHMC (M Corp. + OG) (Part),017002, Sanskrit,2,1,1,0,0,0,2,1,1
C0116,28,537,802918,GHMC (M Corp. + OG) (Part),018000,18 SANTALI ,10,3,7,0,0,0,10,3,7
C0116,28,537,802918,GHMC (M Corp. + OG) (Part),018040, Santali,9,2,7,0,0,0,9,2,7
C0116,28,537,802918,GHMC (M Corp. + OG) (Part),018999,18 Others,1,1,0,0,0,0,1,1,0
C0116,28,537,802918,GHMC (M Corp. + OG) (Part),019000,19 SINDHI,277,135,142,0,0,0,277,135,142
C0116,28,537,802918,GHMC (M Corp. + OG) (Part),019014, Sindhi,277,135,142,0,0,0,277,135,142
C0116,28,537,802918,GHMC (M Corp. + OG) (Part),020000,20 TAMIL ,23970,11856,12114,0,0,0,23970,11856,12114
C0116,28,537,802918,GHMC (M Corp. + OG) (Part),020027, Tamil,23522,11620,11902,0,0,0,23522,11620,11902
C0116,28,537,802918,GHMC (M Corp. + OG) (Part),020029, Yerukala/Yerukula,444,234,210,0,0,0,444,234,210
C0116,28,537,802918,GHMC (M Corp. + OG) (Part),020999,20 Others,4,2,2,0,0,0,4,2,2
C0116,28,537,802918,GHMC (M Corp. + OG) (Part),021000,21 TELUGU ,320783,161223,159560,0,0,0,320783,161223,159560
C0116,28,537,802918,GHMC (M Corp. + OG) (Part),021046, Telugu,320777,161219,159558,0,0,0,320777,161219,159558
C0116,28,537,802918,GHMC (M Corp. + OG) (Part),021048, Vadari,6,4,2,0,0,0,6,4,2
C0116,28,537,802918,GHMC (M Corp. + OG) (Part),022000,22 URDU,25593,12940,12653,0,0,0,25593,12940,12653
C0116,28,537,802918,GHMC (M Corp. + OG) (Part),022015, Urdu,25592,12939,12653,0,0,0,25592,12939,12653
C0116,28,537,802918,GHMC (M Corp. + OG) (Part),022999,22 Others,1,1,0,0,0,0,1,1,0
C0116,28,537,802918,GHMC (M Corp. + OG) (Part),028000,28 ARABIC/ARBI ,5,2,3,0,0,0,5,2,3
C0116,28,537,802918,GHMC (M Corp. + OG) (Part),028001, Arabic/Arbi,5,2,3,0,0,0,5,2,3
C0116,28,537,802918,GHMC (M Corp. + OG) (Part),030000,30 BHILI/BHILODI ,462,226,236,0,0,0,462,226,236
C0116,28,537,802918,GHMC (M Corp. + OG) (Part),030035, Kokna/Kokni/Kukna,5,2,3,0,0,0,5,2,3
C0116,28,537,802918,GHMC (M Corp. + OG) (Part),030066, Paradhi,445,217,228,0,0,0,445,217,228
C0116,28,537,802918,GHMC (M Corp. + OG) (Part),030078, Wagdi,5,3,2,0,0,0,5,3,2
C0116,28,537,802918,GHMC (M Corp. + OG) (Part),030999,30 Others,7,4,3,0,0,0,7,4,3
C0116,28,537,802918,GHMC (M Corp. + OG) (Part),037000,37 COORGI/KODAGU ,2,1,1,0,0,0,2,1,1
C0116,28,537,802918,GHMC (M Corp. + OG) (Part),037001, Coorgi/Kodagu,2,1,1,0,0,0,2,1,1
C0116,28,537,802918,GHMC (M Corp. + OG) (Part),040000,40 ENGLISH ,1086,518,568,0,0,0,1086,518,568
C0116,28,537,802918,GHMC (M Corp. + OG) (Part),040001, English,1086,518,568,0,0,0,1086,518,568
C0116,28,537,802918,GHMC (M Corp. + OG) (Part),044000,44 GONDI,7,4,3,0,0,0,7,4,3
C0116,28,537,802918,GHMC (M Corp. + OG) (Part),044999,44 Others,7,4,3,0,0,0,7,4,3
C0116,28,537,802918,GHMC (M Corp. + OG) (Part),051000,51 KABUI ,6,5,1,0,0,0,6,5,1
C0116,28,537,802918,GHMC (M Corp. + OG) (Part),051005, Rongmei,6,5,1,0,0,0,6,5,1
C0116,28,537,802918,GHMC (M Corp. + OG) (Part),054000,54 KHARIA ,38,15,23,0,0,0,38,15,23
C0116,28,537,802918,GHMC (M Corp. + OG) (Part),054005, Kharia,38,15,23,0,0,0,38,15,23
C0116,28,537,802918,GHMC (M Corp. + OG) (Part),058000,58 KHOND/KONDH ,3,2,1,0,0,0,3,2,1
C0116,28,537,802918,GHMC (M Corp. + OG) (Part),058006, Kuvi,3,2,1,0,0,0,3,2,1
C0116,28,537,802918,GHMC (M Corp. + OG) (Part),065000,65 KONDA,5,4,1,0,0,0,5,4,1
C0116,28,537,802918,GHMC (M Corp. + OG) (Part),065003, Konda,5,4,1,0,0,0,5,4,1
C0116,28,537,802918,GHMC (M Corp. + OG) (Part),071000,71 KUKI,4,3,1,0,0,0,4,3,1
C0116,28,537,802918,GHMC (M Corp. + OG) (Part),071008, Kuki,4,3,1,0,0,0,4,3,1
C0116,28,537,802918,GHMC (M Corp. + OG) (Part),082000,82 LUSHAI/MIZO ,18,10,8,0,0,0,18,10,8
C0116,28,537,802918,GHMC (M Corp. + OG) (Part),082005, Lushai/Mizo,18,10,8,0,0,0,18,10,8
C0116,28,537,802918,GHMC (M Corp. + OG) (Part),090000,90 MONPA ,2,0,2,0,0,0,2,0,2
C0116,28,537,802918,GHMC (M Corp. + OG) (Part),090003, Monpa,2,0,2,0,0,0,2,0,2
C0116,28,537,802918,GHMC (M Corp. + OG) (Part),096000,96 PAITE,5,2,3,0,0,0,5,2,3
C0116,28,537,802918,GHMC (M Corp. + OG) (Part),096002, Paite,5,2,3,0,0,0,5,2,3
C0116,28,537,802918,GHMC (M Corp. + OG) (Part),107000,107 SEMA,1,1,0,0,0,0,1,1,0
C0116,28,537,802918,GHMC (M Corp. + OG) (Part),107002, Sema,1,1,0,0,0,0,1,1,0
C0116,28,537,802918,GHMC (M Corp. + OG) (Part),112000,112 TANGKHUL ,5,3,2,0,0,0,5,3,2
C0116,28,537,802918,GHMC (M Corp. + OG) (Part),112008, Tangkhul,5,3,2,0,0,0,5,3,2
C0116,28,537,802918,GHMC (M Corp. + OG) (Part),114000,114 THADO ,6,3,3,0,0,0,6,3,3
C0116,28,537,802918,GHMC (M Corp. + OG) (Part),114015, Thado,6,3,3,0,0,0,6,3,3
C0116,28,537,802918,GHMC (M Corp. + OG) (Part),117000,117 TULU ,30,14,16,0,0,0,30,14,16
C0116,28,537,802918,GHMC (M Corp. + OG) (Part),117009, Tulu,30,14,16,0,0,0,30,14,16
C0116,28,537,802918,GHMC (M Corp. + OG) (Part),118000,118 VAIPHEI ,3,3,0,0,0,0,3,3,0
C0116,28,537,802918,GHMC (M Corp. + OG) (Part),118002, Vaiphei,3,3,0,0,0,0,3,3,0
C0116,28,537,802918,GHMC (M Corp. + OG) (Part),124000,124 OTHERS,79,41,38,0,0,0,79,41,38
C0116,28,537,802918,GHMC (M Corp. + OG) (Part),002000,2 BENGALI ,318,156,162,0,0,0,318,156,162
C0116,28,537,802918,GHMC (M Corp. + OG) (Part),002007, Bengali,318,156,162,0,0,0,318,156,162
C0116,28,537,802918,GHMC (M Corp. + OG) (Part),004000,4 DOGRI ,4,1,3,0,0,0,4,1,3
C0116,28,537,802918,GHMC (M Corp. + OG) (Part),004001, Dogri,4,1,3,0,0,0,4,1,3
C0116,28,537,802918,GHMC (M Corp. + OG) (Part),005000,5 GUJARATI,196,100,96,0,0,0,196,100,96
C0116,28,537,802918,GHMC (M Corp. + OG) (Part),005018, Gujarati,189,97,92,0,0,0,189,97,92
C0116,28,537,802918,GHMC (M Corp. + OG) (Part),005057, Saurashtra/Saurashtri,4,2,2,0,0,0,4,2,2
C0116,28,537,802918,GHMC (M Corp. + OG) (Part),005999,5 Others,3,1,2,0,0,0,3,1,2
C0116,28,537,802918,GHMC (M Corp. + OG) (Part),006000,6 HINDI ,6110,3180,2930,0,0,0,6110,3180,2930
C0116,28,537,802918,GHMC (M Corp. + OG) (Part),006066, Banjari,56,28,28,0,0,0,56,28,28
C0116,28,537,802918,GHMC (M Corp. + OG) (Part),006102, Bhojpuri,23,14,9,0,0,0,23,14,9
C0116,28,537,802918,GHMC (M Corp. + OG) (Part),006142, Chhattisgarhi,1,0,1,0,0,0,1,0,1
C0116,28,537,802918,GHMC (M Corp. + OG) (Part),006195, Garhwali,5,4,1,0,0,0,5,4,1
C0116,28,537,802918,GHMC (M Corp. + OG) (Part),006235, Haryanvi,5,3,2,0,0,0,5,3,2
C0116,28,537,802918,GHMC (M Corp. + OG) (Part),006240, Hindi,3670,1914,1756,0,0,0,3670,1914,1756
C0116,28,537,802918,GHMC (M Corp. + OG) (Part),006353, Lamani/Lambadi,1941,983,958,0,0,0,1941,983,958
C0116,28,537,802918,GHMC (M Corp. + OG) (Part),006400, Marwari,253,145,108,0,0,0,253,145,108
C0116,28,537,802918,GHMC (M Corp. + OG) (Part),006489, Rajasthani,122,71,51,0,0,0,122,71,51
C0116,28,537,802918,GHMC (M Corp. + OG) (Part),006541, Sugali,7,3,4,0,0,0,7,3,4
C0116,28,537,802918,GHMC (M Corp. + OG) (Part),006999,6 Others,27,15,12,0,0,0,27,15,12
C0116,28,537,802918,GHMC (M Corp. + OG) (Part),007000,7 KANNADA,669,327,342,0,0,0,669,327,342
C0116,28,537,802918,GHMC (M Corp. + OG) (Part),007016, Kannada,662,324,338,0,0,0,662,324,338
C0116,28,537,802918,GHMC (M Corp. + OG) (Part),007999,7 Others,7,3,4,0,0,0,7,3,4
C0116,28,537,802918,GHMC (M Corp. + OG) (Part),008000,8 KASHMIRI ,2,1,1,0,0,0,2,1,1
C0116,28,537,802918,GHMC (M Corp. + OG) (Part),008010, Kishtwari,2,1,1,0,0,0,2,1,1
C0116,28,537,802918,GHMC (M Corp. + OG) (Part),009000,9 KONKANI,36,14,22,0,0,0,36,14,22
C0116,28,537,802918,GHMC (M Corp. + OG) (Part),009011, Konkani,36,14,22,0,0,0,36,14,22
C0116,28,537,802918,GHMC (M Corp. + OG) (Part),010000,10 MAITHILI ,4,2,2,0,0,0,4,2,2
C0116,28,537,802918,GHMC (M Corp. + OG) (Part),010008, Maithili,4,2,2,0,0,0,4,2,2
C0116,28,537,802918,GHMC (M Corp. + OG) (Part),011000,11 MALAYALAM,1346,673,673,0,0,0,1346,673,673
C0116,28,537,802918,GHMC (M Corp. + OG) (Part),011016, Malayalam,1346,673,673,0,0,0,1346,673,673
C0116,28,537,802918,GHMC (M Corp. + OG) (Part),013000,13 MARATHI ,1375,710,665,0,0,0,1375,710,665
C0116,28,537,802918,GHMC (M Corp. + OG) (Part),013071, Marathi,1375,710,665,0,0,0,1375,710,665
C0116,28,537,802918,GHMC (M Corp. + OG) (Part),014000,14 NEPALI ,179,94,85,0,0,0,179,94,85
C0116,28,537,802918,GHMC (M Corp. + OG) (Part),014011, Nepali,179,94,85,0,0,0,179,94,85
C0116,28,537,802918,GHMC (M Corp. + OG) (Part),015000,15 ODIA ,408,229,179,0,0,0,408,229,179
C0116,28,537,802918,GHMC (M Corp. + OG) (Part),015043, Odia,408,229,179,0,0,0,408,229,179
C0116,28,537,802918,GHMC (M Corp. + OG) (Part),016000,16 PUNJABI ,317,163,154,0,0,0,317,163,154
C0116,28,537,802918,GHMC (M Corp. + OG) (Part),016038, Punjabi,317,163,154,0,0,0,317,163,154
C0116,28,537,802918,GHMC (M Corp. + OG) (Part),017000,17 SANSKRIT ,5,2,3,0,0,0,5,2,3
C0116,28,537,802918,GHMC (M Corp. + OG) (Part),017002, Sanskrit,5,2,3,0,0,0,5,2,3
C0116,28,537,802918,GHMC (M Corp. + OG) (Part),019000,19 SINDHI,48,25,23,0,0,0,48,25,23
C0116,28,537,802918,GHMC (M Corp. + OG) (Part),019008, Kachchhi,5,2,3,0,0,0,5,2,3
C0116,28,537,802918,GHMC (M Corp. + OG) (Part),019014, Sindhi,43,23,20,0,0,0,43,23,20
C0116,28,537,802918,GHMC (M Corp. + OG) (Part),020000,20 TAMIL ,2683,1310,1373,0,0,0,2683,1310,1373
C0116,28,537,802918,GHMC (M Corp. + OG) (Part),020027, Tamil,2658,1296,1362,0,0,0,2658,1296,1362
C0116,28,537,802918,GHMC (M Corp. + OG) (Part),020029, Yerukala/Yerukula,19,11,8,0,0,0,19,11,8
C0116,28,537,802918,GHMC (M Corp. + OG) (Part),020999,20 Others,6,3,3,0,0,0,6,3,3
C0116,28,537,802918,GHMC (M Corp. + OG) (Part),021000,21 TELUGU ,100213,50771,49442,0,0,0,100213,50771,49442
C0116,28,537,802918,GHMC (M Corp. + OG) (Part),021046, Telugu,100213,50771,49442,0,0,0,100213,50771,49442
C0116,28,537,802918,GHMC (M Corp. + OG) (Part),022000,22 URDU,5076,2553,2523,0,0,0,5076,2553,2523
C0116,28,537,802918,GHMC (M Corp. + OG) (Part),022015, Urdu,5076,2553,2523,0,0,0,5076,2553,2523
C0116,28,537,802918,GHMC (M Corp. + OG) (Part),026000,26 ANGAMI ,1,1,0,0,0,0,1,1,0
C0116,28,537,802918,GHMC (M Corp. + OG) (Part),026002, Angami,1,1,0,0,0,0,1,1,0
C0116,28,537,802918,GHMC (M Corp. + OG) (Part),030000,30 BHILI/BHILODI ,26,9,17,0,0,0,26,9,17
C0116,28,537,802918,GHMC (M Corp. + OG) (Part),030035, Kokna/Kokni/Kukna,2,2,0,0,0,0,2,2,0
C0116,28,537,802918,GHMC (M Corp. + OG) (Part),030066, Paradhi,20,5,15,0,0,0,20,5,15
C0116,28,537,802918,GHMC (M Corp. + OG) (Part),030999,30 Others,4,2,2,0,0,0,4,2,2
C0116,28,537,802918,GHMC (M Corp. + OG) (Part),040000,40 ENGLISH ,296,149,147,0,0,0,296,149,147
C0116,28,537,802918,GHMC (M Corp. + OG) (Part),040001, English,296,149,147,0,0,0,296,149,147
C0116,28,537,802918,GHMC (M Corp. + OG) (Part),044000,44 GONDI,5,2,3,0,0,0,5,2,3
C0116,28,537,802918,GHMC (M Corp. + OG) (Part),044007, Gondi,5,2,3,0,0,0,5,2,3
C0116,28,537,802918,GHMC (M Corp. + OG) (Part),106000,106 SAVARA,3,1,2,0,0,0,3,1,2
C0116,28,537,802918,GHMC (M Corp. + OG) (Part),106004, Savara,3,1,2,0,0,0,3,1,2
C0116,28,537,802918,GHMC (M Corp. + OG) (Part),124000,124 OTHERS,10,5,5,0,0,0,10,5,5
C0116,28,537,802918,GHMC (M Corp. + OG) (Part),001000,1 ASSAMESE,8,8,0,0,0,0,8,8,0
C0116,28,537,802918,GHMC (M Corp. + OG) (Part),001002, Assamese,8,8,0,0,0,0,8,8,0
C0116,28,537,802918,GHMC (M Corp. + OG) (Part),002000,2 BENGALI ,37,18,19,0,0,0,37,18,19
C0116,28,537,802918,GHMC (M Corp. + OG) (Part),002007, Bengali,37,18,19,0,0,0,37,18,19
C0116,28,537,802918,GHMC (M Corp. + OG) (Part),005000,5 GUJARATI,11,6,5,0,0,0,11,6,5
C0116,28,537,802918,GHMC (M Corp. + OG) (Part),005018, Gujarati,6,3,3,0,0,0,6,3,3
C0116,28,537,802918,GHMC (M Corp. + OG) (Part),005999,5 Others,5,3,2,0,0,0,5,3,2
C0116,28,537,802918,GHMC (M Corp. + OG) (Part),006000,6 HINDI ,1450,811,639,0,0,0,1450,811,639
C0116,28,537,802918,GHMC (M Corp. + OG) (Part),006066, Banjari,5,2,3,0,0,0,5,2,3
C0116,28,537,802918,GHMC (M Corp. + OG) (Part),006102, Bhojpuri,20,10,10,0,0,0,20,10,10
C0116,28,537,802918,GHMC (M Corp. + OG) (Part),006240, Hindi,870,489,381,0,0,0,870,489,381
C0116,28,537,802918,GHMC (M Corp. + OG) (Part),006353, Lamani/Lambadi,446,244,202,0,0,0,446,244,202
C0116,28,537,802918,GHMC (M Corp. + OG) (Part),006400, Marwari,96,59,37,0,0,0,96,59,37
C0116,28,537,802918,GHMC (M Corp. + OG) (Part),006489, Rajasthani,4,2,2,0,0,0,4,2,2
C0116,28,537,802918,GHMC (M Corp. + OG) (Part),006999,6 Others,9,5,4,0,0,0,9,5,4
C0116,28,537,802918,GHMC (M Corp. + OG) (Part),007000,7 KANNADA,141,67,74,0,0,0,141,67,74
C0116,28,537,802918,GHMC (M Corp. + OG) (Part),007016, Kannada,137,64,73,0,0,0,137,64,73
C0116,28,537,802918,GHMC (M Corp. + OG) (Part),007999,7 Others,4,3,1,0,0,0,4,3,1
C0116,28,537,802918,GHMC (M Corp. + OG) (Part),009000,9 KONKANI,2,1,1,0,0,0,2,1,1
C0116,28,537,802918,GHMC (M Corp. + OG) (Part),009011, Konkani,2,1,1,0,0,0,2,1,1
C0116,28,537,802918,GHMC (M Corp. + OG) (Part),010000,10 MAITHILI ,8,3,5,0,0,0,8,3,5
C0116,28,537,802918,GHMC (M Corp. + OG) (Part),010008, Maithili,8,3,5,0,0,0,8,3,5
C0116,28,537,802918,GHMC (M Corp. + OG) (Part),011000,11 MALAYALAM,109,59,50,0,0,0,109,59,50
C0116,28,537,802918,GHMC (M Corp. + OG) (Part),011016, Malayalam,109,59,50,0,0,0,109,59,50
C0116,28,537,802918,GHMC (M Corp. + OG) (Part),012000,12 MANIPURI ,5,2,3,0,0,0,5,2,3
C0116,28,537,802918,GHMC (M Corp. + OG) (Part),012003, Manipuri,5,2,3,0,0,0,5,2,3
C0116,28,537,802918,GHMC (M Corp. + OG) (Part),013000,13 MARATHI ,362,198,164,0,0,0,362,198,164
C0116,28,537,802918,GHMC (M Corp. + OG) (Part),013071, Marathi,362,198,164,0,0,0,362,198,164
C0116,28,537,802918,GHMC (M Corp. + OG) (Part),014000,14 NEPALI ,20,12,8,0,0,0,20,12,8
C0116,28,537,802918,GHMC (M Corp. + OG) (Part),014011, Nepali,20,12,8,0,0,0,20,12,8
C0116,28,537,802918,GHMC (M Corp. + OG) (Part),015000,15 ODIA ,176,89,87,0,0,0,176,89,87
C0116,28,537,802918,GHMC (M Corp. + OG) (Part),015043, Odia,176,89,87,0,0,0,176,89,87
C0116,28,537,802918,GHMC (M Corp. + OG) (Part),016000,16 PUNJABI ,2,2,0,0,0,0,2,2,0
C0116,28,537,802918,GHMC (M Corp. + OG) (Part),016038, Punjabi,2,2,0,0,0,0,2,2,0
C0116,28,537,802918,GHMC (M Corp. + OG) (Part),019000,19 SINDHI,1,0,1,0,0,0,1,0,1
C0116,28,537,802918,GHMC (M Corp. + OG) (Part),019014, Sindhi,1,0,1,0,0,0,1,0,1
C0116,28,537,802918,GHMC (M Corp. + OG) (Part),020000,20 TAMIL ,211,108,103,0,0,0,211,108,103
C0116,28,537,802918,GHMC (M Corp. + OG) (Part),020027, Tamil,158,77,81,0,0,0,158,77,81
C0116,28,537,802918,GHMC (M Corp. + OG) (Part),020029, Yerukala/Yerukula,53,31,22,0,0,0,53,31,22
C0116,28,537,802918,GHMC (M Corp. + OG) (Part),021000,21 TELUGU ,26016,13696,12320,0,0,0,26016,13696,12320
C0116,28,537,802918,GHMC (M Corp. + OG) (Part),021046, Telugu,25996,13684,12312,0,0,0,25996,13684,12312
C0116,28,537,802918,GHMC (M Corp. + OG) (Part),021999,21 Others,20,12,8,0,0,0,20,12,8
C0116,28,537,802918,GHMC (M Corp. + OG) (Part),022000,22 URDU,2381,1283,1098,0,0,0,2381,1283,1098
C0116,28,537,802918,GHMC (M Corp. + OG) (Part),022015, Urdu,2381,1283,1098,0,0,0,2381,1283,1098
C0116,28,537,802918,GHMC (M Corp. + OG) (Part),040000,40 ENGLISH ,10,6,4,0,0,0,10,6,4
C0116,28,537,802918,GHMC (M Corp. + OG) (Part),040001, English,10,6,4,0,0,0,10,6,4
C0116,28,537,802918,GHMC (M Corp. + OG) (Part),044000,44 GONDI,5,3,2,0,0,0,5,3,2
C0116,28,537,802918,GHMC (M Corp. + OG) (Part),044007, Gondi,4,3,1,0,0,0,4,3,1
C0116,28,537,802918,GHMC (M Corp. + OG) (Part),044999,44 Others,1,0,1,0,0,0,1,0,1
C0116,28,537,802918,GHMC (M Corp. + OG) (Part),065000,65 KONDA,1,1,0,0,0,0,1,1,0
C0116,28,537,802918,GHMC (M Corp. + OG) (Part),065003, Konda,1,1,0,0,0,0,1,1,0
C0116,28,537,802918,GHMC (M Corp. + OG) (Part),069000,69 KOYA ,37,15,22,0,0,0,37,15,22
C0116,28,537,802918,GHMC (M Corp. + OG) (Part),069002, Koya,37,15,22,0,0,0,37,15,22
C0116,28,537,802918,GHMC (M Corp. + OG) (Part),106000,106 SAVARA,14,8,6,0,0,0,14,8,6
C0116,28,537,802918,GHMC (M Corp. + OG) (Part),106004, Savara,14,8,6,0,0,0,14,8,6
C0116,28,537,802918,GHMC (M Corp. + OG) (Part),116000,116 TRIPURI ,1,1,0,0,0,0,1,1,0
C0116,28,537,802918,GHMC (M Corp. + OG) (Part),116007, Kokbarak,1,1,0,0,0,0,1,1,0
C0116,28,537,802918,GHMC (M Corp. + OG) (Part),124000,124 OTHERS,27,17,10,0,0,0,27,17,10
C0116,28,537,802918,GHMC (M Corp. + OG) (Part),001000,1 ASSAMESE,67,49,18,0,0,0,67,49,18
C0116,28,537,802918,GHMC (M Corp. + OG) (Part),001002, Assamese,67,49,18,0,0,0,67,49,18
C0116,28,537,802918,GHMC (M Corp. + OG) (Part),002000,2 BENGALI ,969,497,472,0,0,0,969,497,472
C0116,28,537,802918,GHMC (M Corp. + OG) (Part),002007, Bengali,968,497,471,0,0,0,968,497,471
C0116,28,537,802918,GHMC (M Corp. + OG) (Part),002015, Haijong/Hajong,1,0,1,0,0,0,1,0,1
C0116,28,537,802918,GHMC (M Corp. + OG) (Part),003000,3 BODO ,1,1,0,0,0,0,1,1,0
C0116,28,537,802918,GHMC (M Corp. + OG) (Part),003001, Bodo/Boro,1,1,0,0,0,0,1,1,0
C0116,28,537,802918,GHMC (M Corp. + OG) (Part),004000,4 DOGRI ,1,1,0,0,0,0,1,1,0
C0116,28,537,802918,GHMC (M Corp. + OG) (Part),004001, Dogri,1,1,0,0,0,0,1,1,0
C0116,28,537,802918,GHMC (M Corp. + OG) (Part),005000,5 GUJARATI,1028,521,507,0,0,0,1028,521,507
C0116,28,537,802918,GHMC (M Corp. + OG) (Part),005018, Gujarati,971,491,480,0,0,0,971,491,480
C0116,28,537,802918,GHMC (M Corp. + OG) (Part),005057, Saurashtra/Saurashtri,8,5,3,0,0,0,8,5,3
C0116,28,537,802918,GHMC (M Corp. + OG) (Part),005999,5 Others,49,25,24,0,0,0,49,25,24
C0116,28,537,802918,GHMC (M Corp. + OG) (Part),006000,6 HINDI ,18663,9921,8742,0,0,0,18663,9921,8742
C0116,28,537,802918,GHMC (M Corp. + OG) (Part),006066, Banjari,259,132,127,0,0,0,259,132,127
C0116,28,537,802918,GHMC (M Corp. + OG) (Part),006096, Bharmauri/Gaddi,3,2,1,0,0,0,3,2,1
C0116,28,537,802918,GHMC (M Corp. + OG) (Part),006102, Bhojpuri,390,205,185,0,0,0,390,205,185
C0116,28,537,802918,GHMC (M Corp. + OG) (Part),006195, Garhwali,15,5,10,0,0,0,15,5,10
C0116,28,537,802918,GHMC (M Corp. + OG) (Part),006235, Haryanvi,5,3,2,0,0,0,5,3,2
C0116,28,537,802918,GHMC (M Corp. + OG) (Part),006240, Hindi,13057,6985,6072,0,0,0,13057,6985,6072
C0116,28,537,802918,GHMC (M Corp. + OG) (Part),006345, Kurmali Thar,3,2,1,0,0,0,3,2,1
C0116,28,537,802918,GHMC (M Corp. + OG) (Part),006353, Lamani/Lambadi,3411,1783,1628,0,0,0,3411,1783,1628
C0116,28,537,802918,GHMC (M Corp. + OG) (Part),006400, Marwari,949,512,437,0,0,0,949,512,437
C0116,28,537,802918,GHMC (M Corp. + OG) (Part),006489, Rajasthani,265,133,132,0,0,0,265,133,132
C0116,28,537,802918,GHMC (M Corp. + OG) (Part),006541, Sugali,13,5,8,0,0,0,13,5,8
C0116,28,537,802918,GHMC (M Corp. + OG) (Part),006999,6 Others,293,154,139,0,0,0,293,154,139
C0116,28,537,802918,GHMC (M Corp. + OG) (Part),007000,7 KANNADA,3693,1891,1802,0,0,0,3693,1891,1802
C0116,28,537,802918,GHMC (M Corp. + OG) (Part),007016, Kannada,3687,1888,1799,0,0,0,3687,1888,1799
C0116,28,537,802918,GHMC (M Corp. + OG) (Part),007999,7 Others,6,3,3,0,0,0,6,3,3
C0116,28,537,802918,GHMC (M Corp. + OG) (Part),008000,8 KASHMIRI ,39,23,16,0,0,0,39,23,16
C0116,28,537,802918,GHMC (M Corp. + OG) (Part),008005, Kashmiri,39,23,16,0,0,0,39,23,16
C0116,28,537,802918,GHMC (M Corp. + OG) (Part),009000,9 KONKANI,81,37,44,0,0,0,81,37,44
C0116,28,537,802918,GHMC (M Corp. + OG) (Part),009011, Konkani,81,37,44,0,0,0,81,37,44
C0116,28,537,802918,GHMC (M Corp. + OG) (Part),010000,10 MAITHILI ,65,37,28,0,0,0,65,37,28
C0116,28,537,802918,GHMC (M Corp. + OG) (Part),010008, Maithili,65,37,28,0,0,0,65,37,28
C0116,28,537,802918,GHMC (M Corp. + OG) (Part),011000,11 MALAYALAM,1494,778,716,0,0,0,1494,778,716
C0116,28,537,802918,GHMC (M Corp. + OG) (Part),011016, Malayalam,1494,778,716,0,0,0,1494,778,716
C0116,28,537,802918,GHMC (M Corp. + OG) (Part),012000,12 MANIPURI ,5,3,2,0,0,0,5,3,2
C0116,28,537,802918,GHMC (M Corp. + OG) (Part),012003, Manipuri,5,3,2,0,0,0,5,3,2
C0116,28,537,802918,GHMC (M Corp. + OG) (Part),013000,13 MARATHI ,4777,2394,2383,0,0,0,4777,2394,2383
C0116,28,537,802918,GHMC (M Corp. + OG) (Part),013071, Marathi,4777,2394,2383,0,0,0,4777,2394,2383
C0116,28,537,802918,GHMC (M Corp. + OG) (Part),014000,14 NEPALI ,183,101,82,0,0,0,183,101,82
C0116,28,537,802918,GHMC (M Corp. + OG) (Part),014011, Nepali,183,101,82,0,0,0,183,101,82
C0116,28,537,802918,GHMC (M Corp. + OG) (Part),015000,15 ODIA ,1905,1076,829,0,0,0,1905,1076,829
C0116,28,537,802918,GHMC (M Corp. + OG) (Part),015043, Odia,1905,1076,829,0,0,0,1905,1076,829
C0116,28,537,802918,GHMC (M Corp. + OG) (Part),016000,16 PUNJABI ,327,162,165,0,0,0,327,162,165
C0116,28,537,802918,GHMC (M Corp. + OG) (Part),016038, Punjabi,327,162,165,0,0,0,327,162,165
C0116,28,537,802918,GHMC (M Corp. + OG) (Part),017000,17 SANSKRIT ,13,7,6,0,0,0,13,7,6
C0116,28,537,802918,GHMC (M Corp. + OG) (Part),017002, Sanskrit,13,7,6,0,0,0,13,7,6
C0116,28,537,802918,GHMC (M Corp. + OG) (Part),018000,18 SANTALI ,2,2,0,0,0,0,2,2,0
C0116,28,537,802918,GHMC (M Corp. + OG) (Part),018040, Santali,2,2,0,0,0,0,2,2,0
C0116,28,537,802918,GHMC (M Corp. + OG) (Part),019000,19 SINDHI,138,66,72,0,0,0,138,66,72
C0116,28,537,802918,GHMC (M Corp. + OG) (Part),019008, Kachchhi,30,13,17,0,0,0,30,13,17
C0116,28,537,802918,GHMC (M Corp. + OG) (Part),019014, Sindhi,108,53,55,0,0,0,108,53,55
C0116,28,537,802918,GHMC (M Corp. + OG) (Part),020000,20 TAMIL ,3094,1555,1539,0,0,0,3094,1555,1539
C0116,28,537,802918,GHMC (M Corp. + OG) (Part),020027, Tamil,3033,1526,1507,0,0,0,3033,1526,1507
C0116,28,537,802918,GHMC (M Corp. + OG) (Part),020029, Yerukala/Yerukula,59,28,31,0,0,0,59,28,31
C0116,28,537,802918,GHMC (M Corp. + OG) (Part),020999,20 Others,2,1,1,0,0,0,2,1,1
C0116,28,537,802918,GHMC (M Corp. + OG) (Part),021000,21 TELUGU ,326135,165299,160836,0,0,0,326135,165299,160836
C0116,28,537,802918,GHMC (M Corp. + OG) (Part),021046, Telugu,326135,165299,160836,0,0,0,326135,165299,160836
C0116,28,537,802918,GHMC (M Corp. + OG) (Part),022000,22 URDU,21609,10960,10649,0,0,0,21609,10960,10649
C0116,28,537,802918,GHMC (M Corp. + OG) (Part),022015, Urdu,21609,10960,10649,0,0,0,21609,10960,10649
C0116,28,537,802918,GHMC (M Corp. + OG) (Part),023000,23 ADI ,2,0,2,0,0,0,2,0,2
C0116,28,537,802918,GHMC (M Corp. + OG) (Part),023999,23 Others,2,0,2,0,0,0,2,0,2
C0116,28,537,802918,GHMC (M Corp. + OG) (Part),026000,26 ANGAMI ,1,1,0,0,0,0,1,1,0
C0116,28,537,802918,GHMC (M Corp. + OG) (Part),026002, Angami,1,1,0,0,0,0,1,1,0
C0116,28,537,802918,GHMC (M Corp. + OG) (Part),028000,28 ARABIC/ARBI ,10,4,6,0,0,0,10,4,6
C0116,28,537,802918,GHMC (M Corp. + OG) (Part),028001, Arabic/Arbi,10,4,6,0,0,0,10,4,6
C0116,28,537,802918,GHMC (M Corp. + OG) (Part),030000,30 BHILI/BHILODI ,10,4,6,0,0,0,10,4,6
C0116,28,537,802918,GHMC (M Corp. + OG) (Part),030035, Kokna/Kokni/Kukna,5,2,3,0,0,0,5,2,3
C0116,28,537,802918,GHMC (M Corp. + OG) (Part),030066, Paradhi,5,2,3,0,0,0,5,2,3
C0116,28,537,802918,GHMC (M Corp. + OG) (Part),038000,38 DEORI ,2,1,1,0,0,0,2,1,1
C0116,28,537,802918,GHMC (M Corp. + OG) (Part),038001, Deori,2,1,1,0,0,0,2,1,1
C0116,28,537,802918,GHMC (M Corp. + OG) (Part),040000,40 ENGLISH ,390,185,205,0,0,0,390,185,205
C0116,28,537,802918,GHMC (M Corp. + OG) (Part),040001, English,390,185,205,0,0,0,390,185,205
C0116,28,537,802918,GHMC (M Corp. + OG) (Part),041000,41 GADABA ,4,1,3,0,0,0,4,1,3
C0116,28,537,802918,GHMC (M Corp. + OG) (Part),041001, Gadaba,4,1,3,0,0,0,4,1,3
C0116,28,537,802918,GHMC (M Corp. + OG) (Part),044000,44 GONDI,4,2,2,0,0,0,4,2,2
C0116,28,537,802918,GHMC (M Corp. + OG) (Part),044007, Gondi,4,2,2,0,0,0,4,2,2
C0116,28,537,802918,GHMC (M Corp. + OG) (Part),058000,58 KHOND/KONDH ,1,1,0,0,0,0,1,1,0
C0116,28,537,802918,GHMC (M Corp. + OG) (Part),058006, Kuvi,1,1,0,0,0,0,1,1,0
C0116,28,537,802918,GHMC (M Corp. + OG) (Part),072000,72 KURUKH/ORAON ,1,0,1,0,0,0,1,0,1
C0116,28,537,802918,GHMC (M Corp. + OG) (Part),072024, Kurukh/Oraon,1,0,1,0,0,0,1,0,1
C0116,28,537,802918,GHMC (M Corp. + OG) (Part),082000,82 LUSHAI/MIZO ,6,2,4,0,0,0,6,2,4
C0116,28,537,802918,GHMC (M Corp. + OG) (Part),082005, Lushai/Mizo,6,2,4,0,0,0,6,2,4
C0116,28,537,802918,GHMC (M Corp. + OG) (Part),091000,91 MUNDA,6,3,3,0,0,0,6,3,3
C0116,28,537,802918,GHMC (M Corp. + OG) (Part),091009, Munda,6,3,3,0,0,0,6,3,3
C0116,28,537,802918,GHMC (M Corp. + OG) (Part),117000,117 TULU ,5,4,1,0,0,0,5,4,1
C0116,28,537,802918,GHMC (M Corp. + OG) (Part),117009, Tulu,4,3,1,0,0,0,4,3,1
C0116,28,537,802918,GHMC (M Corp. + OG) (Part),117999,117 Others ,1,1,0,0,0,0,1,1,0
C0116,28,537,802918,GHMC (M Corp. + OG) (Part),124000,124 OTHERS,104,60,44,0,0,0,104,60,44
C0116,28,537,802918,GHMC (M Corp. + OG) (Part),002000,2 BENGALI ,50,24,26,0,0,0,50,24,26
C0116,28,537,802918,GHMC (M Corp. + OG) (Part),002007, Bengali,50,24,26,0,0,0,50,24,26
C0116,28,537,802918,GHMC (M Corp. + OG) (Part),004000,4 DOGRI ,4,2,2,0,0,0,4,2,2
C0116,28,537,802918,GHMC (M Corp. + OG) (Part),004001, Dogri,4,2,2,0,0,0,4,2,2
C0116,28,537,802918,GHMC (M Corp. + OG) (Part),005000,5 GUJARATI,74,38,36,0,0,0,74,38,36
C0116,28,537,802918,GHMC (M Corp. + OG) (Part),005018, Gujarati,60,31,29,0,0,0,60,31,29
C0116,28,537,802918,GHMC (M Corp. + OG) (Part),005057, Saurashtra/Saurashtri,1,1,0,0,0,0,1,1,0
C0116,28,537,802918,GHMC (M Corp. + OG) (Part),005999,5 Others,13,6,7,0,0,0,13,6,7
C0116,28,537,802918,GHMC (M Corp. + OG) (Part),006000,6 HINDI ,5668,3029,2639,0,0,0,5668,3029,2639
C0116,28,537,802918,GHMC (M Corp. + OG) (Part),006066, Banjari,18,9,9,0,0,0,18,9,9
C0116,28,537,802918,GHMC (M Corp. + OG) (Part),006102, Bhojpuri,18,10,8,0,0,0,18,10,8
C0116,28,537,802918,GHMC (M Corp. + OG) (Part),006235, Haryanvi,6,3,3,0,0,0,6,3,3
C0116,28,537,802918,GHMC (M Corp. + OG) (Part),006240, Hindi,2357,1267,1090,0,0,0,2357,1267,1090
C0116,28,537,802918,GHMC (M Corp. + OG) (Part),006353, Lamani/Lambadi,3040,1616,1424,0,0,0,3040,1616,1424
C0116,28,537,802918,GHMC (M Corp. + OG) (Part),006400, Marwari,116,66,50,0,0,0,116,66,50
C0116,28,537,802918,GHMC (M Corp. + OG) (Part),006489, Rajasthani,95,48,47,0,0,0,95,48,47
C0116,28,537,802918,GHMC (M Corp. + OG) (Part),006541, Sugali,3,2,1,0,0,0,3,2,1
C0116,28,537,802918,GHMC (M Corp. + OG) (Part),006999,6 Others,15,8,7,0,0,0,15,8,7
C0116,28,537,802918,GHMC (M Corp. + OG) (Part),007000,7 KANNADA,814,418,396,0,0,0,814,418,396
C0116,28,537,802918,GHMC (M Corp. + OG) (Part),007016, Kannada,814,418,396,0,0,0,814,418,396
C0116,28,537,802918,GHMC (M Corp. + OG) (Part),009000,9 KONKANI,13,4,9,0,0,0,13,4,9
C0116,28,537,802918,GHMC (M Corp. + OG) (Part),009011, Konkani,13,4,9,0,0,0,13,4,9
C0116,28,537,802918,GHMC (M Corp. + OG) (Part),011000,11 MALAYALAM,210,109,101,0,0,0,210,109,101
C0116,28,537,802918,GHMC (M Corp. + OG) (Part),011016, Malayalam,210,109,101,0,0,0,210,109,101
C0116,28,537,802918,GHMC (M Corp. + OG) (Part),012000,12 MANIPURI ,8,0,8,0,0,0,8,0,8
C0116,28,537,802918,GHMC (M Corp. + OG) (Part),012003, Manipuri,8,0,8,0,0,0,8,0,8
C0116,28,537,802918,GHMC (M Corp. + OG) (Part),013000,13 MARATHI ,1036,525,511,0,0,0,1036,525,511
C0116,28,537,802918,GHMC (M Corp. + OG) (Part),013071, Marathi,1036,525,511,0,0,0,1036,525,511
C0116,28,537,802918,GHMC (M Corp. + OG) (Part),014000,14 NEPALI ,24,13,11,0,0,0,24,13,11
C0116,28,537,802918,GHMC (M Corp. + OG) (Part),014011, Nepali,24,13,11,0,0,0,24,13,11
C0116,28,537,802918,GHMC (M Corp. + OG) (Part),015000,15 ODIA ,132,76,56,0,0,0,132,76,56
C0116,28,537,802918,GHMC (M Corp. + OG) (Part),015043, Odia,132,76,56,0,0,0,132,76,56
C0116,28,537,802918,GHMC (M Corp. + OG) (Part),016000,16 PUNJABI ,504,261,243,0,0,0,504,261,243
C0116,28,537,802918,GHMC (M Corp. + OG) (Part),016038, Punjabi,504,261,243,0,0,0,504,261,243
C0116,28,537,802918,GHMC (M Corp. + OG) (Part),017000,17 SANSKRIT ,5,2,3,0,0,0,5,2,3
C0116,28,537,802918,GHMC (M Corp. + OG) (Part),017002, Sanskrit,5,2,3,0,0,0,5,2,3
C0116,28,537,802918,GHMC (M Corp. + OG) (Part),019000,19 SINDHI,4,3,1,0,0,0,4,3,1
C0116,28,537,802918,GHMC (M Corp. + OG) (Part),019014, Sindhi,4,3,1,0,0,0,4,3,1
C0116,28,537,802918,GHMC (M Corp. + OG) (Part),020000,20 TAMIL ,580,277,303,0,0,0,580,277,303
C0116,28,537,802918,GHMC (M Corp. + OG) (Part),020027, Tamil,525,246,279,0,0,0,525,246,279
C0116,28,537,802918,GHMC (M Corp. + OG) (Part),020029, Yerukala/Yerukula,55,31,24,0,0,0,55,31,24
C0116,28,537,802918,GHMC (M Corp. + OG) (Part),021000,21 TELUGU ,138362,70624,67738,0,0,0,138362,70624,67738
C0116,28,537,802918,GHMC (M Corp. + OG) (Part),021046, Telugu,138362,70624,67738,0,0,0,138362,70624,67738
C0116,28,537,802918,GHMC (M Corp. + OG) (Part),022000,22 URDU,7014,3656,3358,0,0,0,7014,3656,3358
C0116,28,537,802918,GHMC (M Corp. + OG) (Part),022015, Urdu,7014,3656,3358,0,0,0,7014,3656,3358
C0116,28,537,802918,GHMC (M Corp. + OG) (Part),028000,28 ARABIC/ARBI ,2,2,0,0,0,0,2,2,0
C0116,28,537,802918,GHMC (M Corp. + OG) (Part),028001, Arabic/Arbi,2,2,0,0,0,0,2,2,0
C0116,28,537,802918,GHMC (M Corp. + OG) (Part),030000,30 BHILI/BHILODI ,4,2,2,0,0,0,4,2,2
C0116,28,537,802918,GHMC (M Corp. + OG) (Part),030066, Paradhi,4,2,2,0,0,0,4,2,2
C0116,28,537,802918,GHMC (M Corp. + OG) (Part),040000,40 ENGLISH ,29,15,14,0,0,0,29,15,14
C0116,28,537,802918,GHMC (M Corp. + OG) (Part),040001, English,29,15,14,0,0,0,29,15,14
C0116,28,537,802918,GHMC (M Corp. + OG) (Part),044000,44 GONDI,1,1,0,0,0,0,1,1,0
C0116,28,537,802918,GHMC (M Corp. + OG) (Part),044007, Gondi,1,1,0,0,0,0,1,1,0
C0116,28,537,802918,GHMC (M Corp. + OG) (Part),055000,55 KHASI ,5,1,4,0,0,0,5,1,4
C0116,28,537,802918,GHMC (M Corp. + OG) (Part),055007, Khasi,5,1,4,0,0,0,5,1,4
C0116,28,537,802918,GHMC (M Corp. + OG) (Part),069000,69 KOYA ,2,1,1,0,0,0,2,1,1
C0116,28,537,802918,GHMC (M Corp. + OG) (Part),069002, Koya,2,1,1,0,0,0,2,1,1
C0116,28,537,802918,GHMC (M Corp. + OG) (Part),124000,124 OTHERS,11,6,5,0,0,0,11,6,5
C0116,28,537,802918,GHMC (M Corp. + OG) (Part),001000,1 ASSAMESE,13,8,5,0,0,0,13,8,5
C0116,28,537,802918,GHMC (M Corp. + OG) (Part),001002, Assamese,13,8,5,0,0,0,13,8,5
C0116,28,537,802918,GHMC (M Corp. + OG) (Part),002000,2 BENGALI ,366,194,172,0,0,0,366,194,172
C0116,28,537,802918,GHMC (M Corp. + OG) (Part),002007, Bengali,366,194,172,0,0,0,366,194,172
C0116,28,537,802918,GHMC (M Corp. + OG) (Part),004000,4 DOGRI ,4,3,1,0,0,0,4,3,1
C0116,28,537,802918,GHMC (M Corp. + OG) (Part),004001, Dogri,4,3,1,0,0,0,4,3,1
C0116,28,537,802918,GHMC (M Corp. + OG) (Part),005000,5 GUJARATI,1510,748,762,0,0,0,1510,748,762
C0116,28,537,802918,GHMC (M Corp. + OG) (Part),005018, Gujarati,1436,706,730,0,0,0,1436,706,730
C0116,28,537,802918,GHMC (M Corp. + OG) (Part),005057, Saurashtra/Saurashtri,4,2,2,0,0,0,4,2,2
C0116,28,537,802918,GHMC (M Corp. + OG) (Part),005999,5 Others,70,40,30,0,0,0,70,40,30
C0116,28,537,802918,GHMC (M Corp. + OG) (Part),006000,6 HINDI ,18037,9445,8592,0,0,0,18037,9445,8592
C0116,28,537,802918,GHMC (M Corp. + OG) (Part),006066, Banjari,144,69,75,0,0,0,144,69,75
C0116,28,537,802918,GHMC (M Corp. + OG) (Part),006102, Bhojpuri,36,19,17,0,0,0,36,19,17
C0116,28,537,802918,GHMC (M Corp. + OG) (Part),006195, Garhwali,5,2,3,0,0,0,5,2,3
C0116,28,537,802918,GHMC (M Corp. + OG) (Part),006235, Haryanvi,19,10,9,0,0,0,19,10,9
C0116,28,537,802918,GHMC (M Corp. + OG) (Part),006240, Hindi,10440,5411,5029,0,0,0,10440,5411,5029
C0116,28,537,802918,GHMC (M Corp. + OG) (Part),006353, Lamani/Lambadi,6606,3505,3101,0,0,0,6606,3505,3101
C0116,28,537,802918,GHMC (M Corp. + OG) (Part),006400, Marwari,491,265,226,0,0,0,491,265,226
C0116,28,537,802918,GHMC (M Corp. + OG) (Part),006489, Rajasthani,256,144,112,0,0,0,256,144,112
C0116,28,537,802918,GHMC (M Corp. + OG) (Part),006999,6 Others,40,20,20,0,0,0,40,20,20
C0116,28,537,802918,GHMC (M Corp. + OG) (Part),007000,7 KANNADA,2712,1427,1285,0,0,0,2712,1427,1285
C0116,28,537,802918,GHMC (M Corp. + OG) (Part),007016, Kannada,2712,1427,1285,0,0,0,2712,1427,1285
C0116,28,537,802918,GHMC (M Corp. + OG) (Part),008000,8 KASHMIRI ,4,1,3,0,0,0,4,1,3
C0116,28,537,802918,GHMC (M Corp. + OG) (Part),008005, Kashmiri,4,1,3,0,0,0,4,1,3
C0116,28,537,802918,GHMC (M Corp. + OG) (Part),009000,9 KONKANI,31,16,15,0,0,0,31,16,15
C0116,28,537,802918,GHMC (M Corp. + OG) (Part),009011, Konkani,31,16,15,0,0,0,31,16,15
C0116,28,537,802918,GHMC (M Corp. + OG) (Part),010000,10 MAITHILI ,8,4,4,0,0,0,8,4,4
C0116,28,537,802918,GHMC (M Corp. + OG) (Part),010008, Maithili,8,4,4,0,0,0,8,4,4
C0116,28,537,802918,GHMC (M Corp. + OG) (Part),011000,11 MALAYALAM,473,232,241,0,0,0,473,232,241
C0116,28,537,802918,GHMC (M Corp. + OG) (Part),011016, Malayalam,473,232,241,0,0,0,473,232,241
C0116,28,537,802918,GHMC (M Corp. + OG) (Part),012000,12 MANIPURI ,8,4,4,0,0,0,8,4,4
C0116,28,537,802918,GHMC (M Corp. + OG) (Part),012003, Manipuri,8,4,4,0,0,0,8,4,4
C0116,28,537,802918,GHMC (M Corp. + OG) (Part),013000,13 MARATHI ,4320,2241,2079,0,0,0,4320,2241,2079
C0116,28,537,802918,GHMC (M Corp. + OG) (Part),013071, Marathi,4320,2241,2079,0,0,0,4320,2241,2079
C0116,28,537,802918,GHMC (M Corp. + OG) (Part),014000,14 NEPALI ,105,60,45,0,0,0,105,60,45
C0116,28,537,802918,GHMC (M Corp. + OG) (Part),014011, Nepali,105,60,45,0,0,0,105,60,45
C0116,28,537,802918,GHMC (M Corp. + OG) (Part),015000,15 ODIA ,269,144,125,0,0,0,269,144,125
C0116,28,537,802918,GHMC (M Corp. + OG) (Part),015043, Odia,269,144,125,0,0,0,269,144,125
C0116,28,537,802918,GHMC (M Corp. + OG) (Part),016000,16 PUNJABI ,182,88,94,0,0,0,182,88,94
C0116,28,537,802918,GHMC (M Corp. + OG) (Part),016038, Punjabi,182,88,94,0,0,0,182,88,94
C0116,28,537,802918,GHMC (M Corp. + OG) (Part),017000,17 SANSKRIT ,30,13,17,0,0,0,30,13,17
C0116,28,537,802918,GHMC (M Corp. + OG) (Part),017002, Sanskrit,30,13,17,0,0,0,30,13,17
C0116,28,537,802918,GHMC (M Corp. + OG) (Part),019000,19 SINDHI,88,48,40,0,0,0,88,48,40
C0116,28,537,802918,GHMC (M Corp. + OG) (Part),019008, Kachchhi,8,4,4,0,0,0,8,4,4
C0116,28,537,802918,GHMC (M Corp. + OG) (Part),019014, Sindhi,80,44,36,0,0,0,80,44,36
C0116,28,537,802918,GHMC (M Corp. + OG) (Part),020000,20 TAMIL ,1165,605,560,0,0,0,1165,605,560
C0116,28,537,802918,GHMC (M Corp. + OG) (Part),020027, Tamil,1076,554,522,0,0,0,1076,554,522
C0116,28,537,802918,GHMC (M Corp. + OG) (Part),020029, Yerukala/Yerukula,89,51,38,0,0,0,89,51,38
C0116,28,537,802918,GHMC (M Corp. + OG) (Part),021000,21 TELUGU ,370725,189476,181249,0,0,0,370725,189476,181249
C0116,28,537,802918,GHMC (M Corp. + OG) (Part),021046, Telugu,370720,189473,181247,0,0,0,370720,189473,181247
C0116,28,537,802918,GHMC (M Corp. + OG) (Part),021999,21 Others,5,3,2,0,0,0,5,3,2
C0116,28,537,802918,GHMC (M Corp. + OG) (Part),022000,22 URDU,60602,30992,29610,0,0,0,60602,30992,29610
C0116,28,537,802918,GHMC (M Corp. + OG) (Part),022015, Urdu,60602,30992,29610,0,0,0,60602,30992,29610
C0116,28,537,802918,GHMC (M Corp. + OG) (Part),023000,23 ADI ,21,13,8,0,0,0,21,13,8
C0116,28,537,802918,GHMC (M Corp. + OG) (Part),023003, Adi,21,13,8,0,0,0,21,13,8
C0116,28,537,802918,GHMC (M Corp. + OG) (Part),028000,28 ARABIC/ARBI ,1,1,0,0,0,0,1,1,0
C0116,28,537,802918,GHMC (M Corp. + OG) (Part),028001, Arabic/Arbi,1,1,0,0,0,0,1,1,0
C0116,28,537,802918,GHMC (M Corp. + OG) (Part),030000,30 BHILI/BHILODI ,40,21,19,0,0,0,40,21,19
C0116,28,537,802918,GHMC (M Corp. + OG) (Part),030066, Paradhi,33,16,17,0,0,0,33,16,17
C0116,28,537,802918,GHMC (M Corp. + OG) (Part),030999,30 Others,7,5,2,0,0,0,7,5,2
C0116,28,537,802918,GHMC (M Corp. + OG) (Part),040000,40 ENGLISH ,79,40,39,0,0,0,79,40,39
C0116,28,537,802918,GHMC (M Corp. + OG) (Part),040001, English,79,40,39,0,0,0,79,40,39
C0116,28,537,802918,GHMC (M Corp. + OG) (Part),044000,44 GONDI,5,2,3,0,0,0,5,2,3
C0116,28,537,802918,GHMC (M Corp. + OG) (Part),044007, Gondi,5,2,3,0,0,0,5,2,3
C0116,28,537,802918,GHMC (M Corp. + OG) (Part),065000,65 KONDA,1,0,1,0,0,0,1,0,1
C0116,28,537,802918,GHMC (M Corp. + OG) (Part),065003, Konda,1,0,1,0,0,0,1,0,1
C0116,28,537,802918,GHMC (M Corp. + OG) (Part),072000,72 KURUKH/ORAON ,6,3,3,0,0,0,6,3,3
C0116,28,537,802918,GHMC (M Corp. + OG) (Part),072024, Kurukh/Oraon,6,3,3,0,0,0,6,3,3
C0116,28,537,802918,GHMC (M Corp. + OG) (Part),094000,94 NISSI/DAFLA ,1,1,0,0,0,0,1,1,0
C0116,28,537,802918,GHMC (M Corp. + OG) (Part),094007, Nissi/Dafla,1,1,0,0,0,0,1,1,0
C0116,28,537,802918,GHMC (M Corp. + OG) (Part),117000,117 TULU ,6,4,2,0,0,0,6,4,2
C0116,28,537,802918,GHMC (M Corp. + OG) (Part),117009, Tulu,6,4,2,0,0,0,6,4,2
C0116,28,537,802918,GHMC (M Corp. + OG) (Part),124000,124 OTHERS,65,34,31,0,0,0,65,34,31
C0116,28,537,802918,GHMC (M Corp. + OG) (Part),001000,1 ASSAMESE,32,17,15,0,0,0,32,17,15
C0116,28,537,802918,GHMC (M Corp. + OG) (Part),001002, Assamese,32,17,15,0,0,0,32,17,15
C0116,28,537,802918,GHMC (M Corp. + OG) (Part),002000,2 BENGALI ,787,440,347,0,0,0,787,440,347
C0116,28,537,802918,GHMC (M Corp. + OG) (Part),002007, Bengali,787,440,347,0,0,0,787,440,347
C0116,28,537,802918,GHMC (M Corp. + OG) (Part),003000,3 BODO ,3,0,3,0,0,0,3,0,3
C0116,28,537,802918,GHMC (M Corp. + OG) (Part),003001, Bodo/Boro,3,0,3,0,0,0,3,0,3
C0116,28,537,802918,GHMC (M Corp. + OG) (Part),005000,5 GUJARATI,1486,760,726,0,0,0,1486,760,726
C0116,28,537,802918,GHMC (M Corp. + OG) (Part),005018, Gujarati,1439,733,706,0,0,0,1439,733,706
C0116,28,537,802918,GHMC (M Corp. + OG) (Part),005999,5 Others,47,27,20,0,0,0,47,27,20
C0116,28,537,802918,GHMC (M Corp. + OG) (Part),006000,6 HINDI ,20945,11221,9724,0,0,0,20945,11221,9724
C0116,28,537,802918,GHMC (M Corp. + OG) (Part),006066, Banjari,40,23,17,0,0,0,40,23,17
C0116,28,537,802918,GHMC (M Corp. + OG) (Part),006102, Bhojpuri,296,185,111,0,0,0,296,185,111
C0116,28,537,802918,GHMC (M Corp. + OG) (Part),006195, Garhwali,5,2,3,0,0,0,5,2,3
C0116,28,537,802918,GHMC (M Corp. + OG) (Part),006235, Haryanvi,14,4,10,0,0,0,14,4,10
C0116,28,537,802918,GHMC (M Corp. + OG) (Part),006240, Hindi,16552,8868,7684,0,0,0,16552,8868,7684
C0116,28,537,802918,GHMC (M Corp. + OG) (Part),006320, Khortha/Khotta,9,6,3,0,0,0,9,6,3
C0116,28,537,802918,GHMC (M Corp. + OG) (Part),006353, Lamani/Lambadi,2871,1505,1366,0,0,0,2871,1505,1366
C0116,28,537,802918,GHMC (M Corp. + OG) (Part),006376, Magadhi/Magahi,4,2,2,0,0,0,4,2,2
C0116,28,537,802918,GHMC (M Corp. + OG) (Part),006400, Marwari,716,384,332,0,0,0,716,384,332
C0116,28,537,802918,GHMC (M Corp. + OG) (Part),006439, Pahari,8,4,4,0,0,0,8,4,4
C0116,28,537,802918,GHMC (M Corp. + OG) (Part),006489, Rajasthani,138,69,69,0,0,0,138,69,69
C0116,28,537,802918,GHMC (M Corp. + OG) (Part),006999,6 Others,292,169,123,0,0,0,292,169,123
C0116,28,537,802918,GHMC (M Corp. + OG) (Part),007000,7 KANNADA,4018,2086,1932,0,0,0,4018,2086,1932
C0116,28,537,802918,GHMC (M Corp. + OG) (Part),007002, Badaga,5,1,4,0,0,0,5,1,4
C0116,28,537,802918,GHMC (M Corp. + OG) (Part),007016, Kannada,3997,2078,1919,0,0,0,3997,2078,1919
C0116,28,537,802918,GHMC (M Corp. + OG) (Part),007999,7 Others,16,7,9,0,0,0,16,7,9
C0116,28,537,802918,GHMC (M Corp. + OG) (Part),008000,8 KASHMIRI ,2,1,1,0,0,0,2,1,1
C0116,28,537,802918,GHMC (M Corp. + OG) (Part),008005, Kashmiri,2,1,1,0,0,0,2,1,1
C0116,28,537,802918,GHMC (M Corp. + OG) (Part),009000,9 KONKANI,22,12,10,0,0,0,22,12,10
C0116,28,537,802918,GHMC (M Corp. + OG) (Part),009011, Konkani,16,10,6,0,0,0,16,10,6
C0116,28,537,802918,GHMC (M Corp. + OG) (Part),009013, Kudubi/Kudumbi,6,2,4,0,0,0,6,2,4
C0116,28,537,802918,GHMC (M Corp. + OG) (Part),010000,10 MAITHILI ,19,10,9,0,0,0,19,10,9
C0116,28,537,802918,GHMC (M Corp. + OG) (Part),010008, Maithili,19,10,9,0,0,0,19,10,9
C0116,28,537,802918,GHMC (M Corp. + OG) (Part),011000,11 MALAYALAM,870,423,447,0,0,0,870,423,447
C0116,28,537,802918,GHMC (M Corp. + OG) (Part),011016, Malayalam,870,423,447,0,0,0,870,423,447
C0116,28,537,802918,GHMC (M Corp. + OG) (Part),012000,12 MANIPURI ,5,4,1,0,0,0,5,4,1
C0116,28,537,802918,GHMC (M Corp. + OG) (Part),012003, Manipuri,5,4,1,0,0,0,5,4,1
C0116,28,537,802918,GHMC (M Corp. + OG) (Part),013000,13 MARATHI ,5664,2953,2711,0,0,0,5664,2953,2711
C0116,28,537,802918,GHMC (M Corp. + OG) (Part),013071, Marathi,5664,2953,2711,0,0,0,5664,2953,2711
C0116,28,537,802918,GHMC (M Corp. + OG) (Part),014000,14 NEPALI ,148,79,69,0,0,0,148,79,69
C0116,28,537,802918,GHMC (M Corp. + OG) (Part),014011, Nepali,148,79,69,0,0,0,148,79,69
C0116,28,537,802918,GHMC (M Corp. + OG) (Part),015000,15 ODIA ,1223,739,484,0,0,0,1223,739,484
C0116,28,537,802918,GHMC (M Corp. + OG) (Part),015043, Odia,1223,739,484,0,0,0,1223,739,484
C0116,28,537,802918,GHMC (M Corp. + OG) (Part),016000,16 PUNJABI ,616,330,286,0,0,0,616,330,286
C0116,28,537,802918,GHMC (M Corp. + OG) (Part),016038, Punjabi,616,330,286,0,0,0,616,330,286
C0116,28,537,802918,GHMC (M Corp. + OG) (Part),019000,19 SINDHI,48,22,26,0,0,0,48,22,26
C0116,28,537,802918,GHMC (M Corp. + OG) (Part),019014, Sindhi,48,22,26,0,0,0,48,22,26
C0116,28,537,802918,GHMC (M Corp. + OG) (Part),020000,20 TAMIL ,836,443,393,0,0,0,836,443,393
C0116,28,537,802918,GHMC (M Corp. + OG) (Part),020027, Tamil,809,427,382,0,0,0,809,427,382
C0116,28,537,802918,GHMC (M Corp. + OG) (Part),020029, Yerukala/Yerukula,27,16,11,0,0,0,27,16,11
C0116,28,537,802918,GHMC (M Corp. + OG) (Part),021000,21 TELUGU ,124443,62746,61697,0,0,0,124443,62746,61697
C0116,28,537,802918,GHMC (M Corp. + OG) (Part),021046, Telugu,124443,62746,61697,0,0,0,124443,62746,61697
C0116,28,537,802918,GHMC (M Corp. + OG) (Part),022000,22 URDU,94272,48267,46005,0,0,0,94272,48267,46005
C0116,28,537,802918,GHMC (M Corp. + OG) (Part),022015, Urdu,94271,48267,46004,0,0,0,94271,48267,46004
C0116,28,537,802918,GHMC (M Corp. + OG) (Part),022999,22 Others,1,0,1,0,0,0,1,0,1
C0116,28,537,802918,GHMC (M Corp. + OG) (Part),028000,28 ARABIC/ARBI ,13,9,4,0,0,0,13,9,4
C0116,28,537,802918,GHMC (M Corp. + OG) (Part),028001, Arabic/Arbi,13,9,4,0,0,0,13,9,4
C0116,28,537,802918,GHMC (M Corp. + OG) (Part),030000,30 BHILI/BHILODI ,4,2,2,0,0,0,4,2,2
C0116,28,537,802918,GHMC (M Corp. + OG) (Part),030035, Kokna/Kokni/Kukna,1,1,0,0,0,0,1,1,0
C0116,28,537,802918,GHMC (M Corp. + OG) (Part),030066, Paradhi,3,1,2,0,0,0,3,1,2
C0116,28,537,802918,GHMC (M Corp. + OG) (Part),040000,40 ENGLISH ,79,43,36,0,0,0,79,43,36
C0116,28,537,802918,GHMC (M Corp. + OG) (Part),040001, English,79,43,36,0,0,0,79,43,36
C0116,28,537,802918,GHMC (M Corp. + OG) (Part),041000,41 GADABA ,3,2,1,0,0,0,3,2,1
C0116,28,537,802918,GHMC (M Corp. + OG) (Part),041001, Gadaba,3,2,1,0,0,0,3,2,1
C0116,28,537,802918,GHMC (M Corp. + OG) (Part),044000,44 GONDI,24,10,14,0,0,0,24,10,14
C0116,28,537,802918,GHMC (M Corp. + OG) (Part),044007, Gondi,16,7,9,0,0,0,16,7,9
C0116,28,537,802918,GHMC (M Corp. + OG) (Part),044999,44 Others,8,3,5,0,0,0,8,3,5
C0116,28,537,802918,GHMC (M Corp. + OG) (Part),053000,53 KHANDESHI,1,0,1,0,0,0,1,0,1
C0116,28,537,802918,GHMC (M Corp. + OG) (Part),053005, Gujari,1,0,1,0,0,0,1,0,1
C0116,28,537,802918,GHMC (M Corp. + OG) (Part),055000,55 KHASI ,1,0,1,0,0,0,1,0,1
C0116,28,537,802918,GHMC (M Corp. + OG) (Part),055007, Khasi,1,0,1,0,0,0,1,0,1
C0116,28,537,802918,GHMC (M Corp. + OG) (Part),058000,58 KHOND/KONDH ,4,4,0,0,0,0,4,4,0
C0116,28,537,802918,GHMC (M Corp. + OG) (Part),058001, Khond/Kondh,3,3,0,0,0,0,3,3,0
C0116,28,537,802918,GHMC (M Corp. + OG) (Part),058006, Kuvi,1,1,0,0,0,0,1,1,0
C0116,28,537,802918,GHMC (M Corp. + OG) (Part),065000,65 KONDA,1,1,0,0,0,0,1,1,0
C0116,28,537,802918,GHMC (M Corp. + OG) (Part),065003, Konda,1,1,0,0,0,0,1,1,0
C0116,28,537,802918,GHMC (M Corp. + OG) (Part),069000,69 KOYA ,1,1,0,0,0,0,1,1,0
C0116,28,537,802918,GHMC (M Corp. + OG) (Part),069002, Koya,1,1,0,0,0,0,1,1,0
C0116,28,537,802918,GHMC (M Corp. + OG) (Part),082000,82 LUSHAI/MIZO ,2,0,2,0,0,0,2,0,2
C0116,28,537,802918,GHMC (M Corp. + OG) (Part),082005, Lushai/Mizo,2,0,2,0,0,0,2,0,2
C0116,28,537,802918,GHMC (M Corp. + OG) (Part),084000,84 MAO,1,0,1,0,0,0,1,0,1
C0116,28,537,802918,GHMC (M Corp. + OG) (Part),084001, Mao,1,0,1,0,0,0,1,0,1
C0116,28,537,802918,GHMC (M Corp. + OG) (Part),117000,117 TULU ,2,1,1,0,0,0,2,1,1
C0116,28,537,802918,GHMC (M Corp. + OG) (Part),117009, Tulu,2,1,1,0,0,0,2,1,1
C0116,28,537,802918,GHMC (M Corp. + OG) (Part),124000,124 OTHERS,62,30,32,0,0,0,62,30,32
C0116,28,537,802920,Vicarabad (M),002000,2 BENGALI ,12,7,5,0,0,0,12,7,5
C0116,28,537,802920,Vicarabad (M),002007, Bengali,12,7,5,0,0,0,12,7,5
C0116,28,537,802920,Vicarabad (M),005000,5 GUJARATI,85,41,44,0,0,0,85,41,44
C0116,28,537,802920,Vicarabad (M),005018, Gujarati,49,24,25,0,0,0,49,24,25
C0116,28,537,802920,Vicarabad (M),005999,5 Others,36,17,19,0,0,0,36,17,19
C0116,28,537,802920,Vicarabad (M),006000,6 HINDI ,3098,1649,1449,0,0,0,3098,1649,1449
C0116,28,537,802920,Vicarabad (M),006066, Banjari,8,3,5,0,0,0,8,3,5
C0116,28,537,802920,Vicarabad (M),006240, Hindi,626,317,309,0,0,0,626,317,309
C0116,28,537,802920,Vicarabad (M),006353, Lamani/Lambadi,2318,1254,1064,0,0,0,2318,1254,1064
C0116,28,537,802920,Vicarabad (M),006400, Marwari,133,67,66,0,0,0,133,67,66
C0116,28,537,802920,Vicarabad (M),006489, Rajasthani,10,5,5,0,0,0,10,5,5
C0116,28,537,802920,Vicarabad (M),006999,6 Others,3,3,0,0,0,0,3,3,0
C0116,28,537,802920,Vicarabad (M),007000,7 KANNADA,108,57,51,0,0,0,108,57,51
C0116,28,537,802920,Vicarabad (M),007016, Kannada,108,57,51,0,0,0,108,57,51
C0116,28,537,802920,Vicarabad (M),011000,11 MALAYALAM,33,10,23,0,0,0,33,10,23
C0116,28,537,802920,Vicarabad (M),011016, Malayalam,33,10,23,0,0,0,33,10,23
C0116,28,537,802920,Vicarabad (M),013000,13 MARATHI ,339,175,164,0,0,0,339,175,164
C0116,28,537,802920,Vicarabad (M),013071, Marathi,339,175,164,0,0,0,339,175,164
C0116,28,537,802920,Vicarabad (M),014000,14 NEPALI ,20,7,13,0,0,0,20,7,13
C0116,28,537,802920,Vicarabad (M),014011, Nepali,20,7,13,0,0,0,20,7,13
C0116,28,537,802920,Vicarabad (M),015000,15 ODIA ,2,2,0,0,0,0,2,2,0
C0116,28,537,802920,Vicarabad (M),015043, Odia,2,2,0,0,0,0,2,2,0
C0116,28,537,802920,Vicarabad (M),019000,19 SINDHI,4,0,4,0,0,0,4,0,4
C0116,28,537,802920,Vicarabad (M),019008, Kachchhi,3,0,3,0,0,0,3,0,3
C0116,28,537,802920,Vicarabad (M),019014, Sindhi,1,0,1,0,0,0,1,0,1
C0116,28,537,802920,Vicarabad (M),020000,20 TAMIL ,38,22,16,0,0,0,38,22,16
C0116,28,537,802920,Vicarabad (M),020027, Tamil,37,21,16,0,0,0,37,21,16
C0116,28,537,802920,Vicarabad (M),020029, Yerukala/Yerukula,1,1,0,0,0,0,1,1,0
C0116,28,537,802920,Vicarabad (M),021000,21 TELUGU ,37005,18195,18810,0,0,0,37005,18195,18810
C0116,28,537,802920,Vicarabad (M),021046, Telugu,37005,18195,18810,0,0,0,37005,18195,18810
C0116,28,537,802920,Vicarabad (M),022000,22 URDU,12361,6287,6074,0,0,0,12361,6287,6074
C0116,28,537,802920,Vicarabad (M),022015, Urdu,12361,6287,6074,0,0,0,12361,6287,6074
C0116,28,537,802920,Vicarabad (M),030000,30 BHILI/BHILODI ,32,11,21,0,0,0,32,11,21
C0116,28,537,802920,Vicarabad (M),030066, Paradhi,32,11,21,0,0,0,32,11,21
C0116,28,537,802920,Vicarabad (M),124000,124 OTHERS,6,4,2,0,0,0,6,4,2
C0116,28,537,802921,Tandur (M),002000,2 BENGALI ,14,10,4,0,0,0,14,10,4
C0116,28,537,802921,Tandur (M),002007, Bengali,14,10,4,0,0,0,14,10,4
C0116,28,537,802921,Tandur (M),005000,5 GUJARATI,201,97,104,0,0,0,201,97,104
C0116,28,537,802921,Tandur (M),005018, Gujarati,112,50,62,0,0,0,112,50,62
C0116,28,537,802921,Tandur (M),005057, Saurashtra/Saurashtri,8,4,4,0,0,0,8,4,4
C0116,28,537,802921,Tandur (M),005999,5 Others,81,43,38,0,0,0,81,43,38
C0116,28,537,802921,Tandur (M),006000,6 HINDI ,2718,1275,1443,0,0,0,2718,1275,1443
C0116,28,537,802921,Tandur (M),006066, Banjari,5,3,2,0,0,0,5,3,2
C0116,28,537,802921,Tandur (M),006125, Bundeli/Bundel khandi,8,4,4,0,0,0,8,4,4
C0116,28,537,802921,Tandur (M),006235, Haryanvi,3,1,2,0,0,0,3,1,2
C0116,28,537,802921,Tandur (M),006240, Hindi,1401,707,694,0,0,0,1401,707,694
C0116,28,537,802921,Tandur (M),006353, Lamani/Lambadi,811,306,505,0,0,0,811,306,505
C0116,28,537,802921,Tandur (M),006400, Marwari,453,231,222,0,0,0,453,231,222
C0116,28,537,802921,Tandur (M),006489, Rajasthani,28,18,10,0,0,0,28,18,10
C0116,28,537,802921,Tandur (M),006999,6 Others,9,5,4,0,0,0,9,5,4
C0116,28,537,802921,Tandur (M),007000,7 KANNADA,988,506,482,0,0,0,988,506,482
C0116,28,537,802921,Tandur (M),007016, Kannada,988,506,482,0,0,0,988,506,482
C0116,28,537,802921,Tandur (M),011000,11 MALAYALAM,39,25,14,0,0,0,39,25,14
C0116,28,537,802921,Tandur (M),011016, Malayalam,39,25,14,0,0,0,39,25,14
C0116,28,537,802921,Tandur (M),013000,13 MARATHI ,1240,643,597,0,0,0,1240,643,597
C0116,28,537,802921,Tandur (M),013071, Marathi,1239,643,596,0,0,0,1239,643,596
C0116,28,537,802921,Tandur (M),013999,13 Others,1,0,1,0,0,0,1,0,1
C0116,28,537,802921,Tandur (M),014000,14 NEPALI ,12,9,3,0,0,0,12,9,3
C0116,28,537,802921,Tandur (M),014011, Nepali,12,9,3,0,0,0,12,9,3
C0116,28,537,802921,Tandur (M),015000,15 ODIA ,8,5,3,0,0,0,8,5,3
C0116,28,537,802921,Tandur (M),015043, Odia,8,5,3,0,0,0,8,5,3
C0116,28,537,802921,Tandur (M),016000,16 PUNJABI ,35,18,17,0,0,0,35,18,17
C0116,28,537,802921,Tandur (M),016038, Punjabi,35,18,17,0,0,0,35,18,17
C0116,28,537,802921,Tandur (M),019000,19 SINDHI,1,0,1,0,0,0,1,0,1
C0116,28,537,802921,Tandur (M),019014, Sindhi,1,0,1,0,0,0,1,0,1
C0116,28,537,802921,Tandur (M),020000,20 TAMIL ,89,41,48,0,0,0,89,41,48
C0116,28,537,802921,Tandur (M),020027, Tamil,89,41,48,0,0,0,89,41,48
C0116,28,537,802921,Tandur (M),021000,21 TELUGU ,35546,17737,17809,0,0,0,35546,17737,17809
C0116,28,537,802921,Tandur (M),021046, Telugu,35546,17737,17809,0,0,0,35546,17737,17809
C0116,28,537,802921,Tandur (M),022000,22 URDU,24197,12211,11986,0,0,0,24197,12211,11986
C0116,28,537,802921,Tandur (M),022015, Urdu,24197,12211,11986,0,0,0,24197,12211,11986
C0116,28,537,802921,Tandur (M),040000,40 ENGLISH ,2,2,0,0,0,0,2,2,0
C0116,28,537,802921,Tandur (M),040001, English,2,2,0,0,0,0,2,2,0
C0116,28,537,802921,Tandur (M),071000,71 KUKI,1,1,0,0,0,0,1,1,0
C0116,28,537,802921,Tandur (M),071008, Kuki,1,1,0,0,0,0,1,1,0
C0116,28,537,802921,Tandur (M),124000,124 OTHERS,24,15,9,0,0,0,24,15,9
C0116,28,537,574070,Dundigal (CT),001000,1 ASSAMESE,16,12,4,0,0,0,16,12,4
C0116,28,537,574070,Dundigal (CT),001002, Assamese,16,12,4,0,0,0,16,12,4
C0116,28,537,574070,Dundigal (CT),002000,2 BENGALI ,211,119,92,0,0,0,211,119,92
C0116,28,537,574070,Dundigal (CT),002007, Bengali,211,119,92,0,0,0,211,119,92
C0116,28,537,574070,Dundigal (CT),004000,4 DOGRI ,6,5,1,0,0,0,6,5,1
C0116,28,537,574070,Dundigal (CT),004001, Dogri,6,5,1,0,0,0,6,5,1
C0116,28,537,574070,Dundigal (CT),005000,5 GUJARATI,6,3,3,0,0,0,6,3,3
C0116,28,537,574070,Dundigal (CT),005018, Gujarati,6,3,3,0,0,0,6,3,3
C0116,28,537,574070,Dundigal (CT),006000,6 HINDI ,3428,2003,1425,0,0,0,3428,2003,1425
C0116,28,537,574070,Dundigal (CT),006102, Bhojpuri,25,18,7,0,0,0,25,18,7
C0116,28,537,574070,Dundigal (CT),006195, Garhwali,17,9,8,0,0,0,17,9,8
C0116,28,537,574070,Dundigal (CT),006235, Haryanvi,38,21,17,0,0,0,38,21,17
C0116,28,537,574070,Dundigal (CT),006240, Hindi,2909,1738,1171,0,0,0,2909,1738,1171
C0116,28,537,574070,Dundigal (CT),006340, Kumauni,3,1,2,0,0,0,3,1,2
C0116,28,537,574070,Dundigal (CT),006353, Lamani/Lambadi,425,207,218,0,0,0,425,207,218
C0116,28,537,574070,Dundigal (CT),006400, Marwari,6,5,1,0,0,0,6,5,1
C0116,28,537,574070,Dundigal (CT),006439, Pahari,1,1,0,0,0,0,1,1,0
C0116,28,537,574070,Dundigal (CT),006489, Rajasthani,4,3,1,0,0,0,4,3,1
C0116,28,537,574070,Dundigal (CT),007000,7 KANNADA,105,49,56,0,0,0,105,49,56
C0116,28,537,574070,Dundigal (CT),007016, Kannada,105,49,56,0,0,0,105,49,56
C0116,28,537,574070,Dundigal (CT),008000,8 KASHMIRI ,2,2,0,0,0,0,2,2,0
C0116,28,537,574070,Dundigal (CT),008005, Kashmiri,2,2,0,0,0,0,2,2,0
C0116,28,537,574070,Dundigal (CT),009000,9 KONKANI,10,3,7,0,0,0,10,3,7
C0116,28,537,574070,Dundigal (CT),009011, Konkani,10,3,7,0,0,0,10,3,7
C0116,28,537,574070,Dundigal (CT),010000,10 MAITHILI ,9,6,3,0,0,0,9,6,3
C0116,28,537,574070,Dundigal (CT),010008, Maithili,9,6,3,0,0,0,9,6,3
C0116,28,537,574070,Dundigal (CT),011000,11 MALAYALAM,196,112,84,0,0,0,196,112,84
C0116,28,537,574070,Dundigal (CT),011016, Malayalam,196,112,84,0,0,0,196,112,84
C0116,28,537,574070,Dundigal (CT),012000,12 MANIPURI ,16,12,4,0,0,0,16,12,4
C0116,28,537,574070,Dundigal (CT),012003, Manipuri,16,12,4,0,0,0,16,12,4
C0116,28,537,574070,Dundigal (CT),013000,13 MARATHI ,231,124,107,0,0,0,231,124,107
C0116,28,537,574070,Dundigal (CT),013071, Marathi,231,124,107,0,0,0,231,124,107
C0116,28,537,574070,Dundigal (CT),014000,14 NEPALI ,37,21,16,0,0,0,37,21,16
C0116,28,537,574070,Dundigal (CT),014011, Nepali,37,21,16,0,0,0,37,21,16
C0116,28,537,574070,Dundigal (CT),015000,15 ODIA ,195,88,107,0,0,0,195,88,107
C0116,28,537,574070,Dundigal (CT),015043, Odia,195,88,107,0,0,0,195,88,107
C0116,28,537,574070,Dundigal (CT),016000,16 PUNJABI ,152,93,59,0,0,0,152,93,59
C0116,28,537,574070,Dundigal (CT),016038, Punjabi,152,93,59,0,0,0,152,93,59
C0116,28,537,574070,Dundigal (CT),019000,19 SINDHI,3,2,1,0,0,0,3,2,1
C0116,28,537,574070,Dundigal (CT),019014, Sindhi,3,2,1,0,0,0,3,2,1
C0116,28,537,574070,Dundigal (CT),020000,20 TAMIL ,168,97,71,0,0,0,168,97,71
C0116,28,537,574070,Dundigal (CT),020027, Tamil,168,97,71,0,0,0,168,97,71
C0116,28,537,574070,Dundigal (CT),021000,21 TELUGU ,8028,4028,4000,0,0,0,8028,4028,4000
C0116,28,537,574070,Dundigal (CT),021046, Telugu,8028,4028,4000,0,0,0,8028,4028,4000
C0116,28,537,574070,Dundigal (CT),022000,22 URDU,631,324,307,0,0,0,631,324,307
C0116,28,537,574070,Dundigal (CT),022015, Urdu,629,323,306,0,0,0,629,323,306
C0116,28,537,574070,Dundigal (CT),022999,22 Others,2,1,1,0,0,0,2,1,1
C0116,28,537,574070,Dundigal (CT),030000,30 BHILI/BHILODI ,1,1,0,0,0,0,1,1,0
C0116,28,537,574070,Dundigal (CT),030066, Paradhi,1,1,0,0,0,0,1,1,0
C0116,28,537,574070,Dundigal (CT),037000,37 COORGI/KODAGU ,5,3,2,0,0,0,5,3,2
C0116,28,537,574070,Dundigal (CT),037001, Coorgi/Kodagu,5,3,2,0,0,0,5,3,2
C0116,28,537,574070,Dundigal (CT),040000,40 ENGLISH ,2,2,0,0,0,0,2,2,0
C0116,28,537,574070,Dundigal (CT),040001, English,2,2,0,0,0,0,2,2,0
C0116,28,537,574070,Dundigal (CT),054000,54 KHARIA ,1,1,0,0,0,0,1,1,0
C0116,28,537,574070,Dundigal (CT),054005, Kharia,1,1,0,0,0,0,1,1,0
C0116,28,537,574070,Dundigal (CT),071000,71 KUKI,2,1,1,0,0,0,2,1,1
C0116,28,537,574070,Dundigal (CT),071008, Kuki,2,1,1,0,0,0,2,1,1
C0116,28,537,574070,Dundigal (CT),114000,114 THADO ,1,0,1,0,0,0,1,0,1
C0116,28,537,574070,Dundigal (CT),114015, Thado,1,0,1,0,0,0,1,0,1
C0116,28,537,574070,Dundigal (CT),117000,117 TULU ,1,1,0,0,0,0,1,1,0
C0116,28,537,574070,Dundigal (CT),117009, Tulu,1,1,0,0,0,0,1,1,0
C0116,28,537,574070,Dundigal (CT),124000,124 OTHERS,2,2,0,0,0,0,2,2,0
C0116,28,537,574071,Bachpalle (CT),001000,1 ASSAMESE,7,5,2,0,0,0,7,5,2
C0116,28,537,574071,Bachpalle (CT),001002, Assamese,7,5,2,0,0,0,7,5,2
C0116,28,537,574071,Bachpalle (CT),002000,2 BENGALI ,41,19,22,0,0,0,41,19,22
C0116,28,537,574071,Bachpalle (CT),002007, Bengali,41,19,22,0,0,0,41,19,22
C0116,28,537,574071,Bachpalle (CT),005000,5 GUJARATI,23,13,10,0,0,0,23,13,10
C0116,28,537,574071,Bachpalle (CT),005018, Gujarati,22,12,10,0,0,0,22,12,10
C0116,28,537,574071,Bachpalle (CT),005999,5 Others,1,1,0,0,0,0,1,1,0
C0116,28,537,574071,Bachpalle (CT),006000,6 HINDI ,750,401,349,0,0,0,750,401,349
C0116,28,537,574071,Bachpalle (CT),006102, Bhojpuri,4,1,3,0,0,0,4,1,3
C0116,28,537,574071,Bachpalle (CT),006142, Chhattisgarhi,3,1,2,0,0,0,3,1,2
C0116,28,537,574071,Bachpalle (CT),006240, Hindi,471,252,219,0,0,0,471,252,219
C0116,28,537,574071,Bachpalle (CT),006353, Lamani/Lambadi,227,123,104,0,0,0,227,123,104
C0116,28,537,574071,Bachpalle (CT),006400, Marwari,27,14,13,0,0,0,27,14,13
C0116,28,537,574071,Bachpalle (CT),006489, Rajasthani,18,10,8,0,0,0,18,10,8
C0116,28,537,574071,Bachpalle (CT),007000,7 KANNADA,152,68,84,0,0,0,152,68,84
C0116,28,537,574071,Bachpalle (CT),007016, Kannada,152,68,84,0,0,0,152,68,84
C0116,28,537,574071,Bachpalle (CT),009000,9 KONKANI,12,6,6,0,0,0,12,6,6
C0116,28,537,574071,Bachpalle (CT),009011, Konkani,12,6,6,0,0,0,12,6,6
C0116,28,537,574071,Bachpalle (CT),010000,10 MAITHILI ,3,0,3,0,0,0,3,0,3
C0116,28,537,574071,Bachpalle (CT),010008, Maithili,3,0,3,0,0,0,3,0,3
C0116,28,537,574071,Bachpalle (CT),011000,11 MALAYALAM,50,27,23,0,0,0,50,27,23
C0116,28,537,574071,Bachpalle (CT),011016, Malayalam,50,27,23,0,0,0,50,27,23
C0116,28,537,574071,Bachpalle (CT),013000,13 MARATHI ,105,54,51,0,0,0,105,54,51
C0116,28,537,574071,Bachpalle (CT),013071, Marathi,105,54,51,0,0,0,105,54,51
C0116,28,537,574071,Bachpalle (CT),015000,15 ODIA ,111,65,46,0,0,0,111,65,46
C0116,28,537,574071,Bachpalle (CT),015043, Odia,111,65,46,0,0,0,111,65,46
C0116,28,537,574071,Bachpalle (CT),016000,16 PUNJABI ,12,5,7,0,0,0,12,5,7
C0116,28,537,574071,Bachpalle (CT),016038, Punjabi,12,5,7,0,0,0,12,5,7
C0116,28,537,574071,Bachpalle (CT),017000,17 SANSKRIT ,4,0,4,0,0,0,4,0,4
C0116,28,537,574071,Bachpalle (CT),017002, Sanskrit,4,0,4,0,0,0,4,0,4
C0116,28,537,574071,Bachpalle (CT),020000,20 TAMIL ,167,94,73,0,0,0,167,94,73
C0116,28,537,574071,Bachpalle (CT),020027, Tamil,165,93,72,0,0,0,165,93,72
C0116,28,537,574071,Bachpalle (CT),020029, Yerukala/Yerukula,2,1,1,0,0,0,2,1,1
C0116,28,537,574071,Bachpalle (CT),021000,21 TELUGU ,24688,12585,12103,0,0,0,24688,12585,12103
C0116,28,537,574071,Bachpalle (CT),021046, Telugu,24688,12585,12103,0,0,0,24688,12585,12103
C0116,28,537,574071,Bachpalle (CT),022000,22 URDU,1418,708,710,0,0,0,1418,708,710
C0116,28,537,574071,Bachpalle (CT),022015, Urdu,1418,708,710,0,0,0,1418,708,710
C0116,28,537,574071,Bachpalle (CT),040000,40 ENGLISH ,15,9,6,0,0,0,15,9,6
C0116,28,537,574071,Bachpalle (CT),040001, English,15,9,6,0,0,0,15,9,6
C0116,28,537,574071,Bachpalle (CT),117000,117 TULU ,4,1,3,0,0,0,4,1,3
C0116,28,537,574071,Bachpalle (CT),117009, Tulu,4,1,3,0,0,0,4,1,3
C0116,28,537,574071,Bachpalle (CT),124000,124 OTHERS,1,1,0,0,0,0,1,1,0
C0116,28,537,574072,Kompalle (CT),002000,2 BENGALI ,66,34,32,0,0,0,66,34,32
C0116,28,537,574072,Kompalle (CT),002007, Bengali,66,34,32,0,0,0,66,34,32
C0116,28,537,574072,Kompalle (CT),005000,5 GUJARATI,76,38,38,0,0,0,76,38,38
C0116,28,537,574072,Kompalle (CT),005018, Gujarati,74,37,37,0,0,0,74,37,37
C0116,28,537,574072,Kompalle (CT),005057, Saurashtra/Saurashtri,2,1,1,0,0,0,2,1,1
C0116,28,537,574072,Kompalle (CT),006000,6 HINDI ,934,501,433,0,0,0,934,501,433
C0116,28,537,574072,Kompalle (CT),006102, Bhojpuri,12,8,4,0,0,0,12,8,4
C0116,28,537,574072,Kompalle (CT),006240, Hindi,582,322,260,0,0,0,582,322,260
C0116,28,537,574072,Kompalle (CT),006353, Lamani/Lambadi,218,103,115,0,0,0,218,103,115
C0116,28,537,574072,Kompalle (CT),006400, Marwari,37,18,19,0,0,0,37,18,19
C0116,28,537,574072,Kompalle (CT),006489, Rajasthani,67,38,29,0,0,0,67,38,29
C0116,28,537,574072,Kompalle (CT),006999,6 Others,18,12,6,0,0,0,18,12,6
C0116,28,537,574072,Kompalle (CT),007000,7 KANNADA,229,121,108,0,0,0,229,121,108
C0116,28,537,574072,Kompalle (CT),007016, Kannada,229,121,108,0,0,0,229,121,108
C0116,28,537,574072,Kompalle (CT),008000,8 KASHMIRI ,4,3,1,0,0,0,4,3,1
C0116,28,537,574072,Kompalle (CT),008005, Kashmiri,4,3,1,0,0,0,4,3,1
C0116,28,537,574072,Kompalle (CT),009000,9 KONKANI,1,0,1,0,0,0,1,0,1
C0116,28,537,574072,Kompalle (CT),009011, Konkani,1,0,1,0,0,0,1,0,1
C0116,28,537,574072,Kompalle (CT),011000,11 MALAYALAM,82,48,34,0,0,0,82,48,34
C0116,28,537,574072,Kompalle (CT),011016, Malayalam,82,48,34,0,0,0,82,48,34
C0116,28,537,574072,Kompalle (CT),013000,13 MARATHI ,566,297,269,0,0,0,566,297,269
C0116,28,537,574072,Kompalle (CT),013071, Marathi,566,297,269,0,0,0,566,297,269
C0116,28,537,574072,Kompalle (CT),014000,14 NEPALI ,25,15,10,0,0,0,25,15,10
C0116,28,537,574072,Kompalle (CT),014011, Nepali,25,15,10,0,0,0,25,15,10
C0116,28,537,574072,Kompalle (CT),015000,15 ODIA ,52,29,23,0,0,0,52,29,23
C0116,28,537,574072,Kompalle (CT),015043, Odia,52,29,23,0,0,0,52,29,23
C0116,28,537,574072,Kompalle (CT),016000,16 PUNJABI ,73,36,37,0,0,0,73,36,37
C0116,28,537,574072,Kompalle (CT),016038, Punjabi,73,36,37,0,0,0,73,36,37
C0116,28,537,574072,Kompalle (CT),019000,19 SINDHI,22,12,10,0,0,0,22,12,10
C0116,28,537,574072,Kompalle (CT),019008, Kachchhi,8,4,4,0,0,0,8,4,4
C0116,28,537,574072,Kompalle (CT),019014, Sindhi,14,8,6,0,0,0,14,8,6
C0116,28,537,574072,Kompalle (CT),020000,20 TAMIL ,87,48,39,0,0,0,87,48,39
C0116,28,537,574072,Kompalle (CT),020027, Tamil,87,48,39,0,0,0,87,48,39
C0116,28,537,574072,Kompalle (CT),021000,21 TELUGU ,12503,6268,6235,0,0,0,12503,6268,6235
C0116,28,537,574072,Kompalle (CT),021046, Telugu,12503,6268,6235,0,0,0,12503,6268,6235
C0116,28,537,574072,Kompalle (CT),022000,22 URDU,817,410,407,0,0,0,817,410,407
C0116,28,537,574072,Kompalle (CT),022015, Urdu,817,410,407,0,0,0,817,410,407
C0116,28,537,574072,Kompalle (CT),030000,30 BHILI/BHILODI ,1,0,1,0,0,0,1,0,1
C0116,28,537,574072,Kompalle (CT),030035, Kokna/Kokni/Kukna,1,0,1,0,0,0,1,0,1
C0116,28,537,574072,Kompalle (CT),040000,40 ENGLISH ,30,15,15,0,0,0,30,15,15
C0116,28,537,574072,Kompalle (CT),040001, English,30,15,15,0,0,0,30,15,15
C0116,28,537,574072,Kompalle (CT),106000,106 SAVARA,1,0,1,0,0,0,1,0,1
C0116,28,537,574072,Kompalle (CT),106004, Savara,1,0,1,0,0,0,1,0,1
C0116,28,537,574072,Kompalle (CT),124000,124 OTHERS,6,3,3,0,0,0,6,3,3
C0116,28,537,574108,Medchal (CT),001000,1 ASSAMESE,12,7,5,0,0,0,12,7,5
C0116,28,537,574108,Medchal (CT),001002, Assamese,12,7,5,0,0,0,12,7,5
C0116,28,537,574108,Medchal (CT),002000,2 BENGALI ,93,53,40,0,0,0,93,53,40
C0116,28,537,574108,Medchal (CT),002007, Bengali,93,53,40,0,0,0,93,53,40
C0116,28,537,574108,Medchal (CT),003000,3 BODO ,3,2,1,0,0,0,3,2,1
C0116,28,537,574108,Medchal (CT),003001, Bodo/Boro,3,2,1,0,0,0,3,2,1
C0116,28,537,574108,Medchal (CT),005000,5 GUJARATI,77,43,34,0,0,0,77,43,34
C0116,28,537,574108,Medchal (CT),005018, Gujarati,73,41,32,0,0,0,73,41,32
C0116,28,537,574108,Medchal (CT),005999,5 Others,4,2,2,0,0,0,4,2,2
C0116,28,537,574108,Medchal (CT),006000,6 HINDI ,2470,1313,1157,0,0,0,2470,1313,1157
C0116,28,537,574108,Medchal (CT),006066, Banjari,14,8,6,0,0,0,14,8,6
C0116,28,537,574108,Medchal (CT),006102, Bhojpuri,129,65,64,0,0,0,129,65,64
C0116,28,537,574108,Medchal (CT),006240, Hindi,1812,954,858,0,0,0,1812,954,858
C0116,28,537,574108,Medchal (CT),006353, Lamani/Lambadi,250,133,117,0,0,0,250,133,117
C0116,28,537,574108,Medchal (CT),006400, Marwari,67,43,24,0,0,0,67,43,24
C0116,28,537,574108,Medchal (CT),006489, Rajasthani,119,69,50,0,0,0,119,69,50
C0116,28,537,574108,Medchal (CT),006999,6 Others,79,41,38,0,0,0,79,41,38
C0116,28,537,574108,Medchal (CT),007000,7 KANNADA,184,94,90,0,0,0,184,94,90
C0116,28,537,574108,Medchal (CT),007016, Kannada,184,94,90,0,0,0,184,94,90
C0116,28,537,574108,Medchal (CT),010000,10 MAITHILI ,28,14,14,0,0,0,28,14,14
C0116,28,537,574108,Medchal (CT),010008, Maithili,28,14,14,0,0,0,28,14,14
C0116,28,537,574108,Medchal (CT),011000,11 MALAYALAM,130,66,64,0,0,0,130,66,64
C0116,28,537,574108,Medchal (CT),011016, Malayalam,130,66,64,0,0,0,130,66,64
C0116,28,537,574108,Medchal (CT),013000,13 MARATHI ,397,198,199,0,0,0,397,198,199
C0116,28,537,574108,Medchal (CT),013071, Marathi,397,198,199,0,0,0,397,198,199
C0116,28,537,574108,Medchal (CT),014000,14 NEPALI ,91,54,37,0,0,0,91,54,37
C0116,28,537,574108,Medchal (CT),014011, Nepali,91,54,37,0,0,0,91,54,37
C0116,28,537,574108,Medchal (CT),015000,15 ODIA ,380,207,173,0,0,0,380,207,173
C0116,28,537,574108,Medchal (CT),015043, Odia,380,207,173,0,0,0,380,207,173
C0116,28,537,574108,Medchal (CT),016000,16 PUNJABI ,68,36,32,0,0,0,68,36,32
C0116,28,537,574108,Medchal (CT),016038, Punjabi,68,36,32,0,0,0,68,36,32
C0116,28,537,574108,Medchal (CT),020000,20 TAMIL ,274,139,135,0,0,0,274,139,135
C0116,28,537,574108,Medchal (CT),020027, Tamil,157,80,77,0,0,0,157,80,77
C0116,28,537,574108,Medchal (CT),020029, Yerukala/Yerukula,117,59,58,0,0,0,117,59,58
C0116,28,537,574108,Medchal (CT),021000,21 TELUGU ,28332,14252,14080,0,0,0,28332,14252,14080
C0116,28,537,574108,Medchal (CT),021046, Telugu,28332,14252,14080,0,0,0,28332,14252,14080
C0116,28,537,574108,Medchal (CT),022000,22 URDU,2923,1466,1457,0,0,0,2923,1466,1457
C0116,28,537,574108,Medchal (CT),022015, Urdu,2923,1466,1457,0,0,0,2923,1466,1457
C0116,28,537,574108,Medchal (CT),028000,28 ARABIC/ARBI ,11,7,4,0,0,0,11,7,4
C0116,28,537,574108,Medchal (CT),028001, Arabic/Arbi,11,7,4,0,0,0,11,7,4
C0116,28,537,574108,Medchal (CT),030000,30 BHILI/BHILODI ,31,14,17,0,0,0,31,14,17
C0116,28,537,574108,Medchal (CT),030066, Paradhi,3,1,2,0,0,0,3,1,2
C0116,28,537,574108,Medchal (CT),030999,30 Others,28,13,15,0,0,0,28,13,15
C0116,28,537,574108,Medchal (CT),044000,44 GONDI,11,4,7,0,0,0,11,4,7
C0116,28,537,574108,Medchal (CT),044999,44 Others,11,4,7,0,0,0,11,4,7
C0116,28,537,574108,Medchal (CT),054000,54 KHARIA ,8,3,5,0,0,0,8,3,5
C0116,28,537,574108,Medchal (CT),054005, Kharia,8,3,5,0,0,0,8,3,5
C0116,28,537,574108,Medchal (CT),069000,69 KOYA ,80,42,38,0,0,0,80,42,38
C0116,28,537,574108,Medchal (CT),069002, Koya,80,42,38,0,0,0,80,42,38
C0116,28,537,574108,Medchal (CT),124000,124 OTHERS,8,3,5,0,0,0,8,3,5
C0116,28,537,574137,Jawaharnagar (CT),001000,1 ASSAMESE,32,17,15,0,0,0,32,17,15
C0116,28,537,574137,Jawaharnagar (CT),001002, Assamese,32,17,15,0,0,0,32,17,15
C0116,28,537,574137,Jawaharnagar (CT),002000,2 BENGALI ,84,42,42,0,0,0,84,42,42
C0116,28,537,574137,Jawaharnagar (CT),002007, Bengali,84,42,42,0,0,0,84,42,42
C0116,28,537,574137,Jawaharnagar (CT),004000,4 DOGRI ,1,1,0,0,0,0,1,1,0
C0116,28,537,574137,Jawaharnagar (CT),004001, Dogri,1,1,0,0,0,0,1,1,0
C0116,28,537,574137,Jawaharnagar (CT),005000,5 GUJARATI,30,16,14,0,0,0,30,16,14
C0116,28,537,574137,Jawaharnagar (CT),005018, Gujarati,25,16,9,0,0,0,25,16,9
C0116,28,537,574137,Jawaharnagar (CT),005999,5 Others,5,0,5,0,0,0,5,0,5
C0116,28,537,574137,Jawaharnagar (CT),006000,6 HINDI ,2781,1492,1289,0,0,0,2781,1492,1289
C0116,28,537,574137,Jawaharnagar (CT),006102, Bhojpuri,60,37,23,0,0,0,60,37,23
C0116,28,537,574137,Jawaharnagar (CT),006235, Haryanvi,1,1,0,0,0,0,1,1,0
C0116,28,537,574137,Jawaharnagar (CT),006240, Hindi,2378,1281,1097,0,0,0,2378,1281,1097
C0116,28,537,574137,Jawaharnagar (CT),006353, Lamani/Lambadi,199,97,102,0,0,0,199,97,102
C0116,28,537,574137,Jawaharnagar (CT),006358, Lodhi,34,18,16,0,0,0,34,18,16
C0116,28,537,574137,Jawaharnagar (CT),006400, Marwari,52,26,26,0,0,0,52,26,26
C0116,28,537,574137,Jawaharnagar (CT),006489, Rajasthani,15,9,6,0,0,0,15,9,6
C0116,28,537,574137,Jawaharnagar (CT),006999,6 Others,42,23,19,0,0,0,42,23,19
C0116,28,537,574137,Jawaharnagar (CT),007000,7 KANNADA,426,230,196,0,0,0,426,230,196
C0116,28,537,574137,Jawaharnagar (CT),007016, Kannada,426,230,196,0,0,0,426,230,196
C0116,28,537,574137,Jawaharnagar (CT),009000,9 KONKANI,1,0,1,0,0,0,1,0,1
C0116,28,537,574137,Jawaharnagar (CT),009011, Konkani,1,0,1,0,0,0,1,0,1
C0116,28,537,574137,Jawaharnagar (CT),010000,10 MAITHILI ,10,5,5,0,0,0,10,5,5
C0116,28,537,574137,Jawaharnagar (CT),010008, Maithili,10,5,5,0,0,0,10,5,5
C0116,28,537,574137,Jawaharnagar (CT),011000,11 MALAYALAM,142,81,61,0,0,0,142,81,61
C0116,28,537,574137,Jawaharnagar (CT),011016, Malayalam,142,81,61,0,0,0,142,81,61
C0116,28,537,574137,Jawaharnagar (CT),012000,12 MANIPURI ,5,3,2,0,0,0,5,3,2
C0116,28,537,574137,Jawaharnagar (CT),012003, Manipuri,5,3,2,0,0,0,5,3,2
C0116,28,537,574137,Jawaharnagar (CT),013000,13 MARATHI ,665,371,294,0,0,0,665,371,294
C0116,28,537,574137,Jawaharnagar (CT),013071, Marathi,665,371,294,0,0,0,665,371,294
C0116,28,537,574137,Jawaharnagar (CT),014000,14 NEPALI ,27,15,12,0,0,0,27,15,12
C0116,28,537,574137,Jawaharnagar (CT),014011, Nepali,27,15,12,0,0,0,27,15,12
C0116,28,537,574137,Jawaharnagar (CT),015000,15 ODIA ,163,86,77,0,0,0,163,86,77
C0116,28,537,574137,Jawaharnagar (CT),015043, Odia,163,86,77,0,0,0,163,86,77
C0116,28,537,574137,Jawaharnagar (CT),016000,16 PUNJABI ,27,14,13,0,0,0,27,14,13
C0116,28,537,574137,Jawaharnagar (CT),016038, Punjabi,27,14,13,0,0,0,27,14,13
C0116,28,537,574137,Jawaharnagar (CT),019000,19 SINDHI,4,3,1,0,0,0,4,3,1
C0116,28,537,574137,Jawaharnagar (CT),019014, Sindhi,4,3,1,0,0,0,4,3,1
C0116,28,537,574137,Jawaharnagar (CT),020000,20 TAMIL ,968,496,472,0,0,0,968,496,472
C0116,28,537,574137,Jawaharnagar (CT),020027, Tamil,930,475,455,0,0,0,930,475,455
C0116,28,537,574137,Jawaharnagar (CT),020029, Yerukala/Yerukula,38,21,17,0,0,0,38,21,17
C0116,28,537,574137,Jawaharnagar (CT),021000,21 TELUGU ,36149,18283,17866,0,0,0,36149,18283,17866
C0116,28,537,574137,Jawaharnagar (CT),021046, Telugu,36149,18283,17866,0,0,0,36149,18283,17866
C0116,28,537,574137,Jawaharnagar (CT),022000,22 URDU,3041,1568,1473,0,0,0,3041,1568,1473
C0116,28,537,574137,Jawaharnagar (CT),022015, Urdu,3041,1568,1473,0,0,0,3041,1568,1473
C0116,28,537,574137,Jawaharnagar (CT),040000,40 ENGLISH ,2,1,1,0,0,0,2,1,1
C0116,28,537,574137,Jawaharnagar (CT),040001, English,2,1,1,0,0,0,2,1,1
C0116,28,537,574137,Jawaharnagar (CT),124000,124 OTHERS,4,4,0,0,0,0,4,4,0
C0116,28,537,574150,Nagaram (CT),002000,2 BENGALI ,67,26,41,0,0,0,67,26,41
C0116,28,537,574150,Nagaram (CT),002007, Bengali,67,26,41,0,0,0,67,26,41
C0116,28,537,574150,Nagaram (CT),005000,5 GUJARATI,42,21,21,0,0,0,42,21,21
C0116,28,537,574150,Nagaram (CT),005018, Gujarati,40,20,20,0,0,0,40,20,20
C0116,28,537,574150,Nagaram (CT),005999,5 Others,2,1,1,0,0,0,2,1,1
C0116,28,537,574150,Nagaram (CT),006000,6 HINDI ,1354,718,636,0,0,0,1354,718,636
C0116,28,537,574150,Nagaram (CT),006102, Bhojpuri,43,35,8,0,0,0,43,35,8
C0116,28,537,574150,Nagaram (CT),006235, Haryanvi,1,0,1,0,0,0,1,0,1
C0116,28,537,574150,Nagaram (CT),006240, Hindi,900,466,434,0,0,0,900,466,434
C0116,28,537,574150,Nagaram (CT),006353, Lamani/Lambadi,261,139,122,0,0,0,261,139,122
C0116,28,537,574150,Nagaram (CT),006400, Marwari,74,43,31,0,0,0,74,43,31
C0116,28,537,574150,Nagaram (CT),006489, Rajasthani,61,30,31,0,0,0,61,30,31
C0116,28,537,574150,Nagaram (CT),006541, Sugali,9,5,4,0,0,0,9,5,4
C0116,28,537,574150,Nagaram (CT),006999,6 Others,5,0,5,0,0,0,5,0,5
C0116,28,537,574150,Nagaram (CT),007000,7 KANNADA,244,116,128,0,0,0,244,116,128
C0116,28,537,574150,Nagaram (CT),007016, Kannada,242,114,128,0,0,0,242,114,128
C0116,28,537,574150,Nagaram (CT),007999,7 Others,2,2,0,0,0,0,2,2,0
C0116,28,537,574150,Nagaram (CT),011000,11 MALAYALAM,323,157,166,0,0,0,323,157,166
C0116,28,537,574150,Nagaram (CT),011016, Malayalam,323,157,166,0,0,0,323,157,166
C0116,28,537,574150,Nagaram (CT),013000,13 MARATHI ,335,175,160,0,0,0,335,175,160
C0116,28,537,574150,Nagaram (CT),013071, Marathi,335,175,160,0,0,0,335,175,160
C0116,28,537,574150,Nagaram (CT),014000,14 NEPALI ,25,10,15,0,0,0,25,10,15
C0116,28,537,574150,Nagaram (CT),014011, Nepali,25,10,15,0,0,0,25,10,15
C0116,28,537,574150,Nagaram (CT),015000,15 ODIA ,85,50,35,0,0,0,85,50,35
C0116,28,537,574150,Nagaram (CT),015043, Odia,85,50,35,0,0,0,85,50,35
C0116,28,537,574150,Nagaram (CT),016000,16 PUNJABI ,24,13,11,0,0,0,24,13,11
C0116,28,537,574150,Nagaram (CT),016038, Punjabi,24,13,11,0,0,0,24,13,11
C0116,28,537,574150,Nagaram (CT),017000,17 SANSKRIT ,3,2,1,0,0,0,3,2,1
C0116,28,537,574150,Nagaram (CT),017002, Sanskrit,3,2,1,0,0,0,3,2,1
C0116,28,537,574150,Nagaram (CT),020000,20 TAMIL ,432,217,215,0,0,0,432,217,215
C0116,28,537,574150,Nagaram (CT),020027, Tamil,415,210,205,0,0,0,415,210,205
C0116,28,537,574150,Nagaram (CT),020029, Yerukala/Yerukula,17,7,10,0,0,0,17,7,10
C0116,28,537,574150,Nagaram (CT),021000,21 TELUGU ,26233,13316,12917,0,0,0,26233,13316,12917
C0116,28,537,574150,Nagaram (CT),021046, Telugu,26233,13316,12917,0,0,0,26233,13316,12917
C0116,28,537,574150,Nagaram (CT),022000,22 URDU,1294,661,633,0,0,0,1294,661,633
C0116,28,537,574150,Nagaram (CT),022015, Urdu,1294,661,633,0,0,0,1294,661,633
C0116,28,537,574150,Nagaram (CT),040000,40 ENGLISH ,35,20,15,0,0,0,35,20,15
C0116,28,537,574150,Nagaram (CT),040001, English,35,20,15,0,0,0,35,20,15
C0116,28,537,574150,Nagaram (CT),117000,117 TULU ,6,2,4,0,0,0,6,2,4
C0116,28,537,574150,Nagaram (CT),117009, Tulu,6,2,4,0,0,0,6,2,4
C0116,28,537,574170,Ghatkesar (CT),002000,2 BENGALI ,16,8,8,0,0,0,16,8,8
C0116,28,537,574170,Ghatkesar (CT),002007, Bengali,16,8,8,0,0,0,16,8,8
C0116,28,537,574170,Ghatkesar (CT),005000,5 GUJARATI,42,19,23,0,0,0,42,19,23
C0116,28,537,574170,Ghatkesar (CT),005018, Gujarati,42,19,23,0,0,0,42,19,23
C0116,28,537,574170,Ghatkesar (CT),006000,6 HINDI ,695,380,315,0,0,0,695,380,315
C0116,28,537,574170,Ghatkesar (CT),006066, Banjari,2,1,1,0,0,0,2,1,1
C0116,28,537,574170,Ghatkesar (CT),006102, Bhojpuri,12,4,8,0,0,0,12,4,8
C0116,28,537,574170,Ghatkesar (CT),006240, Hindi,645,351,294,0,0,0,645,351,294
C0116,28,537,574170,Ghatkesar (CT),006353, Lamani/Lambadi,25,16,9,0,0,0,25,16,9
C0116,28,537,574170,Ghatkesar (CT),006400, Marwari,5,4,1,0,0,0,5,4,1
C0116,28,537,574170,Ghatkesar (CT),006489, Rajasthani,6,4,2,0,0,0,6,4,2
C0116,28,537,574170,Ghatkesar (CT),007000,7 KANNADA,52,28,24,0,0,0,52,28,24
C0116,28,537,574170,Ghatkesar (CT),007016, Kannada,52,28,24,0,0,0,52,28,24
C0116,28,537,574170,Ghatkesar (CT),010000,10 MAITHILI ,5,2,3,0,0,0,5,2,3
C0116,28,537,574170,Ghatkesar (CT),010008, Maithili,5,2,3,0,0,0,5,2,3
C0116,28,537,574170,Ghatkesar (CT),011000,11 MALAYALAM,85,42,43,0,0,0,85,42,43
C0116,28,537,574170,Ghatkesar (CT),011016, Malayalam,85,42,43,0,0,0,85,42,43
C0116,28,537,574170,Ghatkesar (CT),013000,13 MARATHI ,99,53,46,0,0,0,99,53,46
C0116,28,537,574170,Ghatkesar (CT),013071, Marathi,99,53,46,0,0,0,99,53,46
C0116,28,537,574170,Ghatkesar (CT),014000,14 NEPALI ,27,19,8,0,0,0,27,19,8
C0116,28,537,574170,Ghatkesar (CT),014011, Nepali,27,19,8,0,0,0,27,19,8
C0116,28,537,574170,Ghatkesar (CT),015000,15 ODIA ,34,19,15,0,0,0,34,19,15
C0116,28,537,574170,Ghatkesar (CT),015043, Odia,34,19,15,0,0,0,34,19,15
C0116,28,537,574170,Ghatkesar (CT),016000,16 PUNJABI ,13,7,6,0,0,0,13,7,6
C0116,28,537,574170,Ghatkesar (CT),016038, Punjabi,13,7,6,0,0,0,13,7,6
C0116,28,537,574170,Ghatkesar (CT),020000,20 TAMIL ,59,30,29,0,0,0,59,30,29
C0116,28,537,574170,Ghatkesar (CT),020027, Tamil,59,30,29,0,0,0,59,30,29
C0116,28,537,574170,Ghatkesar (CT),021000,21 TELUGU ,16009,8245,7764,0,0,0,16009,8245,7764
C0116,28,537,574170,Ghatkesar (CT),021046, Telugu,16009,8245,7764,0,0,0,16009,8245,7764
C0116,28,537,574170,Ghatkesar (CT),022000,22 URDU,2580,1295,1285,0,0,0,2580,1295,1285
C0116,28,537,574170,Ghatkesar (CT),022015, Urdu,2580,1295,1285,0,0,0,2580,1295,1285
C0116,28,537,574170,Ghatkesar (CT),030000,30 BHILI/BHILODI ,13,6,7,0,0,0,13,6,7
C0116,28,537,574170,Ghatkesar (CT),030066, Paradhi,13,6,7,0,0,0,13,6,7
C0116,28,537,574170,Ghatkesar (CT),040000,40 ENGLISH ,17,6,11,0,0,0,17,6,11
C0116,28,537,574170,Ghatkesar (CT),040001, English,17,6,11,0,0,0,17,6,11
C0116,28,537,574170,Ghatkesar (CT),124000,124 OTHERS,17,8,9,0,0,0,17,8,9
C0116,28,537,574171,Boduppal (CT),001000,1 ASSAMESE,11,5,6,0,0,0,11,5,6
C0116,28,537,574171,Boduppal (CT),001002, Assamese,11,5,6,0,0,0,11,5,6
C0116,28,537,574171,Boduppal (CT),002000,2 BENGALI ,36,22,14,0,0,0,36,22,14
C0116,28,537,574171,Boduppal (CT),002007, Bengali,36,22,14,0,0,0,36,22,14
C0116,28,537,574171,Boduppal (CT),005000,5 GUJARATI,7,3,4,0,0,0,7,3,4
C0116,28,537,574171,Boduppal (CT),005018, Gujarati,7,3,4,0,0,0,7,3,4
C0116,28,537,574171,Boduppal (CT),006000,6 HINDI ,1750,888,862,0,0,0,1750,888,862
C0116,28,537,574171,Boduppal (CT),006066, Banjari,6,2,4,0,0,0,6,2,4
C0116,28,537,574171,Boduppal (CT),006102, Bhojpuri,16,9,7,0,0,0,16,9,7
C0116,28,537,574171,Boduppal (CT),006195, Garhwali,6,3,3,0,0,0,6,3,3
C0116,28,537,574171,Boduppal (CT),006240, Hindi,1048,545,503,0,0,0,1048,545,503
C0116,28,537,574171,Boduppal (CT),006353, Lamani/Lambadi,560,272,288,0,0,0,560,272,288
C0116,28,537,574171,Boduppal (CT),006400, Marwari,95,49,46,0,0,0,95,49,46
C0116,28,537,574171,Boduppal (CT),006489, Rajasthani,8,4,4,0,0,0,8,4,4
C0116,28,537,574171,Boduppal (CT),006541, Sugali,4,0,4,0,0,0,4,0,4
C0116,28,537,574171,Boduppal (CT),006999,6 Others,7,4,3,0,0,0,7,4,3
C0116,28,537,574171,Boduppal (CT),007000,7 KANNADA,291,141,150,0,0,0,291,141,150
C0116,28,537,574171,Boduppal (CT),007016, Kannada,291,141,150,0,0,0,291,141,150
C0116,28,537,574171,Boduppal (CT),009000,9 KONKANI,15,7,8,0,0,0,15,7,8
C0116,28,537,574171,Boduppal (CT),009011, Konkani,15,7,8,0,0,0,15,7,8
C0116,28,537,574171,Boduppal (CT),010000,10 MAITHILI ,16,11,5,0,0,0,16,11,5
C0116,28,537,574171,Boduppal (CT),010008, Maithili,16,11,5,0,0,0,16,11,5
C0116,28,537,574171,Boduppal (CT),011000,11 MALAYALAM,172,88,84,0,0,0,172,88,84
C0116,28,537,574171,Boduppal (CT),011016, Malayalam,172,88,84,0,0,0,172,88,84
C0116,28,537,574171,Boduppal (CT),013000,13 MARATHI ,445,232,213,0,0,0,445,232,213
C0116,28,537,574171,Boduppal (CT),013071, Marathi,445,232,213,0,0,0,445,232,213
C0116,28,537,574171,Boduppal (CT),014000,14 NEPALI ,19,11,8,0,0,0,19,11,8
C0116,28,537,574171,Boduppal (CT),014011, Nepali,19,11,8,0,0,0,19,11,8
C0116,28,537,574171,Boduppal (CT),015000,15 ODIA ,25,14,11,0,0,0,25,14,11
C0116,28,537,574171,Boduppal (CT),015043, Odia,25,14,11,0,0,0,25,14,11
C0116,28,537,574171,Boduppal (CT),016000,16 PUNJABI ,10,6,4,0,0,0,10,6,4
C0116,28,537,574171,Boduppal (CT),016038, Punjabi,10,6,4,0,0,0,10,6,4
C0116,28,537,574171,Boduppal (CT),017000,17 SANSKRIT ,3,2,1,0,0,0,3,2,1
C0116,28,537,574171,Boduppal (CT),017002, Sanskrit,3,2,1,0,0,0,3,2,1
C0116,28,537,574171,Boduppal (CT),019000,19 SINDHI,16,8,8,0,0,0,16,8,8
C0116,28,537,574171,Boduppal (CT),019014, Sindhi,16,8,8,0,0,0,16,8,8
C0116,28,537,574171,Boduppal (CT),020000,20 TAMIL ,248,121,127,0,0,0,248,121,127
C0116,28,537,574171,Boduppal (CT),020027, Tamil,226,106,120,0,0,0,226,106,120
C0116,28,537,574171,Boduppal (CT),020029, Yerukala/Yerukula,17,11,6,0,0,0,17,11,6
C0116,28,537,574171,Boduppal (CT),020999,20 Others,5,4,1,0,0,0,5,4,1
C0116,28,537,574171,Boduppal (CT),021000,21 TELUGU ,39224,19962,19262,0,0,0,39224,19962,19262
C0116,28,537,574171,Boduppal (CT),021046, Telugu,39224,19962,19262,0,0,0,39224,19962,19262
C0116,28,537,574171,Boduppal (CT),022000,22 URDU,1375,715,660,0,0,0,1375,715,660
C0116,28,537,574171,Boduppal (CT),022015, Urdu,1375,715,660,0,0,0,1375,715,660
C0116,28,537,574171,Boduppal (CT),040000,40 ENGLISH ,25,17,8,0,0,0,25,17,8
C0116,28,537,574171,Boduppal (CT),040001, English,25,17,8,0,0,0,25,17,8
C0116,28,537,574171,Boduppal (CT),117000,117 TULU ,1,0,1,0,0,0,1,0,1
C0116,28,537,574171,Boduppal (CT),117009, Tulu,1,0,1,0,0,0,1,0,1
C0116,28,537,574171,Boduppal (CT),124000,124 OTHERS,3,2,1,0,0,0,3,2,1
C0116,28,537,574172,Medipalle (CT),002000,2 BENGALI ,9,5,4,0,0,0,9,5,4
C0116,28,537,574172,Medipalle (CT),002007, Bengali,9,5,4,0,0,0,9,5,4
C0116,28,537,574172,Medipalle (CT),005000,5 GUJARATI,5,2,3,0,0,0,5,2,3
C0116,28,537,574172,Medipalle (CT),005018, Gujarati,5,2,3,0,0,0,5,2,3
C0116,28,537,574172,Medipalle (CT),006000,6 HINDI ,675,360,315,0,0,0,675,360,315
C0116,28,537,574172,Medipalle (CT),006066, Banjari,3,1,2,0,0,0,3,1,2
C0116,28,537,574172,Medipalle (CT),006240, Hindi,210,114,96,0,0,0,210,114,96
C0116,28,537,574172,Medipalle (CT),006353, Lamani/Lambadi,403,209,194,0,0,0,403,209,194
C0116,28,537,574172,Medipalle (CT),006400, Marwari,44,28,16,0,0,0,44,28,16
C0116,28,537,574172,Medipalle (CT),006489, Rajasthani,15,8,7,0,0,0,15,8,7
C0116,28,537,574172,Medipalle (CT),007000,7 KANNADA,12,5,7,0,0,0,12,5,7
C0116,28,537,574172,Medipalle (CT),007016, Kannada,12,5,7,0,0,0,12,5,7
C0116,28,537,574172,Medipalle (CT),009000,9 KONKANI,1,1,0,0,0,0,1,1,0
C0116,28,537,574172,Medipalle (CT),009011, Konkani,1,1,0,0,0,0,1,1,0
C0116,28,537,574172,Medipalle (CT),011000,11 MALAYALAM,12,3,9,0,0,0,12,3,9
C0116,28,537,574172,Medipalle (CT),011016, Malayalam,12,3,9,0,0,0,12,3,9
C0116,28,537,574172,Medipalle (CT),013000,13 MARATHI ,46,23,23,0,0,0,46,23,23
C0116,28,537,574172,Medipalle (CT),013071, Marathi,46,23,23,0,0,0,46,23,23
C0116,28,537,574172,Medipalle (CT),020000,20 TAMIL ,109,48,61,0,0,0,109,48,61
C0116,28,537,574172,Medipalle (CT),020027, Tamil,42,18,24,0,0,0,42,18,24
C0116,28,537,574172,Medipalle (CT),020029, Yerukala/Yerukula,67,30,37,0,0,0,67,30,37
C0116,28,537,574172,Medipalle (CT),021000,21 TELUGU ,9521,4793,4728,0,0,0,9521,4793,4728
C0116,28,537,574172,Medipalle (CT),021046, Telugu,9521,4793,4728,0,0,0,9521,4793,4728
C0116,28,537,574172,Medipalle (CT),022000,22 URDU,397,210,187,0,0,0,397,210,187
C0116,28,537,574172,Medipalle (CT),022015, Urdu,397,210,187,0,0,0,397,210,187
C0116,28,537,574173,Peerzadguda (CT),002000,2 BENGALI ,32,18,14,0,0,0,32,18,14
C0116,28,537,574173,Peerzadguda (CT),002007, Bengali,32,18,14,0,0,0,32,18,14
C0116,28,537,574173,Peerzadguda (CT),005000,5 GUJARATI,8,4,4,0,0,0,8,4,4
C0116,28,537,574173,Peerzadguda (CT),005018, Gujarati,7,4,3,0,0,0,7,4,3
C0116,28,537,574173,Peerzadguda (CT),005999,5 Others,1,0,1,0,0,0,1,0,1
C0116,28,537,574173,Peerzadguda (CT),006000,6 HINDI ,1041,553,488,0,0,0,1041,553,488
C0116,28,537,574173,Peerzadguda (CT),006066, Banjari,14,8,6,0,0,0,14,8,6
C0116,28,537,574173,Peerzadguda (CT),006102, Bhojpuri,32,15,17,0,0,0,32,15,17
C0116,28,537,574173,Peerzadguda (CT),006240, Hindi,556,306,250,0,0,0,556,306,250
C0116,28,537,574173,Peerzadguda (CT),006353, Lamani/Lambadi,352,177,175,0,0,0,352,177,175
C0116,28,537,574173,Peerzadguda (CT),006400, Marwari,51,26,25,0,0,0,51,26,25
C0116,28,537,574173,Peerzadguda (CT),006489, Rajasthani,27,15,12,0,0,0,27,15,12
C0116,28,537,574173,Peerzadguda (CT),006999,6 Others,9,6,3,0,0,0,9,6,3
C0116,28,537,574173,Peerzadguda (CT),007000,7 KANNADA,97,43,54,0,0,0,97,43,54
C0116,28,537,574173,Peerzadguda (CT),007016, Kannada,97,43,54,0,0,0,97,43,54
C0116,28,537,574173,Peerzadguda (CT),009000,9 KONKANI,7,3,4,0,0,0,7,3,4
C0116,28,537,574173,Peerzadguda (CT),009011, Konkani,7,3,4,0,0,0,7,3,4
C0116,28,537,574173,Peerzadguda (CT),011000,11 MALAYALAM,36,15,21,0,0,0,36,15,21
C0116,28,537,574173,Peerzadguda (CT),011016, Malayalam,36,15,21,0,0,0,36,15,21
C0116,28,537,574173,Peerzadguda (CT),013000,13 MARATHI ,256,135,121,0,0,0,256,135,121
C0116,28,537,574173,Peerzadguda (CT),013071, Marathi,256,135,121,0,0,0,256,135,121
C0116,28,537,574173,Peerzadguda (CT),014000,14 NEPALI ,10,6,4,0,0,0,10,6,4
C0116,28,537,574173,Peerzadguda (CT),014011, Nepali,10,6,4,0,0,0,10,6,4
C0116,28,537,574173,Peerzadguda (CT),015000,15 ODIA ,52,36,16,0,0,0,52,36,16
C0116,28,537,574173,Peerzadguda (CT),015043, Odia,52,36,16,0,0,0,52,36,16
C0116,28,537,574173,Peerzadguda (CT),016000,16 PUNJABI ,3,2,1,0,0,0,3,2,1
C0116,28,537,574173,Peerzadguda (CT),016038, Punjabi,3,2,1,0,0,0,3,2,1
C0116,28,537,574173,Peerzadguda (CT),019000,19 SINDHI,6,4,2,0,0,0,6,4,2
C0116,28,537,574173,Peerzadguda (CT),019014, Sindhi,6,4,2,0,0,0,6,4,2
C0116,28,537,574173,Peerzadguda (CT),020000,20 TAMIL ,133,71,62,0,0,0,133,71,62
C0116,28,537,574173,Peerzadguda (CT),020027, Tamil,110,56,54,0,0,0,110,56,54
C0116,28,537,574173,Peerzadguda (CT),020029, Yerukala/Yerukula,23,15,8,0,0,0,23,15,8
C0116,28,537,574173,Peerzadguda (CT),021000,21 TELUGU ,28835,14579,14256,0,0,0,28835,14579,14256
C0116,28,537,574173,Peerzadguda (CT),021046, Telugu,28835,14579,14256,0,0,0,28835,14579,14256
C0116,28,537,574173,Peerzadguda (CT),022000,22 URDU,2052,1042,1010,0,0,0,2052,1042,1010
C0116,28,537,574173,Peerzadguda (CT),022015, Urdu,2052,1042,1010,0,0,0,2052,1042,1010
C0116,28,537,574173,Peerzadguda (CT),030000,30 BHILI/BHILODI ,13,6,7,0,0,0,13,6,7
C0116,28,537,574173,Peerzadguda (CT),030066, Paradhi,1,0,1,0,0,0,1,0,1
C0116,28,537,574173,Peerzadguda (CT),030999,30 Others,12,6,6,0,0,0,12,6,6
C0116,28,537,574173,Peerzadguda (CT),040000,40 ENGLISH ,3,2,1,0,0,0,3,2,1
C0116,28,537,574173,Peerzadguda (CT),040001, English,3,2,1,0,0,0,3,2,1
C0116,28,537,574173,Peerzadguda (CT),124000,124 OTHERS,2,2,0,0,0,0,2,2,0
C0116,28,537,574202,Turkayamjal (CT),002000,2 BENGALI ,5,3,2,0,0,0,5,3,2
C0116,28,537,574202,Turkayamjal (CT),002007, Bengali,5,3,2,0,0,0,5,3,2
C0116,28,537,574202,Turkayamjal (CT),005000,5 GUJARATI,13,9,4,0,0,0,13,9,4
C0116,28,537,574202,Turkayamjal (CT),005018, Gujarati,8,5,3,0,0,0,8,5,3
C0116,28,537,574202,Turkayamjal (CT),005999,5 Others,5,4,1,0,0,0,5,4,1
C0116,28,537,574202,Turkayamjal (CT),006000,6 HINDI ,1313,676,637,0,0,0,1313,676,637
C0116,28,537,574202,Turkayamjal (CT),006066, Banjari,299,146,153,0,0,0,299,146,153
C0116,28,537,574202,Turkayamjal (CT),006240, Hindi,106,63,43,0,0,0,106,63,43
C0116,28,537,574202,Turkayamjal (CT),006353, Lamani/Lambadi,878,449,429,0,0,0,878,449,429
C0116,28,537,574202,Turkayamjal (CT),006400, Marwari,14,8,6,0,0,0,14,8,6
C0116,28,537,574202,Turkayamjal (CT),006489, Rajasthani,12,7,5,0,0,0,12,7,5
C0116,28,537,574202,Turkayamjal (CT),006999,6 Others,4,3,1,0,0,0,4,3,1
C0116,28,537,574202,Turkayamjal (CT),007000,7 KANNADA,28,15,13,0,0,0,28,15,13
C0116,28,537,574202,Turkayamjal (CT),007016, Kannada,28,15,13,0,0,0,28,15,13
C0116,28,537,574202,Turkayamjal (CT),011000,11 MALAYALAM,17,8,9,0,0,0,17,8,9
C0116,28,537,574202,Turkayamjal (CT),011016, Malayalam,17,8,9,0,0,0,17,8,9
C0116,28,537,574202,Turkayamjal (CT),013000,13 MARATHI ,185,91,94,0,0,0,185,91,94
C0116,28,537,574202,Turkayamjal (CT),013071, Marathi,185,91,94,0,0,0,185,91,94
C0116,28,537,574202,Turkayamjal (CT),014000,14 NEPALI ,11,5,6,0,0,0,11,5,6
C0116,28,537,574202,Turkayamjal (CT),014011, Nepali,11,5,6,0,0,0,11,5,6
C0116,28,537,574202,Turkayamjal (CT),015000,15 ODIA ,14,8,6,0,0,0,14,8,6
C0116,28,537,574202,Turkayamjal (CT),015043, Odia,14,8,6,0,0,0,14,8,6
C0116,28,537,574202,Turkayamjal (CT),019000,19 SINDHI,1,1,0,0,0,0,1,1,0
C0116,28,537,574202,Turkayamjal (CT),019014, Sindhi,1,1,0,0,0,0,1,1,0
C0116,28,537,574202,Turkayamjal (CT),020000,20 TAMIL ,600,301,299,0,0,0,600,301,299
C0116,28,537,574202,Turkayamjal (CT),020027, Tamil,599,300,299,0,0,0,599,300,299
C0116,28,537,574202,Turkayamjal (CT),020029, Yerukala/Yerukula,1,1,0,0,0,0,1,1,0
C0116,28,537,574202,Turkayamjal (CT),021000,21 TELUGU ,13004,6618,6386,0,0,0,13004,6618,6386
C0116,28,537,574202,Turkayamjal (CT),021046, Telugu,13004,6618,6386,0,0,0,13004,6618,6386
C0116,28,537,574202,Turkayamjal (CT),022000,22 URDU,475,237,238,0,0,0,475,237,238
C0116,28,537,574202,Turkayamjal (CT),022015, Urdu,475,237,238,0,0,0,475,237,238
C0116,28,537,574202,Turkayamjal (CT),040000,40 ENGLISH ,18,9,9,0,0,0,18,9,9
C0116,28,537,574202,Turkayamjal (CT),040001, English,18,9,9,0,0,0,18,9,9
C0116,28,537,574202,Turkayamjal (CT),124000,124 OTHERS,5,3,2,0,0,0,5,3,2
C0116,28,537,574203,Omerkhan Daira (CT),002000,2 BENGALI ,91,52,39,0,0,0,91,52,39
C0116,28,537,574203,Omerkhan Daira (CT),002007, Bengali,91,52,39,0,0,0,91,52,39
C0116,28,537,574203,Omerkhan Daira (CT),005000,5 GUJARATI,1,0,1,0,0,0,1,0,1
C0116,28,537,574203,Omerkhan Daira (CT),005018, Gujarati,1,0,1,0,0,0,1,0,1
C0116,28,537,574203,Omerkhan Daira (CT),006000,6 HINDI ,575,318,257,0,0,0,575,318,257
C0116,28,537,574203,Omerkhan Daira (CT),006102, Bhojpuri,23,13,10,0,0,0,23,13,10
C0116,28,537,574203,Omerkhan Daira (CT),006240, Hindi,530,294,236,0,0,0,530,294,236
C0116,28,537,574203,Omerkhan Daira (CT),006400, Marwari,14,7,7,0,0,0,14,7,7
C0116,28,537,574203,Omerkhan Daira (CT),006999,6 Others,8,4,4,0,0,0,8,4,4
C0116,28,537,574203,Omerkhan Daira (CT),007000,7 KANNADA,130,68,62,0,0,0,130,68,62
C0116,28,537,574203,Omerkhan Daira (CT),007016, Kannada,130,68,62,0,0,0,130,68,62
C0116,28,537,574203,Omerkhan Daira (CT),010000,10 MAITHILI ,8,3,5,0,0,0,8,3,5
C0116,28,537,574203,Omerkhan Daira (CT),010008, Maithili,8,3,5,0,0,0,8,3,5
C0116,28,537,574203,Omerkhan Daira (CT),011000,11 MALAYALAM,41,19,22,0,0,0,41,19,22
C0116,28,537,574203,Omerkhan Daira (CT),011016, Malayalam,41,19,22,0,0,0,41,19,22
C0116,28,537,574203,Omerkhan Daira (CT),013000,13 MARATHI ,1410,743,667,0,0,0,1410,743,667
C0116,28,537,574203,Omerkhan Daira (CT),013071, Marathi,1410,743,667,0,0,0,1410,743,667
C0116,28,537,574203,Omerkhan Daira (CT),015000,15 ODIA ,181,122,59,0,0,0,181,122,59
C0116,28,537,574203,Omerkhan Daira (CT),015043, Odia,181,122,59,0,0,0,181,122,59
C0116,28,537,574203,Omerkhan Daira (CT),016000,16 PUNJABI ,1,1,0,0,0,0,1,1,0
C0116,28,537,574203,Omerkhan Daira (CT),016038, Punjabi,1,1,0,0,0,0,1,1,0
C0116,28,537,574203,Omerkhan Daira (CT),020000,20 TAMIL ,54,24,30,0,0,0,54,24,30
C0116,28,537,574203,Omerkhan Daira (CT),020027, Tamil,54,24,30,0,0,0,54,24,30
C0116,28,537,574203,Omerkhan Daira (CT),021000,21 TELUGU ,2661,1419,1242,0,0,0,2661,1419,1242
C0116,28,537,574203,Omerkhan Daira (CT),021046, Telugu,2661,1419,1242,0,0,0,2661,1419,1242
C0116,28,537,574203,Omerkhan Daira (CT),022000,22 URDU,196,92,104,0,0,0,196,92,104
C0116,28,537,574203,Omerkhan Daira (CT),022015, Urdu,196,92,104,0,0,0,196,92,104
C0116,28,537,574213,Jillalguda (CT),002000,2 BENGALI ,29,17,12,0,0,0,29,17,12
C0116,28,537,574213,Jillalguda (CT),002007, Bengali,29,17,12,0,0,0,29,17,12
C0116,28,537,574213,Jillalguda (CT),005000,5 GUJARATI,71,38,33,0,0,0,71,38,33
C0116,28,537,574213,Jillalguda (CT),005018, Gujarati,66,35,31,0,0,0,66,35,31
C0116,28,537,574213,Jillalguda (CT),005999,5 Others,5,3,2,0,0,0,5,3,2
C0116,28,537,574213,Jillalguda (CT),006000,6 HINDI ,1996,1048,948,0,0,0,1996,1048,948
C0116,28,537,574213,Jillalguda (CT),006102, Bhojpuri,1,1,0,0,0,0,1,1,0
C0116,28,537,574213,Jillalguda (CT),006240, Hindi,630,326,304,0,0,0,630,326,304
C0116,28,537,574213,Jillalguda (CT),006353, Lamani/Lambadi,1293,686,607,0,0,0,1293,686,607
C0116,28,537,574213,Jillalguda (CT),006400, Marwari,58,31,27,0,0,0,58,31,27
C0116,28,537,574213,Jillalguda (CT),006489, Rajasthani,14,4,10,0,0,0,14,4,10
C0116,28,537,574213,Jillalguda (CT),007000,7 KANNADA,184,99,85,0,0,0,184,99,85
C0116,28,537,574213,Jillalguda (CT),007016, Kannada,184,99,85,0,0,0,184,99,85
C0116,28,537,574213,Jillalguda (CT),009000,9 KONKANI,3,2,1,0,0,0,3,2,1
C0116,28,537,574213,Jillalguda (CT),009011, Konkani,3,2,1,0,0,0,3,2,1
C0116,28,537,574213,Jillalguda (CT),011000,11 MALAYALAM,108,52,56,0,0,0,108,52,56
C0116,28,537,574213,Jillalguda (CT),011016, Malayalam,108,52,56,0,0,0,108,52,56
C0116,28,537,574213,Jillalguda (CT),013000,13 MARATHI ,219,118,101,0,0,0,219,118,101
C0116,28,537,574213,Jillalguda (CT),013071, Marathi,219,118,101,0,0,0,219,118,101
C0116,28,537,574213,Jillalguda (CT),014000,14 NEPALI ,6,4,2,0,0,0,6,4,2
C0116,28,537,574213,Jillalguda (CT),014011, Nepali,6,4,2,0,0,0,6,4,2
C0116,28,537,574213,Jillalguda (CT),015000,15 ODIA ,12,5,7,0,0,0,12,5,7
C0116,28,537,574213,Jillalguda (CT),015043, Odia,12,5,7,0,0,0,12,5,7
C0116,28,537,574213,Jillalguda (CT),016000,16 PUNJABI ,22,9,13,0,0,0,22,9,13
C0116,28,537,574213,Jillalguda (CT),016038, Punjabi,22,9,13,0,0,0,22,9,13
C0116,28,537,574213,Jillalguda (CT),019000,19 SINDHI,1,0,1,0,0,0,1,0,1
C0116,28,537,574213,Jillalguda (CT),019014, Sindhi,1,0,1,0,0,0,1,0,1
C0116,28,537,574213,Jillalguda (CT),020000,20 TAMIL ,128,68,60,0,0,0,128,68,60
C0116,28,537,574213,Jillalguda (CT),020027, Tamil,117,62,55,0,0,0,117,62,55
C0116,28,537,574213,Jillalguda (CT),020029, Yerukala/Yerukula,4,2,2,0,0,0,4,2,2
C0116,28,537,574213,Jillalguda (CT),020999,20 Others,7,4,3,0,0,0,7,4,3
C0116,28,537,574213,Jillalguda (CT),021000,21 TELUGU ,24375,12396,11979,0,0,0,24375,12396,11979
C0116,28,537,574213,Jillalguda (CT),021046, Telugu,24375,12396,11979,0,0,0,24375,12396,11979
C0116,28,537,574213,Jillalguda (CT),022000,22 URDU,301,158,143,0,0,0,301,158,143
C0116,28,537,574213,Jillalguda (CT),022015, Urdu,301,158,143,0,0,0,301,158,143
C0116,28,537,574213,Jillalguda (CT),124000,124 OTHERS,6,3,3,0,0,0,6,3,3
C0116,28,537,574214,Meerpet (CT),002000,2 BENGALI ,113,61,52,0,0,0,113,61,52
C0116,28,537,574214,Meerpet (CT),002007, Bengali,113,61,52,0,0,0,113,61,52
C0116,28,537,574214,Meerpet (CT),005000,5 GUJARATI,23,12,11,0,0,0,23,12,11
C0116,28,537,574214,Meerpet (CT),005018, Gujarati,16,8,8,0,0,0,16,8,8
C0116,28,537,574214,Meerpet (CT),005999,5 Others,7,4,3,0,0,0,7,4,3
C0116,28,537,574214,Meerpet (CT),006000,6 HINDI ,1539,781,758,0,0,0,1539,781,758
C0116,28,537,574214,Meerpet (CT),006066, Banjari,58,31,27,0,0,0,58,31,27
C0116,28,537,574214,Meerpet (CT),006102, Bhojpuri,12,6,6,0,0,0,12,6,6
C0116,28,537,574214,Meerpet (CT),006195, Garhwali,6,3,3,0,0,0,6,3,3
C0116,28,537,574214,Meerpet (CT),006240, Hindi,780,392,388,0,0,0,780,392,388
C0116,28,537,574214,Meerpet (CT),006353, Lamani/Lambadi,591,305,286,0,0,0,591,305,286
C0116,28,537,574214,Meerpet (CT),006400, Marwari,77,35,42,0,0,0,77,35,42
C0116,28,537,574214,Meerpet (CT),006489, Rajasthani,5,3,2,0,0,0,5,3,2
C0116,28,537,574214,Meerpet (CT),006541, Sugali,2,1,1,0,0,0,2,1,1
C0116,28,537,574214,Meerpet (CT),006999,6 Others,8,5,3,0,0,0,8,5,3
C0116,28,537,574214,Meerpet (CT),007000,7 KANNADA,314,161,153,0,0,0,314,161,153
C0116,28,537,574214,Meerpet (CT),007016, Kannada,314,161,153,0,0,0,314,161,153
C0116,28,537,574214,Meerpet (CT),009000,9 KONKANI,4,3,1,0,0,0,4,3,1
C0116,28,537,574214,Meerpet (CT),009011, Konkani,4,3,1,0,0,0,4,3,1
C0116,28,537,574214,Meerpet (CT),010000,10 MAITHILI ,15,6,9,0,0,0,15,6,9
C0116,28,537,574214,Meerpet (CT),010008, Maithili,15,6,9,0,0,0,15,6,9
C0116,28,537,574214,Meerpet (CT),011000,11 MALAYALAM,179,89,90,0,0,0,179,89,90
C0116,28,537,574214,Meerpet (CT),011016, Malayalam,179,89,90,0,0,0,179,89,90
C0116,28,537,574214,Meerpet (CT),013000,13 MARATHI ,523,249,274,0,0,0,523,249,274
C0116,28,537,574214,Meerpet (CT),013071, Marathi,520,247,273,0,0,0,520,247,273
C0116,28,537,574214,Meerpet (CT),013999,13 Others,3,2,1,0,0,0,3,2,1
C0116,28,537,574214,Meerpet (CT),014000,14 NEPALI ,40,20,20,0,0,0,40,20,20
C0116,28,537,574214,Meerpet (CT),014011, Nepali,40,20,20,0,0,0,40,20,20
C0116,28,537,574214,Meerpet (CT),015000,15 ODIA ,47,26,21,0,0,0,47,26,21
C0116,28,537,574214,Meerpet (CT),015043, Odia,47,26,21,0,0,0,47,26,21
C0116,28,537,574214,Meerpet (CT),016000,16 PUNJABI ,10,5,5,0,0,0,10,5,5
C0116,28,537,574214,Meerpet (CT),016038, Punjabi,10,5,5,0,0,0,10,5,5
C0116,28,537,574214,Meerpet (CT),019000,19 SINDHI,4,3,1,0,0,0,4,3,1
C0116,28,537,574214,Meerpet (CT),019014, Sindhi,4,3,1,0,0,0,4,3,1
C0116,28,537,574214,Meerpet (CT),020000,20 TAMIL ,170,87,83,0,0,0,170,87,83
C0116,28,537,574214,Meerpet (CT),020027, Tamil,150,77,73,0,0,0,150,77,73
C0116,28,537,574214,Meerpet (CT),020029, Yerukala/Yerukula,20,10,10,0,0,0,20,10,10
C0116,28,537,574214,Meerpet (CT),021000,21 TELUGU ,28394,14460,13934,0,0,0,28394,14460,13934
C0116,28,537,574214,Meerpet (CT),021046, Telugu,28394,14460,13934,0,0,0,28394,14460,13934
C0116,28,537,574214,Meerpet (CT),022000,22 URDU,622,311,311,0,0,0,622,311,311
C0116,28,537,574214,Meerpet (CT),022015, Urdu,622,311,311,0,0,0,622,311,311
C0116,28,537,574214,Meerpet (CT),040000,40 ENGLISH ,2,0,2,0,0,0,2,0,2
C0116,28,537,574214,Meerpet (CT),040001, English,2,0,2,0,0,0,2,0,2
C0116,28,537,574214,Meerpet (CT),117000,117 TULU ,14,8,6,0,0,0,14,8,6
C0116,28,537,574214,Meerpet (CT),117009, Tulu,14,8,6,0,0,0,14,8,6
C0116,28,537,574215,Badangpet (CT),002000,2 BENGALI ,9,6,3,0,0,0,9,6,3
C0116,28,537,574215,Badangpet (CT),002007, Bengali,9,6,3,0,0,0,9,6,3
C0116,28,537,574215,Badangpet (CT),005000,5 GUJARATI,13,8,5,0,0,0,13,8,5
C0116,28,537,574215,Badangpet (CT),005018, Gujarati,13,8,5,0,0,0,13,8,5
C0116,28,537,574215,Badangpet (CT),006000,6 HINDI ,616,317,299,0,0,0,616,317,299
C0116,28,537,574215,Badangpet (CT),006066, Banjari,4,2,2,0,0,0,4,2,2
C0116,28,537,574215,Badangpet (CT),006102, Bhojpuri,1,1,0,0,0,0,1,1,0
C0116,28,537,574215,Badangpet (CT),006240, Hindi,413,214,199,0,0,0,413,214,199
C0116,28,537,574215,Badangpet (CT),006353, Lamani/Lambadi,160,82,78,0,0,0,160,82,78
C0116,28,537,574215,Badangpet (CT),006400, Marwari,20,8,12,0,0,0,20,8,12
C0116,28,537,574215,Badangpet (CT),006489, Rajasthani,11,6,5,0,0,0,11,6,5
C0116,28,537,574215,Badangpet (CT),006541, Sugali,7,4,3,0,0,0,7,4,3
C0116,28,537,574215,Badangpet (CT),007000,7 KANNADA,94,44,50,0,0,0,94,44,50
C0116,28,537,574215,Badangpet (CT),007016, Kannada,94,44,50,0,0,0,94,44,50
C0116,28,537,574215,Badangpet (CT),011000,11 MALAYALAM,76,35,41,0,0,0,76,35,41
C0116,28,537,574215,Badangpet (CT),011016, Malayalam,76,35,41,0,0,0,76,35,41
C0116,28,537,574215,Badangpet (CT),013000,13 MARATHI ,209,114,95,0,0,0,209,114,95
C0116,28,537,574215,Badangpet (CT),013071, Marathi,209,114,95,0,0,0,209,114,95
C0116,28,537,574215,Badangpet (CT),014000,14 NEPALI ,12,7,5,0,0,0,12,7,5
C0116,28,537,574215,Badangpet (CT),014011, Nepali,12,7,5,0,0,0,12,7,5
C0116,28,537,574215,Badangpet (CT),015000,15 ODIA ,14,8,6,0,0,0,14,8,6
C0116,28,537,574215,Badangpet (CT),015043, Odia,14,8,6,0,0,0,14,8,6
C0116,28,537,574215,Badangpet (CT),016000,16 PUNJABI ,3,1,2,0,0,0,3,1,2
C0116,28,537,574215,Badangpet (CT),016038, Punjabi,3,1,2,0,0,0,3,1,2
C0116,28,537,574215,Badangpet (CT),020000,20 TAMIL ,668,333,335,0,0,0,668,333,335
C0116,28,537,574215,Badangpet (CT),020027, Tamil,651,325,326,0,0,0,651,325,326
C0116,28,537,574215,Badangpet (CT),020029, Yerukala/Yerukula,17,8,9,0,0,0,17,8,9
C0116,28,537,574215,Badangpet (CT),021000,21 TELUGU ,13744,6946,6798,0,0,0,13744,6946,6798
C0116,28,537,574215,Badangpet (CT),021046, Telugu,13744,6946,6798,0,0,0,13744,6946,6798
C0116,28,537,574215,Badangpet (CT),022000,22 URDU,452,233,219,0,0,0,452,233,219
C0116,28,537,574215,Badangpet (CT),022015, Urdu,452,233,219,0,0,0,452,233,219
C0116,28,537,574215,Badangpet (CT),040000,40 ENGLISH ,3,2,1,0,0,0,3,2,1
C0116,28,537,574215,Badangpet (CT),040001, English,3,2,1,0,0,0,3,2,1
C0116,28,537,574216,Kothapet (CT),006000,6 HINDI ,129,61,68,0,0,0,129,61,68
C0116,28,537,574216,Kothapet (CT),006240, Hindi,129,61,68,0,0,0,129,61,68
C0116,28,537,574216,Kothapet (CT),007000,7 KANNADA,1,1,0,0,0,0,1,1,0
C0116,28,537,574216,Kothapet (CT),007016, Kannada,1,1,0,0,0,0,1,1,0
C0116,28,537,574216,Kothapet (CT),021000,21 TELUGU ,832,427,405,0,0,0,832,427,405
C0116,28,537,574216,Kothapet (CT),021046, Telugu,832,427,405,0,0,0,832,427,405
C0116,28,537,574216,Kothapet (CT),022000,22 URDU,11778,5897,5881,0,0,0,11778,5897,5881
C0116,28,537,574216,Kothapet (CT),022015, Urdu,11778,5897,5881,0,0,0,11778,5897,5881
C0116,28,537,574242,Narsingi (CT),002000,2 BENGALI ,4,1,3,0,0,0,4,1,3
C0116,28,537,574242,Narsingi (CT),002007, Bengali,4,1,3,0,0,0,4,1,3
C0116,28,537,574242,Narsingi (CT),006000,6 HINDI ,378,217,161,0,0,0,378,217,161
C0116,28,537,574242,Narsingi (CT),006240, Hindi,332,189,143,0,0,0,332,189,143
C0116,28,537,574242,Narsingi (CT),006353, Lamani/Lambadi,19,10,9,0,0,0,19,10,9
C0116,28,537,574242,Narsingi (CT),006999,6 Others,27,18,9,0,0,0,27,18,9
C0116,28,537,574242,Narsingi (CT),007000,7 KANNADA,10,5,5,0,0,0,10,5,5
C0116,28,537,574242,Narsingi (CT),007016, Kannada,10,5,5,0,0,0,10,5,5
C0116,28,537,574242,Narsingi (CT),011000,11 MALAYALAM,5,2,3,0,0,0,5,2,3
C0116,28,537,574242,Narsingi (CT),011016, Malayalam,5,2,3,0,0,0,5,2,3
C0116,28,537,574242,Narsingi (CT),013000,13 MARATHI ,12,5,7,0,0,0,12,5,7
C0116,28,537,574242,Narsingi (CT),013071, Marathi,12,5,7,0,0,0,12,5,7
C0116,28,537,574242,Narsingi (CT),015000,15 ODIA ,36,19,17,0,0,0,36,19,17
C0116,28,537,574242,Narsingi (CT),015043, Odia,36,19,17,0,0,0,36,19,17
C0116,28,537,574242,Narsingi (CT),016000,16 PUNJABI ,2,1,1,0,0,0,2,1,1
C0116,28,537,574242,Narsingi (CT),016038, Punjabi,2,1,1,0,0,0,2,1,1
C0116,28,537,574242,Narsingi (CT),019000,19 SINDHI,1,0,1,0,0,0,1,0,1
C0116,28,537,574242,Narsingi (CT),019014, Sindhi,1,0,1,0,0,0,1,0,1
C0116,28,537,574242,Narsingi (CT),020000,20 TAMIL ,21,12,9,0,0,0,21,12,9
C0116,28,537,574242,Narsingi (CT),020027, Tamil,21,12,9,0,0,0,21,12,9
C0116,28,537,574242,Narsingi (CT),021000,21 TELUGU ,5977,2741,3236,0,0,0,5977,2741,3236
C0116,28,537,574242,Narsingi (CT),021046, Telugu,5977,2741,3236,0,0,0,5977,2741,3236
C0116,28,537,574242,Narsingi (CT),022000,22 URDU,2985,1539,1446,0,0,0,2985,1539,1446
C0116,28,537,574242,Narsingi (CT),022015, Urdu,2985,1539,1446,0,0,0,2985,1539,1446
C0116,28,537,574242,Narsingi (CT),040000,40 ENGLISH ,13,6,7,0,0,0,13,6,7
C0116,28,537,574242,Narsingi (CT),040001, English,13,6,7,0,0,0,13,6,7
C0116,28,537,574242,Narsingi (CT),117000,117 TULU ,5,3,2,0,0,0,5,3,2
C0116,28,537,574242,Narsingi (CT),117009, Tulu,5,3,2,0,0,0,5,3,2
C0116,28,537,574243,Bandlaguda  (Jagir) (CT),002000,2 BENGALI ,2,1,1,0,0,0,2,1,1
C0116,28,537,574243,Bandlaguda  (Jagir) (CT),002007, Bengali,2,1,1,0,0,0,2,1,1
C0116,28,537,574243,Bandlaguda  (Jagir) (CT),005000,5 GUJARATI,12,6,6,0,0,0,12,6,6
C0116,28,537,574243,Bandlaguda  (Jagir) (CT),005018, Gujarati,12,6,6,0,0,0,12,6,6
C0116,28,537,574243,Bandlaguda  (Jagir) (CT),006000,6 HINDI ,488,268,220,0,0,0,488,268,220
C0116,28,537,574243,Bandlaguda  (Jagir) (CT),006066, Banjari,5,3,2,0,0,0,5,3,2
C0116,28,537,574243,Bandlaguda  (Jagir) (CT),006240, Hindi,391,213,178,0,0,0,391,213,178
C0116,28,537,574243,Bandlaguda  (Jagir) (CT),006353, Lamani/Lambadi,77,42,35,0,0,0,77,42,35
C0116,28,537,574243,Bandlaguda  (Jagir) (CT),006400, Marwari,5,3,2,0,0,0,5,3,2
C0116,28,537,574243,Bandlaguda  (Jagir) (CT),006489, Rajasthani,10,7,3,0,0,0,10,7,3
C0116,28,537,574243,Bandlaguda  (Jagir) (CT),007000,7 KANNADA,29,17,12,0,0,0,29,17,12
C0116,28,537,574243,Bandlaguda  (Jagir) (CT),007016, Kannada,29,17,12,0,0,0,29,17,12
C0116,28,537,574243,Bandlaguda  (Jagir) (CT),010000,10 MAITHILI ,5,3,2,0,0,0,5,3,2
C0116,28,537,574243,Bandlaguda  (Jagir) (CT),010008, Maithili,5,3,2,0,0,0,5,3,2
C0116,28,537,574243,Bandlaguda  (Jagir) (CT),011000,11 MALAYALAM,33,18,15,0,0,0,33,18,15
C0116,28,537,574243,Bandlaguda  (Jagir) (CT),011016, Malayalam,33,18,15,0,0,0,33,18,15
C0116,28,537,574243,Bandlaguda  (Jagir) (CT),013000,13 MARATHI ,46,23,23,0,0,0,46,23,23
C0116,28,537,574243,Bandlaguda  (Jagir) (CT),013071, Marathi,46,23,23,0,0,0,46,23,23
C0116,28,537,574243,Bandlaguda  (Jagir) (CT),014000,14 NEPALI ,15,9,6,0,0,0,15,9,6
C0116,28,537,574243,Bandlaguda  (Jagir) (CT),014011, Nepali,15,9,6,0,0,0,15,9,6
C0116,28,537,574243,Bandlaguda  (Jagir) (CT),015000,15 ODIA ,21,13,8,0,0,0,21,13,8
C0116,28,537,574243,Bandlaguda  (Jagir) (CT),015043, Odia,21,13,8,0,0,0,21,13,8
C0116,28,537,574243,Bandlaguda  (Jagir) (CT),016000,16 PUNJABI ,4,1,3,0,0,0,4,1,3
C0116,28,537,574243,Bandlaguda  (Jagir) (CT),016038, Punjabi,4,1,3,0,0,0,4,1,3
C0116,28,537,574243,Bandlaguda  (Jagir) (CT),020000,20 TAMIL ,193,88,105,0,0,0,193,88,105
C0116,28,537,574243,Bandlaguda  (Jagir) (CT),020027, Tamil,193,88,105,0,0,0,193,88,105
C0116,28,537,574243,Bandlaguda  (Jagir) (CT),021000,21 TELUGU ,10318,5276,5042,0,0,0,10318,5276,5042
C0116,28,537,574243,Bandlaguda  (Jagir) (CT),021046, Telugu,10318,5276,5042,0,0,0,10318,5276,5042
C0116,28,537,574243,Bandlaguda  (Jagir) (CT),022000,22 URDU,1536,783,753,0,0,0,1536,783,753
C0116,28,537,574243,Bandlaguda  (Jagir) (CT),022015, Urdu,1536,783,753,0,0,0,1536,783,753
C0116,28,537,574243,Bandlaguda  (Jagir) (CT),040000,40 ENGLISH ,29,17,12,0,0,0,29,17,12
C0116,28,537,574243,Bandlaguda  (Jagir) (CT),040001, English,29,17,12,0,0,0,29,17,12
C0116,28,537,574243,Bandlaguda  (Jagir) (CT),124000,124 OTHERS,3,1,2,0,0,0,3,1,2
C0116,28,537,574244,Kismatpur (CT),002000,2 BENGALI ,3,1,2,0,0,0,3,1,2
C0116,28,537,574244,Kismatpur (CT),002007, Bengali,3,1,2,0,0,0,3,1,2
C0116,28,537,574244,Kismatpur (CT),006000,6 HINDI ,301,163,138,0,0,0,301,163,138
C0116,28,537,574244,Kismatpur (CT),006235, Haryanvi,5,3,2,0,0,0,5,3,2
C0116,28,537,574244,Kismatpur (CT),006240, Hindi,102,55,47,0,0,0,102,55,47
C0116,28,537,574244,Kismatpur (CT),006353, Lamani/Lambadi,171,90,81,0,0,0,171,90,81
C0116,28,537,574244,Kismatpur (CT),006400, Marwari,8,6,2,0,0,0,8,6,2
C0116,28,537,574244,Kismatpur (CT),006489, Rajasthani,15,9,6,0,0,0,15,9,6
C0116,28,537,574244,Kismatpur (CT),007000,7 KANNADA,38,20,18,0,0,0,38,20,18
C0116,28,537,574244,Kismatpur (CT),007016, Kannada,38,20,18,0,0,0,38,20,18
C0116,28,537,574244,Kismatpur (CT),011000,11 MALAYALAM,16,7,9,0,0,0,16,7,9
C0116,28,537,574244,Kismatpur (CT),011016, Malayalam,16,7,9,0,0,0,16,7,9
C0116,28,537,574244,Kismatpur (CT),013000,13 MARATHI ,13,8,5,0,0,0,13,8,5
C0116,28,537,574244,Kismatpur (CT),013071, Marathi,13,8,5,0,0,0,13,8,5
C0116,28,537,574244,Kismatpur (CT),014000,14 NEPALI ,8,6,2,0,0,0,8,6,2
C0116,28,537,574244,Kismatpur (CT),014011, Nepali,8,6,2,0,0,0,8,6,2
C0116,28,537,574244,Kismatpur (CT),015000,15 ODIA ,8,4,4,0,0,0,8,4,4
C0116,28,537,574244,Kismatpur (CT),015043, Odia,8,4,4,0,0,0,8,4,4
C0116,28,537,574244,Kismatpur (CT),020000,20 TAMIL ,30,16,14,0,0,0,30,16,14
C0116,28,537,574244,Kismatpur (CT),020027, Tamil,30,16,14,0,0,0,30,16,14
C0116,28,537,574244,Kismatpur (CT),021000,21 TELUGU ,4946,2483,2463,0,0,0,4946,2483,2463
C0116,28,537,574244,Kismatpur (CT),021046, Telugu,4946,2483,2463,0,0,0,4946,2483,2463
C0116,28,537,574244,Kismatpur (CT),022000,22 URDU,1921,984,937,0,0,0,1921,984,937
C0116,28,537,574244,Kismatpur (CT),022015, Urdu,1921,984,937,0,0,0,1921,984,937
C0116,28,537,574244,Kismatpur (CT),040000,40 ENGLISH ,4,1,3,0,0,0,4,1,3
C0116,28,537,574244,Kismatpur (CT),040001, English,4,1,3,0,0,0,4,1,3
C0116,28,537,574503,Navandgi (CT),002000,2 BENGALI ,6,3,3,0,0,0,6,3,3
C0116,28,537,574503,Navandgi (CT),002007, Bengali,6,3,3,0,0,0,6,3,3
C0116,28,537,574503,Navandgi (CT),006000,6 HINDI ,1297,656,641,0,0,0,1297,656,641
C0116,28,537,574503,Navandgi (CT),006240, Hindi,382,196,186,0,0,0,382,196,186
C0116,28,537,574503,Navandgi (CT),006353, Lamani/Lambadi,904,454,450,0,0,0,904,454,450
C0116,28,537,574503,Navandgi (CT),006400, Marwari,11,6,5,0,0,0,11,6,5
C0116,28,537,574503,Navandgi (CT),007000,7 KANNADA,117,58,59,0,0,0,117,58,59
C0116,28,537,574503,Navandgi (CT),007016, Kannada,117,58,59,0,0,0,117,58,59
C0116,28,537,574503,Navandgi (CT),011000,11 MALAYALAM,1,0,1,0,0,0,1,0,1
C0116,28,537,574503,Navandgi (CT),011016, Malayalam,1,0,1,0,0,0,1,0,1
C0116,28,537,574503,Navandgi (CT),013000,13 MARATHI ,433,230,203,0,0,0,433,230,203
C0116,28,537,574503,Navandgi (CT),013071, Marathi,433,230,203,0,0,0,433,230,203
C0116,28,537,574503,Navandgi (CT),015000,15 ODIA ,4,1,3,0,0,0,4,1,3
C0116,28,537,574503,Navandgi (CT),015043, Odia,4,1,3,0,0,0,4,1,3
C0116,28,537,574503,Navandgi (CT),020000,20 TAMIL ,17,9,8,0,0,0,17,9,8
C0116,28,537,574503,Navandgi (CT),020029, Yerukala/Yerukula,17,9,8,0,0,0,17,9,8
C0116,28,537,574503,Navandgi (CT),021000,21 TELUGU ,3203,1564,1639,0,0,0,3203,1564,1639
C0116,28,537,574503,Navandgi (CT),021046, Telugu,3203,1564,1639,0,0,0,3203,1564,1639
C0116,28,537,574503,Navandgi (CT),022000,22 URDU,1631,871,760,0,0,0,1631,871,760
C0116,28,537,574503,Navandgi (CT),022015, Urdu,1631,871,760,0,0,0,1631,871,760
C0116,28,537,574503,Navandgi (CT),124000,124 OTHERS,2,1,1,0,0,0,2,1,1
C0116,28,537,574760,Shamshabad (CT),001000,1 ASSAMESE,34,20,14,0,0,0,34,20,14
C0116,28,537,574760,Shamshabad (CT),001002, Assamese,34,20,14,0,0,0,34,20,14
C0116,28,537,574760,Shamshabad (CT),002000,2 BENGALI ,128,76,52,0,0,0,128,76,52
C0116,28,537,574760,Shamshabad (CT),002007, Bengali,124,73,51,0,0,0,124,73,51
C0116,28,537,574760,Shamshabad (CT),002011, Chakma,4,3,1,0,0,0,4,3,1
C0116,28,537,574760,Shamshabad (CT),005000,5 GUJARATI,127,73,54,0,0,0,127,73,54
C0116,28,537,574760,Shamshabad (CT),005018, Gujarati,126,72,54,0,0,0,126,72,54
C0116,28,537,574760,Shamshabad (CT),005999,5 Others,1,1,0,0,0,0,1,1,0
C0116,28,537,574760,Shamshabad (CT),006000,6 HINDI ,2578,1403,1175,0,0,0,2578,1403,1175
C0116,28,537,574760,Shamshabad (CT),006066, Banjari,6,3,3,0,0,0,6,3,3
C0116,28,537,574760,Shamshabad (CT),006102, Bhojpuri,51,26,25,0,0,0,51,26,25
C0116,28,537,574760,Shamshabad (CT),006240, Hindi,2063,1160,903,0,0,0,2063,1160,903
C0116,28,537,574760,Shamshabad (CT),006353, Lamani/Lambadi,340,149,191,0,0,0,340,149,191
C0116,28,537,574760,Shamshabad (CT),006400, Marwari,61,31,30,0,0,0,61,31,30
C0116,28,537,574760,Shamshabad (CT),006489, Rajasthani,51,30,21,0,0,0,51,30,21
C0116,28,537,574760,Shamshabad (CT),006999,6 Others,6,4,2,0,0,0,6,4,2
C0116,28,537,574760,Shamshabad (CT),007000,7 KANNADA,153,87,66,0,0,0,153,87,66
C0116,28,537,574760,Shamshabad (CT),007016, Kannada,153,87,66,0,0,0,153,87,66
C0116,28,537,574760,Shamshabad (CT),008000,8 KASHMIRI ,1,1,0,0,0,0,1,1,0
C0116,28,537,574760,Shamshabad (CT),008005, Kashmiri,1,1,0,0,0,0,1,1,0
C0116,28,537,574760,Shamshabad (CT),009000,9 KONKANI,3,0,3,0,0,0,3,0,3
C0116,28,537,574760,Shamshabad (CT),009011, Konkani,3,0,3,0,0,0,3,0,3
C0116,28,537,574760,Shamshabad (CT),010000,10 MAITHILI ,12,5,7,0,0,0,12,5,7
C0116,28,537,574760,Shamshabad (CT),010008, Maithili,12,5,7,0,0,0,12,5,7
C0116,28,537,574760,Shamshabad (CT),011000,11 MALAYALAM,139,77,62,0,0,0,139,77,62
C0116,28,537,574760,Shamshabad (CT),011016, Malayalam,139,77,62,0,0,0,139,77,62
C0116,28,537,574760,Shamshabad (CT),012000,12 MANIPURI ,7,6,1,0,0,0,7,6,1
C0116,28,537,574760,Shamshabad (CT),012003, Manipuri,7,6,1,0,0,0,7,6,1
C0116,28,537,574760,Shamshabad (CT),013000,13 MARATHI ,288,160,128,0,0,0,288,160,128
C0116,28,537,574760,Shamshabad (CT),013071, Marathi,288,160,128,0,0,0,288,160,128
C0116,28,537,574760,Shamshabad (CT),014000,14 NEPALI ,21,9,12,0,0,0,21,9,12
C0116,28,537,574760,Shamshabad (CT),014011, Nepali,21,9,12,0,0,0,21,9,12
C0116,28,537,574760,Shamshabad (CT),015000,15 ODIA ,280,151,129,0,0,0,280,151,129
C0116,28,537,574760,Shamshabad (CT),015043, Odia,280,151,129,0,0,0,280,151,129
C0116,28,537,574760,Shamshabad (CT),016000,16 PUNJABI ,41,24,17,0,0,0,41,24,17
C0116,28,537,574760,Shamshabad (CT),016038, Punjabi,41,24,17,0,0,0,41,24,17
C0116,28,537,574760,Shamshabad (CT),018000,18 SANTALI ,1,1,0,0,0,0,1,1,0
C0116,28,537,574760,Shamshabad (CT),018040, Santali,1,1,0,0,0,0,1,1,0
C0116,28,537,574760,Shamshabad (CT),020000,20 TAMIL ,228,133,95,0,0,0,228,133,95
C0116,28,537,574760,Shamshabad (CT),020027, Tamil,216,128,88,0,0,0,216,128,88
C0116,28,537,574760,Shamshabad (CT),020029, Yerukala/Yerukula,12,5,7,0,0,0,12,5,7
C0116,28,537,574760,Shamshabad (CT),021000,21 TELUGU ,21773,11235,10538,0,0,0,21773,11235,10538
C0116,28,537,574760,Shamshabad (CT),021046, Telugu,21773,11235,10538,0,0,0,21773,11235,10538
C0116,28,537,574760,Shamshabad (CT),022000,22 URDU,6744,3462,3282,0,0,0,6744,3462,3282
C0116,28,537,574760,Shamshabad (CT),022015, Urdu,6742,3460,3282,0,0,0,6742,3460,3282
C0116,28,537,574760,Shamshabad (CT),022999,22 Others,2,2,0,0,0,0,2,2,0
C0116,28,537,574760,Shamshabad (CT),030000,30 BHILI/BHILODI ,5,3,2,0,0,0,5,3,2
C0116,28,537,574760,Shamshabad (CT),030066, Paradhi,5,3,2,0,0,0,5,3,2
C0116,28,537,574760,Shamshabad (CT),040000,40 ENGLISH ,7,3,4,0,0,0,7,3,4
C0116,28,537,574760,Shamshabad (CT),040001, English,7,3,4,0,0,0,7,3,4
C0116,28,537,574760,Shamshabad (CT),071000,71 KUKI,2,2,0,0,0,0,2,2,0
C0116,28,537,574760,Shamshabad (CT),071008, Kuki,2,2,0,0,0,0,2,2,0
C0116,28,537,574760,Shamshabad (CT),072000,72 KURUKH/ORAON ,4,2,2,0,0,0,4,2,2
C0116,28,537,574760,Shamshabad (CT),072024, Kurukh/Oraon,4,2,2,0,0,0,4,2,2
C0116,28,537,574760,Shamshabad (CT),124000,124 OTHERS,7,2,5,0,0,0,7,2,5
C0116,28,537,574853,Ibrahimpatnam (Bagath) (CT),006000,6 HINDI ,387,158,229,0,0,0,387,158,229
C0116,28,537,574853,Ibrahimpatnam (Bagath) (CT),006240, Hindi,145,83,62,0,0,0,145,83,62
C0116,28,537,574853,Ibrahimpatnam (Bagath) (CT),006353, Lamani/Lambadi,232,70,162,0,0,0,232,70,162
C0116,28,537,574853,Ibrahimpatnam (Bagath) (CT),006400, Marwari,1,0,1,0,0,0,1,0,1
C0116,28,537,574853,Ibrahimpatnam (Bagath) (CT),006999,6 Others,9,5,4,0,0,0,9,5,4
C0116,28,537,574853,Ibrahimpatnam (Bagath) (CT),007000,7 KANNADA,16,5,11,0,0,0,16,5,11
C0116,28,537,574853,Ibrahimpatnam (Bagath) (CT),007016, Kannada,16,5,11,0,0,0,16,5,11
C0116,28,537,574853,Ibrahimpatnam (Bagath) (CT),013000,13 MARATHI ,54,27,27,0,0,0,54,27,27
C0116,28,537,574853,Ibrahimpatnam (Bagath) (CT),013071, Marathi,54,27,27,0,0,0,54,27,27
C0116,28,537,574853,Ibrahimpatnam (Bagath) (CT),014000,14 NEPALI ,1,1,0,0,0,0,1,1,0
C0116,28,537,574853,Ibrahimpatnam (Bagath) (CT),014011, Nepali,1,1,0,0,0,0,1,1,0
C0116,28,537,574853,Ibrahimpatnam (Bagath) (CT),015000,15 ODIA ,1,0,1,0,0,0,1,0,1
C0116,28,537,574853,Ibrahimpatnam (Bagath) (CT),015043, Odia,1,0,1,0,0,0,1,0,1
C0116,28,537,574853,Ibrahimpatnam (Bagath) (CT),016000,16 PUNJABI ,3,3,0,0,0,0,3,3,0
C0116,28,537,574853,Ibrahimpatnam (Bagath) (CT),016038, Punjabi,3,3,0,0,0,0,3,3,0
C0116,28,537,574853,Ibrahimpatnam (Bagath) (CT),020000,20 TAMIL ,1,0,1,0,0,0,1,0,1
C0116,28,537,574853,Ibrahimpatnam (Bagath) (CT),020029, Yerukala/Yerukula,1,0,1,0,0,0,1,0,1
C0116,28,537,574853,Ibrahimpatnam (Bagath) (CT),021000,21 TELUGU ,9921,4864,5057,0,0,0,9921,4864,5057
C0116,28,537,574853,Ibrahimpatnam (Bagath) (CT),021046, Telugu,9921,4864,5057,0,0,0,9921,4864,5057
C0116,28,537,574853,Ibrahimpatnam (Bagath) (CT),022000,22 URDU,1963,909,1054,0,0,0,1963,909,1054
C0116,28,537,574853,Ibrahimpatnam (Bagath) (CT),022015, Urdu,1963,909,1054,0,0,0,1963,909,1054
C0116,28,537,574853,Ibrahimpatnam (Bagath) (CT),040000,40 ENGLISH ,2,2,0,0,0,0,2,2,0
C0116,28,537,574853,Ibrahimpatnam (Bagath) (CT),040001, English,2,2,0,0,0,0,2,2,0
C0116,28,538,000000,Mahbubnagar,001000,1 ASSAMESE,4,2,2,0,0,0,4,2,2
C0116,28,538,000000,Mahbubnagar,001002, Assamese,4,2,2,0,0,0,4,2,2
C0116,28,538,000000,Mahbubnagar,002000,2 BENGALI ,113,74,39,0,0,0,113,74,39
C0116,28,538,000000,Mahbubnagar,002007, Bengali,113,74,39,0,0,0,113,74,39
C0116,28,538,000000,Mahbubnagar,005000,5 GUJARATI,553,279,274,0,0,0,553,279,274
C0116,28,538,000000,Mahbubnagar,005018, Gujarati,331,171,160,0,0,0,331,171,160
C0116,28,538,000000,Mahbubnagar,005999,5 Others,222,108,114,0,0,0,222,108,114
C0116,28,538,000000,Mahbubnagar,006000,6 HINDI ,20064,11164,8900,0,0,0,20064,11164,8900
C0116,28,538,000000,Mahbubnagar,006066, Banjari,111,50,61,0,0,0,111,50,61
C0116,28,538,000000,Mahbubnagar,006102, Bhojpuri,217,129,88,0,0,0,217,129,88
C0116,28,538,000000,Mahbubnagar,006240, Hindi,7294,3980,3314,0,0,0,7294,3980,3314
C0116,28,538,000000,Mahbubnagar,006353, Lamani/Lambadi,10768,6130,4638,0,0,0,10768,6130,4638
C0116,28,538,000000,Mahbubnagar,006400, Marwari,655,362,293,0,0,0,655,362,293
C0116,28,538,000000,Mahbubnagar,006489, Rajasthani,291,149,142,0,0,0,291,149,142
C0116,28,538,000000,Mahbubnagar,006541, Sugali,5,3,2,0,0,0,5,3,2
C0116,28,538,000000,Mahbubnagar,006999,6 Others,723,361,362,0,0,0,723,361,362
C0116,28,538,000000,Mahbubnagar,007000,7 KANNADA,4757,2324,2433,0,0,0,4757,2324,2433
C0116,28,538,000000,Mahbubnagar,007016, Kannada,4755,2323,2432,0,0,0,4755,2323,2432
C0116,28,538,000000,Mahbubnagar,007999,7 Others,2,1,1,0,0,0,2,1,1
C0116,28,538,000000,Mahbubnagar,009000,9 KONKANI,2,2,0,0,0,0,2,2,0
C0116,28,538,000000,Mahbubnagar,009011, Konkani,2,2,0,0,0,0,2,2,0
C0116,28,538,000000,Mahbubnagar,010000,10 MAITHILI ,33,19,14,0,0,0,33,19,14
C0116,28,538,000000,Mahbubnagar,010008, Maithili,33,19,14,0,0,0,33,19,14
C0116,28,538,000000,Mahbubnagar,011000,11 MALAYALAM,231,114,117,0,0,0,231,114,117
C0116,28,538,000000,Mahbubnagar,011016, Malayalam,231,114,117,0,0,0,231,114,117
C0116,28,538,000000,Mahbubnagar,013000,13 MARATHI ,6666,3379,3287,0,0,0,6666,3379,3287
C0116,28,538,000000,Mahbubnagar,013004, Are,3,1,2,0,0,0,3,1,2
C0116,28,538,000000,Mahbubnagar,013071, Marathi,6663,3378,3285,0,0,0,6663,3378,3285
C0116,28,538,000000,Mahbubnagar,014000,14 NEPALI ,76,39,37,0,0,0,76,39,37
C0116,28,538,000000,Mahbubnagar,014011, Nepali,76,39,37,0,0,0,76,39,37
C0116,28,538,000000,Mahbubnagar,015000,15 ODIA ,700,491,209,0,0,0,700,491,209
C0116,28,538,000000,Mahbubnagar,015006, Bhatri,1,1,0,0,0,0,1,1,0
C0116,28,538,000000,Mahbubnagar,015043, Odia,699,490,209,0,0,0,699,490,209
C0116,28,538,000000,Mahbubnagar,016000,16 PUNJABI ,103,52,51,0,0,0,103,52,51
C0116,28,538,000000,Mahbubnagar,016038, Punjabi,103,52,51,0,0,0,103,52,51
C0116,28,538,000000,Mahbubnagar,017000,17 SANSKRIT ,16,7,9,0,0,0,16,7,9
C0116,28,538,000000,Mahbubnagar,017002, Sanskrit,16,7,9,0,0,0,16,7,9
C0116,28,538,000000,Mahbubnagar,019000,19 SINDHI,16,9,7,0,0,0,16,9,7
C0116,28,538,000000,Mahbubnagar,019008, Kachchhi,16,9,7,0,0,0,16,9,7
C0116,28,538,000000,Mahbubnagar,020000,20 TAMIL ,1248,644,604,0,0,0,1248,644,604
C0116,28,538,000000,Mahbubnagar,020027, Tamil,425,222,203,0,0,0,425,222,203
C0116,28,538,000000,Mahbubnagar,020029, Yerukala/Yerukula,823,422,401,0,0,0,823,422,401
C0116,28,538,000000,Mahbubnagar,021000,21 TELUGU ,425138,214254,210884,0,0,0,425138,214254,210884
C0116,28,538,000000,Mahbubnagar,021046, Telugu,425130,214249,210881,0,0,0,425130,214249,210881
C0116,28,538,000000,Mahbubnagar,021999,21 Others,8,5,3,0,0,0,8,5,3
C0116,28,538,000000,Mahbubnagar,022000,22 URDU,146950,74558,72392,0,0,0,146950,74558,72392
C0116,28,538,000000,Mahbubnagar,022015, Urdu,146950,74558,72392,0,0,0,146950,74558,72392
C0116,28,538,000000,Mahbubnagar,028000,28 ARABIC/ARBI ,2,1,1,0,0,0,2,1,1
C0116,28,538,000000,Mahbubnagar,028001, Arabic/Arbi,2,1,1,0,0,0,2,1,1
C0116,28,538,000000,Mahbubnagar,032000,32 BHUMIJ ,4,1,3,0,0,0,4,1,3
C0116,28,538,000000,Mahbubnagar,032999,32 Others,4,1,3,0,0,0,4,1,3
C0116,28,538,000000,Mahbubnagar,040000,40 ENGLISH ,82,40,42,0,0,0,82,40,42
C0116,28,538,000000,Mahbubnagar,040001, English,82,40,42,0,0,0,82,40,42
C0116,28,538,000000,Mahbubnagar,055000,55 KHASI ,1,1,0,0,0,0,1,1,0
C0116,28,538,000000,Mahbubnagar,055009, Lyngngam,1,1,0,0,0,0,1,1,0
C0116,28,538,000000,Mahbubnagar,069000,69 KOYA ,5,1,4,0,0,0,5,1,4
C0116,28,538,000000,Mahbubnagar,069002, Koya,5,1,4,0,0,0,5,1,4
C0116,28,538,000000,Mahbubnagar,106000,106 SAVARA,36,19,17,0,0,0,36,19,17
C0116,28,538,000000,Mahbubnagar,106004, Savara,36,19,17,0,0,0,36,19,17
C0116,28,538,000000,Mahbubnagar,117000,117 TULU ,1,1,0,0,0,0,1,1,0
C0116,28,538,000000,Mahbubnagar,117009, Tulu,1,1,0,0,0,0,1,1,0
C0116,28,538,000000,Mahbubnagar,124000,124 OTHERS,891,473,418,0,0,0,891,473,418
C0116,28,538,802922,Mahbubnagar (M + OG),002000,2 BENGALI ,37,22,15,0,0,0,37,22,15
C0116,28,538,802922,Mahbubnagar (M + OG),002007, Bengali,37,22,15,0,0,0,37,22,15
C0116,28,538,802922,Mahbubnagar (M + OG),005000,5 GUJARATI,148,74,74,0,0,0,148,74,74
C0116,28,538,802922,Mahbubnagar (M + OG),005018, Gujarati,127,61,66,0,0,0,127,61,66
C0116,28,538,802922,Mahbubnagar (M + OG),005999,5 Others,21,13,8,0,0,0,21,13,8
C0116,28,538,802922,Mahbubnagar (M + OG),006000,6 HINDI ,3839,1982,1857,0,0,0,3839,1982,1857
C0116,28,538,802922,Mahbubnagar (M + OG),006240, Hindi,1543,789,754,0,0,0,1543,789,754
C0116,28,538,802922,Mahbubnagar (M + OG),006353, Lamani/Lambadi,2118,1099,1019,0,0,0,2118,1099,1019
C0116,28,538,802922,Mahbubnagar (M + OG),006400, Marwari,104,55,49,0,0,0,104,55,49
C0116,28,538,802922,Mahbubnagar (M + OG),006489, Rajasthani,69,36,33,0,0,0,69,36,33
C0116,28,538,802922,Mahbubnagar (M + OG),006541, Sugali,1,1,0,0,0,0,1,1,0
C0116,28,538,802922,Mahbubnagar (M + OG),006999,6 Others,4,2,2,0,0,0,4,2,2
C0116,28,538,802922,Mahbubnagar (M + OG),007000,7 KANNADA,857,424,433,0,0,0,857,424,433
C0116,28,538,802922,Mahbubnagar (M + OG),007016, Kannada,856,423,433,0,0,0,856,423,433
C0116,28,538,802922,Mahbubnagar (M + OG),007999,7 Others,1,1,0,0,0,0,1,1,0
C0116,28,538,802922,Mahbubnagar (M + OG),009000,9 KONKANI,2,2,0,0,0,0,2,2,0
C0116,28,538,802922,Mahbubnagar (M + OG),009011, Konkani,2,2,0,0,0,0,2,2,0
C0116,28,538,802922,Mahbubnagar (M + OG),010000,10 MAITHILI ,2,1,1,0,0,0,2,1,1
C0116,28,538,802922,Mahbubnagar (M + OG),010008, Maithili,2,1,1,0,0,0,2,1,1
C0116,28,538,802922,Mahbubnagar (M + OG),011000,11 MALAYALAM,32,18,14,0,0,0,32,18,14
C0116,28,538,802922,Mahbubnagar (M + OG),011016, Malayalam,32,18,14,0,0,0,32,18,14
C0116,28,538,802922,Mahbubnagar (M + OG),013000,13 MARATHI ,1496,773,723,0,0,0,1496,773,723
C0116,28,538,802922,Mahbubnagar (M + OG),013071, Marathi,1496,773,723,0,0,0,1496,773,723
C0116,28,538,802922,Mahbubnagar (M + OG),014000,14 NEPALI ,3,1,2,0,0,0,3,1,2
C0116,28,538,802922,Mahbubnagar (M + OG),014011, Nepali,3,1,2,0,0,0,3,1,2
C0116,28,538,802922,Mahbubnagar (M + OG),015000,15 ODIA ,41,25,16,0,0,0,41,25,16
C0116,28,538,802922,Mahbubnagar (M + OG),015043, Odia,41,25,16,0,0,0,41,25,16
C0116,28,538,802922,Mahbubnagar (M + OG),016000,16 PUNJABI ,40,23,17,0,0,0,40,23,17
C0116,28,538,802922,Mahbubnagar (M + OG),016038, Punjabi,40,23,17,0,0,0,40,23,17
C0116,28,538,802922,Mahbubnagar (M + OG),017000,17 SANSKRIT ,4,2,2,0,0,0,4,2,2
C0116,28,538,802922,Mahbubnagar (M + OG),017002, Sanskrit,4,2,2,0,0,0,4,2,2
C0116,28,538,802922,Mahbubnagar (M + OG),019000,19 SINDHI,10,5,5,0,0,0,10,5,5
C0116,28,538,802922,Mahbubnagar (M + OG),019008, Kachchhi,10,5,5,0,0,0,10,5,5
C0116,28,538,802922,Mahbubnagar (M + OG),020000,20 TAMIL ,148,74,74,0,0,0,148,74,74
C0116,28,538,802922,Mahbubnagar (M + OG),020027, Tamil,99,50,49,0,0,0,99,50,49
C0116,28,538,802922,Mahbubnagar (M + OG),020029, Yerukala/Yerukula,49,24,25,0,0,0,49,24,25
C0116,28,538,802922,Mahbubnagar (M + OG),021000,21 TELUGU ,119553,60023,59530,0,0,0,119553,60023,59530
C0116,28,538,802922,Mahbubnagar (M + OG),021046, Telugu,119553,60023,59530,0,0,0,119553,60023,59530
C0116,28,538,802922,Mahbubnagar (M + OG),022000,22 URDU,64104,32651,31453,0,0,0,64104,32651,31453
C0116,28,538,802922,Mahbubnagar (M + OG),022015, Urdu,64104,32651,31453,0,0,0,64104,32651,31453
C0116,28,538,802922,Mahbubnagar (M + OG),028000,28 ARABIC/ARBI ,1,1,0,0,0,0,1,1,0
C0116,28,538,802922,Mahbubnagar (M + OG),028001, Arabic/Arbi,1,1,0,0,0,0,1,1,0
C0116,28,538,802922,Mahbubnagar (M + OG),040000,40 ENGLISH ,36,17,19,0,0,0,36,17,19
C0116,28,538,802922,Mahbubnagar (M + OG),040001, English,36,17,19,0,0,0,36,17,19
C0116,28,538,802922,Mahbubnagar (M + OG),055000,55 KHASI ,1,1,0,0,0,0,1,1,0
C0116,28,538,802922,Mahbubnagar (M + OG),055009, Lyngngam,1,1,0,0,0,0,1,1,0
C0116,28,538,802922,Mahbubnagar (M + OG),069000,69 KOYA ,1,0,1,0,0,0,1,0,1
C0116,28,538,802922,Mahbubnagar (M + OG),069002, Koya,1,0,1,0,0,0,1,0,1
C0116,28,538,802922,Mahbubnagar (M + OG),124000,124 OTHERS,45,23,22,0,0,0,45,23,22
C0116,28,538,802923,Narayanpet (NP),002000,2 BENGALI ,9,5,4,0,0,0,9,5,4
C0116,28,538,802923,Narayanpet (NP),002007, Bengali,9,5,4,0,0,0,9,5,4
C0116,28,538,802923,Narayanpet (NP),005000,5 GUJARATI,233,117,116,0,0,0,233,117,116
C0116,28,538,802923,Narayanpet (NP),005018, Gujarati,40,24,16,0,0,0,40,24,16
C0116,28,538,802923,Narayanpet (NP),005999,5 Others,193,93,100,0,0,0,193,93,100
C0116,28,538,802923,Narayanpet (NP),006000,6 HINDI ,1491,756,735,0,0,0,1491,756,735
C0116,28,538,802923,Narayanpet (NP),006240, Hindi,623,317,306,0,0,0,623,317,306
C0116,28,538,802923,Narayanpet (NP),006353, Lamani/Lambadi,46,24,22,0,0,0,46,24,22
C0116,28,538,802923,Narayanpet (NP),006400, Marwari,163,95,68,0,0,0,163,95,68
C0116,28,538,802923,Narayanpet (NP),006489, Rajasthani,38,17,21,0,0,0,38,17,21
C0116,28,538,802923,Narayanpet (NP),006999,6 Others,621,303,318,0,0,0,621,303,318
C0116,28,538,802923,Narayanpet (NP),007000,7 KANNADA,2873,1401,1472,0,0,0,2873,1401,1472
C0116,28,538,802923,Narayanpet (NP),007016, Kannada,2873,1401,1472,0,0,0,2873,1401,1472
C0116,28,538,802923,Narayanpet (NP),011000,11 MALAYALAM,10,6,4,0,0,0,10,6,4
C0116,28,538,802923,Narayanpet (NP),011016, Malayalam,10,6,4,0,0,0,10,6,4
C0116,28,538,802923,Narayanpet (NP),013000,13 MARATHI ,2807,1419,1388,0,0,0,2807,1419,1388
C0116,28,538,802923,Narayanpet (NP),013071, Marathi,2807,1419,1388,0,0,0,2807,1419,1388
C0116,28,538,802923,Narayanpet (NP),014000,14 NEPALI ,2,1,1,0,0,0,2,1,1
C0116,28,538,802923,Narayanpet (NP),014011, Nepali,2,1,1,0,0,0,2,1,1
C0116,28,538,802923,Narayanpet (NP),015000,15 ODIA ,14,12,2,0,0,0,14,12,2
C0116,28,538,802923,Narayanpet (NP),015043, Odia,14,12,2,0,0,0,14,12,2
C0116,28,538,802923,Narayanpet (NP),020000,20 TAMIL ,63,33,30,0,0,0,63,33,30
C0116,28,538,802923,Narayanpet (NP),020027, Tamil,48,26,22,0,0,0,48,26,22
C0116,28,538,802923,Narayanpet (NP),020029, Yerukala/Yerukula,15,7,8,0,0,0,15,7,8
C0116,28,538,802923,Narayanpet (NP),021000,21 TELUGU ,22690,11095,11595,0,0,0,22690,11095,11595
C0116,28,538,802923,Narayanpet (NP),021046, Telugu,22690,11095,11595,0,0,0,22690,11095,11595
C0116,28,538,802923,Narayanpet (NP),022000,22 URDU,10751,5423,5328,0,0,0,10751,5423,5328
C0116,28,538,802923,Narayanpet (NP),022015, Urdu,10751,5423,5328,0,0,0,10751,5423,5328
C0116,28,538,802923,Narayanpet (NP),040000,40 ENGLISH ,17,9,8,0,0,0,17,9,8
C0116,28,538,802923,Narayanpet (NP),040001, English,17,9,8,0,0,0,17,9,8
C0116,28,538,802923,Narayanpet (NP),124000,124 OTHERS,792,420,372,0,0,0,792,420,372
C0116,28,538,802924,Wanaparthy (M),002000,2 BENGALI ,2,1,1,0,0,0,2,1,1
C0116,28,538,802924,Wanaparthy (M),002007, Bengali,2,1,1,0,0,0,2,1,1
C0116,28,538,802924,Wanaparthy (M),005000,5 GUJARATI,9,4,5,0,0,0,9,4,5
C0116,28,538,802924,Wanaparthy (M),005018, Gujarati,6,3,3,0,0,0,6,3,3
C0116,28,538,802924,Wanaparthy (M),005999,5 Others,3,1,2,0,0,0,3,1,2
C0116,28,538,802924,Wanaparthy (M),006000,6 HINDI ,1561,829,732,0,0,0,1561,829,732
C0116,28,538,802924,Wanaparthy (M),006066, Banjari,3,0,3,0,0,0,3,0,3
C0116,28,538,802924,Wanaparthy (M),006240, Hindi,313,183,130,0,0,0,313,183,130
C0116,28,538,802924,Wanaparthy (M),006353, Lamani/Lambadi,1225,633,592,0,0,0,1225,633,592
C0116,28,538,802924,Wanaparthy (M),006400, Marwari,4,2,2,0,0,0,4,2,2
C0116,28,538,802924,Wanaparthy (M),006489, Rajasthani,16,11,5,0,0,0,16,11,5
C0116,28,538,802924,Wanaparthy (M),007000,7 KANNADA,140,74,66,0,0,0,140,74,66
C0116,28,538,802924,Wanaparthy (M),007016, Kannada,140,74,66,0,0,0,140,74,66
C0116,28,538,802924,Wanaparthy (M),011000,11 MALAYALAM,26,9,17,0,0,0,26,9,17
C0116,28,538,802924,Wanaparthy (M),011016, Malayalam,26,9,17,0,0,0,26,9,17
C0116,28,538,802924,Wanaparthy (M),013000,13 MARATHI ,193,101,92,0,0,0,193,101,92
C0116,28,538,802924,Wanaparthy (M),013071, Marathi,193,101,92,0,0,0,193,101,92
C0116,28,538,802924,Wanaparthy (M),014000,14 NEPALI ,26,12,14,0,0,0,26,12,14
C0116,28,538,802924,Wanaparthy (M),014011, Nepali,26,12,14,0,0,0,26,12,14
C0116,28,538,802924,Wanaparthy (M),015000,15 ODIA ,1,0,1,0,0,0,1,0,1
C0116,28,538,802924,Wanaparthy (M),015043, Odia,1,0,1,0,0,0,1,0,1
C0116,28,538,802924,Wanaparthy (M),016000,16 PUNJABI ,5,2,3,0,0,0,5,2,3
C0116,28,538,802924,Wanaparthy (M),016038, Punjabi,5,2,3,0,0,0,5,2,3
C0116,28,538,802924,Wanaparthy (M),020000,20 TAMIL ,150,78,72,0,0,0,150,78,72
C0116,28,538,802924,Wanaparthy (M),020027, Tamil,13,8,5,0,0,0,13,8,5
C0116,28,538,802924,Wanaparthy (M),020029, Yerukala/Yerukula,137,70,67,0,0,0,137,70,67
C0116,28,538,802924,Wanaparthy (M),021000,21 TELUGU ,49331,25573,23758,0,0,0,49331,25573,23758
C0116,28,538,802924,Wanaparthy (M),021046, Telugu,49331,25573,23758,0,0,0,49331,25573,23758
C0116,28,538,802924,Wanaparthy (M),022000,22 URDU,9483,4804,4679,0,0,0,9483,4804,4679
C0116,28,538,802924,Wanaparthy (M),022015, Urdu,9483,4804,4679,0,0,0,9483,4804,4679
C0116,28,538,802924,Wanaparthy (M),040000,40 ENGLISH ,5,5,0,0,0,0,5,5,0
C0116,28,538,802924,Wanaparthy (M),040001, English,5,5,0,0,0,0,5,5,0
C0116,28,538,802924,Wanaparthy (M),124000,124 OTHERS,17,9,8,0,0,0,17,9,8
C0116,28,538,802925,Gadwal (M + OG),005000,5 GUJARATI,19,9,10,0,0,0,19,9,10
C0116,28,538,802925,Gadwal (M + OG),005018, Gujarati,19,9,10,0,0,0,19,9,10
C0116,28,538,802925,Gadwal (M + OG),006000,6 HINDI ,866,529,337,0,0,0,866,529,337
C0116,28,538,802925,Gadwal (M + OG),006066, Banjari,4,3,1,0,0,0,4,3,1
C0116,28,538,802925,Gadwal (M + OG),006240, Hindi,594,303,291,0,0,0,594,303,291
C0116,28,538,802925,Gadwal (M + OG),006353, Lamani/Lambadi,231,201,30,0,0,0,231,201,30
C0116,28,538,802925,Gadwal (M + OG),006400, Marwari,9,7,2,0,0,0,9,7,2
C0116,28,538,802925,Gadwal (M + OG),006489, Rajasthani,15,9,6,0,0,0,15,9,6
C0116,28,538,802925,Gadwal (M + OG),006541, Sugali,3,1,2,0,0,0,3,1,2
C0116,28,538,802925,Gadwal (M + OG),006999,6 Others,10,5,5,0,0,0,10,5,5
C0116,28,538,802925,Gadwal (M + OG),007000,7 KANNADA,452,203,249,0,0,0,452,203,249
C0116,28,538,802925,Gadwal (M + OG),007016, Kannada,452,203,249,0,0,0,452,203,249
C0116,28,538,802925,Gadwal (M + OG),010000,10 MAITHILI ,4,2,2,0,0,0,4,2,2
C0116,28,538,802925,Gadwal (M + OG),010008, Maithili,4,2,2,0,0,0,4,2,2
C0116,28,538,802925,Gadwal (M + OG),011000,11 MALAYALAM,5,2,3,0,0,0,5,2,3
C0116,28,538,802925,Gadwal (M + OG),011016, Malayalam,5,2,3,0,0,0,5,2,3
C0116,28,538,802925,Gadwal (M + OG),013000,13 MARATHI ,886,450,436,0,0,0,886,450,436
C0116,28,538,802925,Gadwal (M + OG),013071, Marathi,886,450,436,0,0,0,886,450,436
C0116,28,538,802925,Gadwal (M + OG),014000,14 NEPALI ,4,1,3,0,0,0,4,1,3
C0116,28,538,802925,Gadwal (M + OG),014011, Nepali,4,1,3,0,0,0,4,1,3
C0116,28,538,802925,Gadwal (M + OG),020000,20 TAMIL ,204,101,103,0,0,0,204,101,103
C0116,28,538,802925,Gadwal (M + OG),020027, Tamil,63,29,34,0,0,0,63,29,34
C0116,28,538,802925,Gadwal (M + OG),020029, Yerukala/Yerukula,141,72,69,0,0,0,141,72,69
C0116,28,538,802925,Gadwal (M + OG),021000,21 TELUGU ,46727,23445,23282,0,0,0,46727,23445,23282
C0116,28,538,802925,Gadwal (M + OG),021046, Telugu,46727,23445,23282,0,0,0,46727,23445,23282
C0116,28,538,802925,Gadwal (M + OG),022000,22 URDU,13964,7171,6793,0,0,0,13964,7171,6793
C0116,28,538,802925,Gadwal (M + OG),022015, Urdu,13964,7171,6793,0,0,0,13964,7171,6793
C0116,28,538,802925,Gadwal (M + OG),028000,28 ARABIC/ARBI ,1,0,1,0,0,0,1,0,1
C0116,28,538,802925,Gadwal (M + OG),028001, Arabic/Arbi,1,0,1,0,0,0,1,0,1
C0116,28,538,802925,Gadwal (M + OG),040000,40 ENGLISH ,3,1,2,0,0,0,3,1,2
C0116,28,538,802925,Gadwal (M + OG),040001, English,3,1,2,0,0,0,3,1,2
C0116,28,538,802925,Gadwal (M + OG),069000,69 KOYA ,2,0,2,0,0,0,2,0,2
C0116,28,538,802925,Gadwal (M + OG),069002, Koya,2,0,2,0,0,0,2,0,2
C0116,28,538,802925,Gadwal (M + OG),106000,106 SAVARA,36,19,17,0,0,0,36,19,17
C0116,28,538,802925,Gadwal (M + OG),106004, Savara,36,19,17,0,0,0,36,19,17
C0116,28,538,802925,Gadwal (M + OG),124000,124 OTHERS,4,2,2,0,0,0,4,2,2
C0116,28,538,575211,Farooqnagar (CT),002000,2 BENGALI ,16,10,6,0,0,0,16,10,6
C0116,28,538,575211,Farooqnagar (CT),002007, Bengali,16,10,6,0,0,0,16,10,6
C0116,28,538,575211,Farooqnagar (CT),005000,5 GUJARATI,18,9,9,0,0,0,18,9,9
C0116,28,538,575211,Farooqnagar (CT),005018, Gujarati,18,9,9,0,0,0,18,9,9
C0116,28,538,575211,Farooqnagar (CT),006000,6 HINDI ,1951,1043,908,0,0,0,1951,1043,908
C0116,28,538,575211,Farooqnagar (CT),006102, Bhojpuri,40,23,17,0,0,0,40,23,17
C0116,28,538,575211,Farooqnagar (CT),006240, Hindi,980,520,460,0,0,0,980,520,460
C0116,28,538,575211,Farooqnagar (CT),006353, Lamani/Lambadi,656,356,300,0,0,0,656,356,300
C0116,28,538,575211,Farooqnagar (CT),006400, Marwari,121,69,52,0,0,0,121,69,52
C0116,28,538,575211,Farooqnagar (CT),006489, Rajasthani,147,72,75,0,0,0,147,72,75
C0116,28,538,575211,Farooqnagar (CT),006999,6 Others,7,3,4,0,0,0,7,3,4
C0116,28,538,575211,Farooqnagar (CT),007000,7 KANNADA,78,41,37,0,0,0,78,41,37
C0116,28,538,575211,Farooqnagar (CT),007016, Kannada,78,41,37,0,0,0,78,41,37
C0116,28,538,575211,Farooqnagar (CT),010000,10 MAITHILI ,10,6,4,0,0,0,10,6,4
C0116,28,538,575211,Farooqnagar (CT),010008, Maithili,10,6,4,0,0,0,10,6,4
C0116,28,538,575211,Farooqnagar (CT),011000,11 MALAYALAM,78,41,37,0,0,0,78,41,37
C0116,28,538,575211,Farooqnagar (CT),011016, Malayalam,78,41,37,0,0,0,78,41,37
C0116,28,538,575211,Farooqnagar (CT),013000,13 MARATHI ,263,132,131,0,0,0,263,132,131
C0116,28,538,575211,Farooqnagar (CT),013071, Marathi,263,132,131,0,0,0,263,132,131
C0116,28,538,575211,Farooqnagar (CT),015000,15 ODIA ,94,54,40,0,0,0,94,54,40
C0116,28,538,575211,Farooqnagar (CT),015006, Bhatri,1,1,0,0,0,0,1,1,0
C0116,28,538,575211,Farooqnagar (CT),015043, Odia,93,53,40,0,0,0,93,53,40
C0116,28,538,575211,Farooqnagar (CT),016000,16 PUNJABI ,32,12,20,0,0,0,32,12,20
C0116,28,538,575211,Farooqnagar (CT),016038, Punjabi,32,12,20,0,0,0,32,12,20
C0116,28,538,575211,Farooqnagar (CT),017000,17 SANSKRIT ,7,3,4,0,0,0,7,3,4
C0116,28,538,575211,Farooqnagar (CT),017002, Sanskrit,7,3,4,0,0,0,7,3,4
C0116,28,538,575211,Farooqnagar (CT),020000,20 TAMIL ,121,61,60,0,0,0,121,61,60
C0116,28,538,575211,Farooqnagar (CT),020027, Tamil,82,41,41,0,0,0,82,41,41
C0116,28,538,575211,Farooqnagar (CT),020029, Yerukala/Yerukula,39,20,19,0,0,0,39,20,19
C0116,28,538,575211,Farooqnagar (CT),021000,21 TELUGU ,33990,17289,16701,0,0,0,33990,17289,16701
C0116,28,538,575211,Farooqnagar (CT),021046, Telugu,33986,17287,16699,0,0,0,33986,17287,16699
C0116,28,538,575211,Farooqnagar (CT),021999,21 Others,4,2,2,0,0,0,4,2,2
C0116,28,538,575211,Farooqnagar (CT),022000,22 URDU,8991,4612,4379,0,0,0,8991,4612,4379
C0116,28,538,575211,Farooqnagar (CT),022015, Urdu,8991,4612,4379,0,0,0,8991,4612,4379
C0116,28,538,575211,Farooqnagar (CT),040000,40 ENGLISH ,5,2,3,0,0,0,5,2,3
C0116,28,538,575211,Farooqnagar (CT),040001, English,5,2,3,0,0,0,5,2,3
C0116,28,538,575211,Farooqnagar (CT),124000,124 OTHERS,21,13,8,0,0,0,21,13,8
C0116,28,538,575227,Kothur (CT),001000,1 ASSAMESE,1,0,1,0,0,0,1,0,1
C0116,28,538,575227,Kothur (CT),001002, Assamese,1,0,1,0,0,0,1,0,1
C0116,28,538,575227,Kothur (CT),002000,2 BENGALI ,28,22,6,0,0,0,28,22,6
C0116,28,538,575227,Kothur (CT),002007, Bengali,28,22,6,0,0,0,28,22,6
C0116,28,538,575227,Kothur (CT),005000,5 GUJARATI,15,7,8,0,0,0,15,7,8
C0116,28,538,575227,Kothur (CT),005018, Gujarati,15,7,8,0,0,0,15,7,8
C0116,28,538,575227,Kothur (CT),006000,6 HINDI ,2625,1550,1075,0,0,0,2625,1550,1075
C0116,28,538,575227,Kothur (CT),006102, Bhojpuri,177,106,71,0,0,0,177,106,71
C0116,28,538,575227,Kothur (CT),006240, Hindi,2000,1224,776,0,0,0,2000,1224,776
C0116,28,538,575227,Kothur (CT),006353, Lamani/Lambadi,300,132,168,0,0,0,300,132,168
C0116,28,538,575227,Kothur (CT),006400, Marwari,78,45,33,0,0,0,78,45,33
C0116,28,538,575227,Kothur (CT),006999,6 Others,70,43,27,0,0,0,70,43,27
C0116,28,538,575227,Kothur (CT),007000,7 KANNADA,51,32,19,0,0,0,51,32,19
C0116,28,538,575227,Kothur (CT),007016, Kannada,51,32,19,0,0,0,51,32,19
C0116,28,538,575227,Kothur (CT),010000,10 MAITHILI ,17,10,7,0,0,0,17,10,7
C0116,28,538,575227,Kothur (CT),010008, Maithili,17,10,7,0,0,0,17,10,7
C0116,28,538,575227,Kothur (CT),011000,11 MALAYALAM,33,16,17,0,0,0,33,16,17
C0116,28,538,575227,Kothur (CT),011016, Malayalam,33,16,17,0,0,0,33,16,17
C0116,28,538,575227,Kothur (CT),013000,13 MARATHI ,119,60,59,0,0,0,119,60,59
C0116,28,538,575227,Kothur (CT),013071, Marathi,119,60,59,0,0,0,119,60,59
C0116,28,538,575227,Kothur (CT),014000,14 NEPALI ,5,3,2,0,0,0,5,3,2
C0116,28,538,575227,Kothur (CT),014011, Nepali,5,3,2,0,0,0,5,3,2
C0116,28,538,575227,Kothur (CT),015000,15 ODIA ,531,392,139,0,0,0,531,392,139
C0116,28,538,575227,Kothur (CT),015043, Odia,531,392,139,0,0,0,531,392,139
C0116,28,538,575227,Kothur (CT),016000,16 PUNJABI ,6,5,1,0,0,0,6,5,1
C0116,28,538,575227,Kothur (CT),016038, Punjabi,6,5,1,0,0,0,6,5,1
C0116,28,538,575227,Kothur (CT),020000,20 TAMIL ,17,9,8,0,0,0,17,9,8
C0116,28,538,575227,Kothur (CT),020027, Tamil,14,7,7,0,0,0,14,7,7
C0116,28,538,575227,Kothur (CT),020029, Yerukala/Yerukula,3,2,1,0,0,0,3,2,1
C0116,28,538,575227,Kothur (CT),021000,21 TELUGU ,6460,3208,3252,0,0,0,6460,3208,3252
C0116,28,538,575227,Kothur (CT),021046, Telugu,6460,3208,3252,0,0,0,6460,3208,3252
C0116,28,538,575227,Kothur (CT),022000,22 URDU,610,320,290,0,0,0,610,320,290
C0116,28,538,575227,Kothur (CT),022015, Urdu,610,320,290,0,0,0,610,320,290
C0116,28,538,575227,Kothur (CT),124000,124 OTHERS,1,1,0,0,0,0,1,1,0
C0116,28,538,575384,Jadcherla (CT),002000,2 BENGALI ,3,1,2,0,0,0,3,1,2
C0116,28,538,575384,Jadcherla (CT),002007, Bengali,3,1,2,0,0,0,3,1,2
C0116,28,538,575384,Jadcherla (CT),006000,6 HINDI ,721,491,230,0,0,0,721,491,230
C0116,28,538,575384,Jadcherla (CT),006240, Hindi,33,18,15,0,0,0,33,18,15
C0116,28,538,575384,Jadcherla (CT),006353, Lamani/Lambadi,688,473,215,0,0,0,688,473,215
C0116,28,538,575384,Jadcherla (CT),007000,7 KANNADA,4,2,2,0,0,0,4,2,2
C0116,28,538,575384,Jadcherla (CT),007016, Kannada,4,2,2,0,0,0,4,2,2
C0116,28,538,575384,Jadcherla (CT),013000,13 MARATHI ,41,19,22,0,0,0,41,19,22
C0116,28,538,575384,Jadcherla (CT),013071, Marathi,41,19,22,0,0,0,41,19,22
C0116,28,538,575384,Jadcherla (CT),014000,14 NEPALI ,15,8,7,0,0,0,15,8,7
C0116,28,538,575384,Jadcherla (CT),014011, Nepali,15,8,7,0,0,0,15,8,7
C0116,28,538,575384,Jadcherla (CT),015000,15 ODIA ,3,1,2,0,0,0,3,1,2
C0116,28,538,575384,Jadcherla (CT),015043, Odia,3,1,2,0,0,0,3,1,2
C0116,28,538,575384,Jadcherla (CT),017000,17 SANSKRIT ,5,2,3,0,0,0,5,2,3
C0116,28,538,575384,Jadcherla (CT),017002, Sanskrit,5,2,3,0,0,0,5,2,3
C0116,28,538,575384,Jadcherla (CT),020000,20 TAMIL ,40,22,18,0,0,0,40,22,18
C0116,28,538,575384,Jadcherla (CT),020027, Tamil,34,20,14,0,0,0,34,20,14
C0116,28,538,575384,Jadcherla (CT),020029, Yerukala/Yerukula,6,2,4,0,0,0,6,2,4
C0116,28,538,575384,Jadcherla (CT),021000,21 TELUGU ,12269,6099,6170,0,0,0,12269,6099,6170
C0116,28,538,575384,Jadcherla (CT),021046, Telugu,12269,6099,6170,0,0,0,12269,6099,6170
C0116,28,538,575384,Jadcherla (CT),022000,22 URDU,4855,2436,2419,0,0,0,4855,2436,2419
C0116,28,538,575384,Jadcherla (CT),022015, Urdu,4855,2436,2419,0,0,0,4855,2436,2419
C0116,28,538,575384,Jadcherla (CT),040000,40 ENGLISH ,2,2,0,0,0,0,2,2,0
C0116,28,538,575384,Jadcherla (CT),040001, English,2,2,0,0,0,0,2,2,0
C0116,28,538,575385,Badepalle (CT),002000,2 BENGALI ,4,2,2,0,0,0,4,2,2
C0116,28,538,575385,Badepalle (CT),002007, Bengali,4,2,2,0,0,0,4,2,2
C0116,28,538,575385,Badepalle (CT),005000,5 GUJARATI,66,32,34,0,0,0,66,32,34
C0116,28,538,575385,Badepalle (CT),005018, Gujarati,62,31,31,0,0,0,62,31,31
C0116,28,538,575385,Badepalle (CT),005999,5 Others,4,1,3,0,0,0,4,1,3
C0116,28,538,575385,Badepalle (CT),006000,6 HINDI ,841,458,383,0,0,0,841,458,383
C0116,28,538,575385,Badepalle (CT),006066, Banjari,19,8,11,0,0,0,19,8,11
C0116,28,538,575385,Badepalle (CT),006240, Hindi,338,184,154,0,0,0,338,184,154
C0116,28,538,575385,Badepalle (CT),006353, Lamani/Lambadi,324,185,139,0,0,0,324,185,139
C0116,28,538,575385,Badepalle (CT),006400, Marwari,159,80,79,0,0,0,159,80,79
C0116,28,538,575385,Badepalle (CT),006541, Sugali,1,1,0,0,0,0,1,1,0
C0116,28,538,575385,Badepalle (CT),007000,7 KANNADA,81,36,45,0,0,0,81,36,45
C0116,28,538,575385,Badepalle (CT),007016, Kannada,80,36,44,0,0,0,80,36,44
C0116,28,538,575385,Badepalle (CT),007999,7 Others,1,0,1,0,0,0,1,0,1
C0116,28,538,575385,Badepalle (CT),011000,11 MALAYALAM,8,3,5,0,0,0,8,3,5
C0116,28,538,575385,Badepalle (CT),011016, Malayalam,8,3,5,0,0,0,8,3,5
C0116,28,538,575385,Badepalle (CT),013000,13 MARATHI ,212,101,111,0,0,0,212,101,111
C0116,28,538,575385,Badepalle (CT),013071, Marathi,212,101,111,0,0,0,212,101,111
C0116,28,538,575385,Badepalle (CT),014000,14 NEPALI ,4,3,1,0,0,0,4,3,1
C0116,28,538,575385,Badepalle (CT),014011, Nepali,4,3,1,0,0,0,4,3,1
C0116,28,538,575385,Badepalle (CT),016000,16 PUNJABI ,7,3,4,0,0,0,7,3,4
C0116,28,538,575385,Badepalle (CT),016038, Punjabi,7,3,4,0,0,0,7,3,4
C0116,28,538,575385,Badepalle (CT),019000,19 SINDHI,6,4,2,0,0,0,6,4,2
C0116,28,538,575385,Badepalle (CT),019008, Kachchhi,6,4,2,0,0,0,6,4,2
C0116,28,538,575385,Badepalle (CT),020000,20 TAMIL ,6,2,4,0,0,0,6,2,4
C0116,28,538,575385,Badepalle (CT),020027, Tamil,6,2,4,0,0,0,6,2,4
C0116,28,538,575385,Badepalle (CT),021000,21 TELUGU ,22773,11329,11444,0,0,0,22773,11329,11444
C0116,28,538,575385,Badepalle (CT),021046, Telugu,22773,11329,11444,0,0,0,22773,11329,11444
C0116,28,538,575385,Badepalle (CT),022000,22 URDU,8589,4355,4234,0,0,0,8589,4355,4234
C0116,28,538,575385,Badepalle (CT),022015, Urdu,8589,4355,4234,0,0,0,8589,4355,4234
C0116,28,538,575385,Badepalle (CT),040000,40 ENGLISH ,1,1,0,0,0,0,1,1,0
C0116,28,538,575385,Badepalle (CT),040001, English,1,1,0,0,0,0,1,1,0
C0116,28,538,575402,Boyapalle (CT),006000,6 HINDI ,1453,729,724,0,0,0,1453,729,724
C0116,28,538,575402,Boyapalle (CT),006240, Hindi,5,3,2,0,0,0,5,3,2
C0116,28,538,575402,Boyapalle (CT),006353, Lamani/Lambadi,1448,726,722,0,0,0,1448,726,722
C0116,28,538,575402,Boyapalle (CT),007000,7 KANNADA,16,6,10,0,0,0,16,6,10
C0116,28,538,575402,Boyapalle (CT),007016, Kannada,16,6,10,0,0,0,16,6,10
C0116,28,538,575402,Boyapalle (CT),013000,13 MARATHI ,3,1,2,0,0,0,3,1,2
C0116,28,538,575402,Boyapalle (CT),013071, Marathi,3,1,2,0,0,0,3,1,2
C0116,28,538,575402,Boyapalle (CT),020000,20 TAMIL ,19,10,9,0,0,0,19,10,9
C0116,28,538,575402,Boyapalle (CT),020029, Yerukala/Yerukula,19,10,9,0,0,0,19,10,9
C0116,28,538,575402,Boyapalle (CT),021000,21 TELUGU ,6783,3398,3385,0,0,0,6783,3398,3385
C0116,28,538,575402,Boyapalle (CT),021046, Telugu,6783,3398,3385,0,0,0,6783,3398,3385
C0116,28,538,575402,Boyapalle (CT),022000,22 URDU,971,468,503,0,0,0,971,468,503
C0116,28,538,575402,Boyapalle (CT),022015, Urdu,971,468,503,0,0,0,971,468,503
C0116,28,538,575402,Boyapalle (CT),069000,69 KOYA ,2,1,1,0,0,0,2,1,1
C0116,28,538,575402,Boyapalle (CT),069002, Koya,2,1,1,0,0,0,2,1,1
C0116,28,538,575403,Yenugonda (CT),005000,5 GUJARATI,15,6,9,0,0,0,15,6,9
C0116,28,538,575403,Yenugonda (CT),005018, Gujarati,15,6,9,0,0,0,15,6,9
C0116,28,538,575403,Yenugonda (CT),006000,6 HINDI ,381,183,198,0,0,0,381,183,198
C0116,28,538,575403,Yenugonda (CT),006240, Hindi,86,42,44,0,0,0,86,42,44
C0116,28,538,575403,Yenugonda (CT),006353, Lamani/Lambadi,285,137,148,0,0,0,285,137,148
C0116,28,538,575403,Yenugonda (CT),006999,6 Others,10,4,6,0,0,0,10,4,6
C0116,28,538,575403,Yenugonda (CT),007000,7 KANNADA,88,42,46,0,0,0,88,42,46
C0116,28,538,575403,Yenugonda (CT),007016, Kannada,88,42,46,0,0,0,88,42,46
C0116,28,538,575403,Yenugonda (CT),011000,11 MALAYALAM,8,8,0,0,0,0,8,8,0
C0116,28,538,575403,Yenugonda (CT),011016, Malayalam,8,8,0,0,0,0,8,8,0
C0116,28,538,575403,Yenugonda (CT),013000,13 MARATHI ,126,56,70,0,0,0,126,56,70
C0116,28,538,575403,Yenugonda (CT),013071, Marathi,126,56,70,0,0,0,126,56,70
C0116,28,538,575403,Yenugonda (CT),015000,15 ODIA ,3,1,2,0,0,0,3,1,2
C0116,28,538,575403,Yenugonda (CT),015043, Odia,3,1,2,0,0,0,3,1,2
C0116,28,538,575403,Yenugonda (CT),016000,16 PUNJABI ,1,0,1,0,0,0,1,0,1
C0116,28,538,575403,Yenugonda (CT),016038, Punjabi,1,0,1,0,0,0,1,0,1
C0116,28,538,575403,Yenugonda (CT),020000,20 TAMIL ,5,2,3,0,0,0,5,2,3
C0116,28,538,575403,Yenugonda (CT),020027, Tamil,5,2,3,0,0,0,5,2,3
C0116,28,538,575403,Yenugonda (CT),021000,21 TELUGU ,8978,4544,4434,0,0,0,8978,4544,4434
C0116,28,538,575403,Yenugonda (CT),021046, Telugu,8978,4544,4434,0,0,0,8978,4544,4434
C0116,28,538,575403,Yenugonda (CT),022000,22 URDU,1000,487,513,0,0,0,1000,487,513
C0116,28,538,575403,Yenugonda (CT),022015, Urdu,1000,487,513,0,0,0,1000,487,513
C0116,28,538,575403,Yenugonda (CT),124000,124 OTHERS,6,2,4,0,0,0,6,2,4
C0116,28,538,575593,Kalwakurthy (CT),001000,1 ASSAMESE,3,2,1,0,0,0,3,2,1
C0116,28,538,575593,Kalwakurthy (CT),001002, Assamese,3,2,1,0,0,0,3,2,1
C0116,28,538,575593,Kalwakurthy (CT),002000,2 BENGALI ,8,6,2,0,0,0,8,6,2
C0116,28,538,575593,Kalwakurthy (CT),002007, Bengali,8,6,2,0,0,0,8,6,2
C0116,28,538,575593,Kalwakurthy (CT),005000,5 GUJARATI,7,4,3,0,0,0,7,4,3
C0116,28,538,575593,Kalwakurthy (CT),005018, Gujarati,7,4,3,0,0,0,7,4,3
C0116,28,538,575593,Kalwakurthy (CT),006000,6 HINDI ,1881,1169,712,0,0,0,1881,1169,712
C0116,28,538,575593,Kalwakurthy (CT),006240, Hindi,141,77,64,0,0,0,141,77,64
C0116,28,538,575593,Kalwakurthy (CT),006353, Lamani/Lambadi,1739,1091,648,0,0,0,1739,1091,648
C0116,28,538,575593,Kalwakurthy (CT),006999,6 Others,1,1,0,0,0,0,1,1,0
C0116,28,538,575593,Kalwakurthy (CT),007000,7 KANNADA,24,15,9,0,0,0,24,15,9
C0116,28,538,575593,Kalwakurthy (CT),007016, Kannada,24,15,9,0,0,0,24,15,9
C0116,28,538,575593,Kalwakurthy (CT),011000,11 MALAYALAM,4,3,1,0,0,0,4,3,1
C0116,28,538,575593,Kalwakurthy (CT),011016, Malayalam,4,3,1,0,0,0,4,3,1
C0116,28,538,575593,Kalwakurthy (CT),013000,13 MARATHI ,20,10,10,0,0,0,20,10,10
C0116,28,538,575593,Kalwakurthy (CT),013004, Are,3,1,2,0,0,0,3,1,2
C0116,28,538,575593,Kalwakurthy (CT),013071, Marathi,17,9,8,0,0,0,17,9,8
C0116,28,538,575593,Kalwakurthy (CT),015000,15 ODIA ,7,3,4,0,0,0,7,3,4
C0116,28,538,575593,Kalwakurthy (CT),015043, Odia,7,3,4,0,0,0,7,3,4
C0116,28,538,575593,Kalwakurthy (CT),016000,16 PUNJABI ,1,1,0,0,0,0,1,1,0
C0116,28,538,575593,Kalwakurthy (CT),016038, Punjabi,1,1,0,0,0,0,1,1,0
C0116,28,538,575593,Kalwakurthy (CT),020000,20 TAMIL ,59,32,27,0,0,0,59,32,27
C0116,28,538,575593,Kalwakurthy (CT),020027, Tamil,28,18,10,0,0,0,28,18,10
C0116,28,538,575593,Kalwakurthy (CT),020029, Yerukala/Yerukula,31,14,17,0,0,0,31,14,17
C0116,28,538,575593,Kalwakurthy (CT),021000,21 TELUGU ,20510,10250,10260,0,0,0,20510,10250,10260
C0116,28,538,575593,Kalwakurthy (CT),021046, Telugu,20510,10250,10260,0,0,0,20510,10250,10260
C0116,28,538,575593,Kalwakurthy (CT),022000,22 URDU,5533,2818,2715,0,0,0,5533,2818,2715
C0116,28,538,575593,Kalwakurthy (CT),022015, Urdu,5533,2818,2715,0,0,0,5533,2818,2715
C0116,28,538,575593,Kalwakurthy (CT),040000,40 ENGLISH ,3,0,3,0,0,0,3,0,3
C0116,28,538,575593,Kalwakurthy (CT),040001, English,3,0,3,0,0,0,3,0,3
C0116,28,538,575632,Vatwarlapalle (CT),006000,6 HINDI ,328,171,157,0,0,0,328,171,157
C0116,28,538,575632,Vatwarlapalle (CT),006066, Banjari,6,2,4,0,0,0,6,2,4
C0116,28,538,575632,Vatwarlapalle (CT),006240, Hindi,72,34,38,0,0,0,72,34,38
C0116,28,538,575632,Vatwarlapalle (CT),006353, Lamani/Lambadi,250,135,115,0,0,0,250,135,115
C0116,28,538,575632,Vatwarlapalle (CT),007000,7 KANNADA,9,5,4,0,0,0,9,5,4
C0116,28,538,575632,Vatwarlapalle (CT),007016, Kannada,9,5,4,0,0,0,9,5,4
C0116,28,538,575632,Vatwarlapalle (CT),011000,11 MALAYALAM,1,0,1,0,0,0,1,0,1
C0116,28,538,575632,Vatwarlapalle (CT),011016, Malayalam,1,0,1,0,0,0,1,0,1
C0116,28,538,575632,Vatwarlapalle (CT),013000,13 MARATHI ,17,9,8,0,0,0,17,9,8
C0116,28,538,575632,Vatwarlapalle (CT),013071, Marathi,17,9,8,0,0,0,17,9,8
C0116,28,538,575632,Vatwarlapalle (CT),014000,14 NEPALI ,2,1,1,0,0,0,2,1,1
C0116,28,538,575632,Vatwarlapalle (CT),014011, Nepali,2,1,1,0,0,0,2,1,1
C0116,28,538,575632,Vatwarlapalle (CT),015000,15 ODIA ,6,3,3,0,0,0,6,3,3
C0116,28,538,575632,Vatwarlapalle (CT),015043, Odia,6,3,3,0,0,0,6,3,3
C0116,28,538,575632,Vatwarlapalle (CT),020000,20 TAMIL ,2,1,1,0,0,0,2,1,1
C0116,28,538,575632,Vatwarlapalle (CT),020027, Tamil,2,1,1,0,0,0,2,1,1
C0116,28,538,575632,Vatwarlapalle (CT),021000,21 TELUGU ,3742,1857,1885,0,0,0,3742,1857,1885
C0116,28,538,575632,Vatwarlapalle (CT),021046, Telugu,3742,1857,1885,0,0,0,3742,1857,1885
C0116,28,538,575632,Vatwarlapalle (CT),022000,22 URDU,433,213,220,0,0,0,433,213,220
C0116,28,538,575632,Vatwarlapalle (CT),022015, Urdu,433,213,220,0,0,0,433,213,220
C0116,28,538,575632,Vatwarlapalle (CT),032000,32 BHUMIJ ,4,1,3,0,0,0,4,1,3
C0116,28,538,575632,Vatwarlapalle (CT),032999,32 Others,4,1,3,0,0,0,4,1,3
C0116,28,538,575653,Achampet (CT),006000,6 HINDI ,1415,893,522,0,0,0,1415,893,522
C0116,28,538,575653,Achampet (CT),006066, Banjari,75,35,40,0,0,0,75,35,40
C0116,28,538,575653,Achampet (CT),006240, Hindi,320,167,153,0,0,0,320,167,153
C0116,28,538,575653,Achampet (CT),006353, Lamani/Lambadi,1017,690,327,0,0,0,1017,690,327
C0116,28,538,575653,Achampet (CT),006400, Marwari,3,1,2,0,0,0,3,1,2
C0116,28,538,575653,Achampet (CT),007000,7 KANNADA,14,8,6,0,0,0,14,8,6
C0116,28,538,575653,Achampet (CT),007016, Kannada,14,8,6,0,0,0,14,8,6
C0116,28,538,575653,Achampet (CT),011000,11 MALAYALAM,4,3,1,0,0,0,4,3,1
C0116,28,538,575653,Achampet (CT),011016, Malayalam,4,3,1,0,0,0,4,3,1
C0116,28,538,575653,Achampet (CT),013000,13 MARATHI ,17,9,8,0,0,0,17,9,8
C0116,28,538,575653,Achampet (CT),013071, Marathi,17,9,8,0,0,0,17,9,8
C0116,28,538,575653,Achampet (CT),014000,14 NEPALI ,3,2,1,0,0,0,3,2,1
C0116,28,538,575653,Achampet (CT),014011, Nepali,3,2,1,0,0,0,3,2,1
C0116,28,538,575653,Achampet (CT),016000,16 PUNJABI ,8,4,4,0,0,0,8,4,4
C0116,28,538,575653,Achampet (CT),016038, Punjabi,8,4,4,0,0,0,8,4,4
C0116,28,538,575653,Achampet (CT),020000,20 TAMIL ,43,24,19,0,0,0,43,24,19
C0116,28,538,575653,Achampet (CT),020027, Tamil,13,8,5,0,0,0,13,8,5
C0116,28,538,575653,Achampet (CT),020029, Yerukala/Yerukula,30,16,14,0,0,0,30,16,14
C0116,28,538,575653,Achampet (CT),021000,21 TELUGU ,15696,8310,7386,0,0,0,15696,8310,7386
C0116,28,538,575653,Achampet (CT),021046, Telugu,15693,8307,7386,0,0,0,15693,8307,7386
C0116,28,538,575653,Achampet (CT),021999,21 Others,3,3,0,0,0,0,3,3,0
C0116,28,538,575653,Achampet (CT),022000,22 URDU,3519,1777,1742,0,0,0,3519,1777,1742
C0116,28,538,575653,Achampet (CT),022015, Urdu,3519,1777,1742,0,0,0,3519,1777,1742
C0116,28,538,575653,Achampet (CT),040000,40 ENGLISH ,1,1,0,0,0,0,1,1,0
C0116,28,538,575653,Achampet (CT),040001, English,1,1,0,0,0,0,1,1,0
C0116,28,538,575653,Achampet (CT),124000,124 OTHERS,1,0,1,0,0,0,1,0,1
C0116,28,538,575654,Tangapur (CT),006000,6 HINDI ,393,212,181,0,0,0,393,212,181
C0116,28,538,575654,Tangapur (CT),006240, Hindi,45,18,27,0,0,0,45,18,27
C0116,28,538,575654,Tangapur (CT),006353, Lamani/Lambadi,345,192,153,0,0,0,345,192,153
C0116,28,538,575654,Tangapur (CT),006400, Marwari,3,2,1,0,0,0,3,2,1
C0116,28,538,575654,Tangapur (CT),013000,13 MARATHI ,103,48,55,0,0,0,103,48,55
C0116,28,538,575654,Tangapur (CT),013071, Marathi,103,48,55,0,0,0,103,48,55
C0116,28,538,575654,Tangapur (CT),020000,20 TAMIL ,28,14,14,0,0,0,28,14,14
C0116,28,538,575654,Tangapur (CT),020027, Tamil,6,3,3,0,0,0,6,3,3
C0116,28,538,575654,Tangapur (CT),020029, Yerukala/Yerukula,22,11,11,0,0,0,22,11,11
C0116,28,538,575654,Tangapur (CT),021000,21 TELUGU ,5507,2708,2799,0,0,0,5507,2708,2799
C0116,28,538,575654,Tangapur (CT),021046, Telugu,5506,2708,2798,0,0,0,5506,2708,2798
C0116,28,538,575654,Tangapur (CT),021999,21 Others,1,0,1,0,0,0,1,0,1
C0116,28,538,575654,Tangapur (CT),022000,22 URDU,1669,825,844,0,0,0,1669,825,844
C0116,28,538,575654,Tangapur (CT),022015, Urdu,1669,825,844,0,0,0,1669,825,844
C0116,28,538,575654,Tangapur (CT),124000,124 OTHERS,4,3,1,0,0,0,4,3,1
C0116,28,538,575744,Nagarkurnool (CT),005000,5 GUJARATI,7,4,3,0,0,0,7,4,3
C0116,28,538,575744,Nagarkurnool (CT),005018, Gujarati,6,4,2,0,0,0,6,4,2
C0116,28,538,575744,Nagarkurnool (CT),005999,5 Others,1,0,1,0,0,0,1,0,1
C0116,28,538,575744,Nagarkurnool (CT),006000,6 HINDI ,138,80,58,0,0,0,138,80,58
C0116,28,538,575744,Nagarkurnool (CT),006066, Banjari,4,2,2,0,0,0,4,2,2
C0116,28,538,575744,Nagarkurnool (CT),006240, Hindi,90,47,43,0,0,0,90,47,43
C0116,28,538,575744,Nagarkurnool (CT),006353, Lamani/Lambadi,38,27,11,0,0,0,38,27,11
C0116,28,538,575744,Nagarkurnool (CT),006489, Rajasthani,6,4,2,0,0,0,6,4,2
C0116,28,538,575744,Nagarkurnool (CT),007000,7 KANNADA,18,10,8,0,0,0,18,10,8
C0116,28,538,575744,Nagarkurnool (CT),007016, Kannada,18,10,8,0,0,0,18,10,8
C0116,28,538,575744,Nagarkurnool (CT),011000,11 MALAYALAM,7,2,5,0,0,0,7,2,5
C0116,28,538,575744,Nagarkurnool (CT),011016, Malayalam,7,2,5,0,0,0,7,2,5
C0116,28,538,575744,Nagarkurnool (CT),013000,13 MARATHI ,67,39,28,0,0,0,67,39,28
C0116,28,538,575744,Nagarkurnool (CT),013071, Marathi,67,39,28,0,0,0,67,39,28
C0116,28,538,575744,Nagarkurnool (CT),014000,14 NEPALI ,7,4,3,0,0,0,7,4,3
C0116,28,538,575744,Nagarkurnool (CT),014011, Nepali,7,4,3,0,0,0,7,4,3
C0116,28,538,575744,Nagarkurnool (CT),016000,16 PUNJABI ,3,2,1,0,0,0,3,2,1
C0116,28,538,575744,Nagarkurnool (CT),016038, Punjabi,3,2,1,0,0,0,3,2,1
C0116,28,538,575744,Nagarkurnool (CT),020000,20 TAMIL ,139,74,65,0,0,0,139,74,65
C0116,28,538,575744,Nagarkurnool (CT),020027, Tamil,9,4,5,0,0,0,9,4,5
C0116,28,538,575744,Nagarkurnool (CT),020029, Yerukala/Yerukula,130,70,60,0,0,0,130,70,60
C0116,28,538,575744,Nagarkurnool (CT),021000,21 TELUGU ,20676,10401,10275,0,0,0,20676,10401,10275
C0116,28,538,575744,Nagarkurnool (CT),021046, Telugu,20676,10401,10275,0,0,0,20676,10401,10275
C0116,28,538,575744,Nagarkurnool (CT),022000,22 URDU,5731,2816,2915,0,0,0,5731,2816,2915
C0116,28,538,575744,Nagarkurnool (CT),022015, Urdu,5731,2816,2915,0,0,0,5731,2816,2915
C0116,28,538,575744,Nagarkurnool (CT),040000,40 ENGLISH ,8,2,6,0,0,0,8,2,6
C0116,28,538,575744,Nagarkurnool (CT),040001, English,8,2,6,0,0,0,8,2,6
C0116,28,538,575835,Chinnachintakunta (CT),006000,6 HINDI ,15,4,11,0,0,0,15,4,11
C0116,28,538,575835,Chinnachintakunta (CT),006240, Hindi,7,3,4,0,0,0,7,3,4
C0116,28,538,575835,Chinnachintakunta (CT),006353, Lamani/Lambadi,6,0,6,0,0,0,6,0,6
C0116,28,538,575835,Chinnachintakunta (CT),006400, Marwari,2,1,1,0,0,0,2,1,1
C0116,28,538,575835,Chinnachintakunta (CT),013000,13 MARATHI ,18,10,8,0,0,0,18,10,8
C0116,28,538,575835,Chinnachintakunta (CT),013071, Marathi,18,10,8,0,0,0,18,10,8
C0116,28,538,575835,Chinnachintakunta (CT),020000,20 TAMIL ,25,15,10,0,0,0,25,15,10
C0116,28,538,575835,Chinnachintakunta (CT),020029, Yerukala/Yerukula,25,15,10,0,0,0,25,15,10
C0116,28,538,575835,Chinnachintakunta (CT),021000,21 TELUGU ,4747,2279,2468,0,0,0,4747,2279,2468
C0116,28,538,575835,Chinnachintakunta (CT),021046, Telugu,4747,2279,2468,0,0,0,4747,2279,2468
C0116,28,538,575835,Chinnachintakunta (CT),022000,22 URDU,832,393,439,0,0,0,832,393,439
C0116,28,538,575835,Chinnachintakunta (CT),022015, Urdu,832,393,439,0,0,0,832,393,439
C0116,28,538,575990,Atmakur (CT),005000,5 GUJARATI,16,13,3,0,0,0,16,13,3
C0116,28,538,575990,Atmakur (CT),005018, Gujarati,16,13,3,0,0,0,16,13,3
C0116,28,538,575990,Atmakur (CT),006000,6 HINDI ,107,57,50,0,0,0,107,57,50
C0116,28,538,575990,Atmakur (CT),006240, Hindi,76,38,38,0,0,0,76,38,38
C0116,28,538,575990,Atmakur (CT),006353, Lamani/Lambadi,30,18,12,0,0,0,30,18,12
C0116,28,538,575990,Atmakur (CT),006400, Marwari,1,1,0,0,0,0,1,1,0
C0116,28,538,575990,Atmakur (CT),007000,7 KANNADA,38,17,21,0,0,0,38,17,21
C0116,28,538,575990,Atmakur (CT),007016, Kannada,38,17,21,0,0,0,38,17,21
C0116,28,538,575990,Atmakur (CT),011000,11 MALAYALAM,15,3,12,0,0,0,15,3,12
C0116,28,538,575990,Atmakur (CT),011016, Malayalam,15,3,12,0,0,0,15,3,12
C0116,28,538,575990,Atmakur (CT),013000,13 MARATHI ,180,94,86,0,0,0,180,94,86
C0116,28,538,575990,Atmakur (CT),013071, Marathi,180,94,86,0,0,0,180,94,86
C0116,28,538,575990,Atmakur (CT),020000,20 TAMIL ,133,69,64,0,0,0,133,69,64
C0116,28,538,575990,Atmakur (CT),020027, Tamil,3,3,0,0,0,0,3,3,0
C0116,28,538,575990,Atmakur (CT),020029, Yerukala/Yerukula,130,66,64,0,0,0,130,66,64
C0116,28,538,575990,Atmakur (CT),021000,21 TELUGU ,9780,4916,4864,0,0,0,9780,4916,4864
C0116,28,538,575990,Atmakur (CT),021046, Telugu,9780,4916,4864,0,0,0,9780,4916,4864
C0116,28,538,575990,Atmakur (CT),022000,22 URDU,2027,1025,1002,0,0,0,2027,1025,1002
C0116,28,538,575990,Atmakur (CT),022015, Urdu,2027,1025,1002,0,0,0,2027,1025,1002
C0116,28,538,575990,Atmakur (CT),040000,40 ENGLISH ,1,0,1,0,0,0,1,0,1
C0116,28,538,575990,Atmakur (CT),040001, English,1,0,1,0,0,0,1,0,1
C0116,28,538,576024,Kothakota (CT),002000,2 BENGALI ,6,5,1,0,0,0,6,5,1
C0116,28,538,576024,Kothakota (CT),002007, Bengali,6,5,1,0,0,0,6,5,1
C0116,28,538,576024,Kothakota (CT),006000,6 HINDI ,58,28,30,0,0,0,58,28,30
C0116,28,538,576024,Kothakota (CT),006240, Hindi,28,13,15,0,0,0,28,13,15
C0116,28,538,576024,Kothakota (CT),006353, Lamani/Lambadi,22,11,11,0,0,0,22,11,11
C0116,28,538,576024,Kothakota (CT),006400, Marwari,8,4,4,0,0,0,8,4,4
C0116,28,538,576024,Kothakota (CT),007000,7 KANNADA,14,8,6,0,0,0,14,8,6
C0116,28,538,576024,Kothakota (CT),007016, Kannada,14,8,6,0,0,0,14,8,6
C0116,28,538,576024,Kothakota (CT),013000,13 MARATHI ,98,48,50,0,0,0,98,48,50
C0116,28,538,576024,Kothakota (CT),013071, Marathi,98,48,50,0,0,0,98,48,50
C0116,28,538,576024,Kothakota (CT),014000,14 NEPALI ,5,3,2,0,0,0,5,3,2
C0116,28,538,576024,Kothakota (CT),014011, Nepali,5,3,2,0,0,0,5,3,2
C0116,28,538,576024,Kothakota (CT),020000,20 TAMIL ,46,23,23,0,0,0,46,23,23
C0116,28,538,576024,Kothakota (CT),020029, Yerukala/Yerukula,46,23,23,0,0,0,46,23,23
C0116,28,538,576024,Kothakota (CT),021000,21 TELUGU ,14926,7530,7396,0,0,0,14926,7530,7396
C0116,28,538,576024,Kothakota (CT),021046, Telugu,14926,7530,7396,0,0,0,14926,7530,7396
C0116,28,538,576024,Kothakota (CT),022000,22 URDU,3888,1964,1924,0,0,0,3888,1964,1924
C0116,28,538,576024,Kothakota (CT),022015, Urdu,3888,1964,1924,0,0,0,3888,1964,1924
C0116,28,538,576024,Kothakota (CT),117000,117 TULU ,1,1,0,0,0,0,1,1,0
C0116,28,538,576024,Kothakota (CT),117009, Tulu,1,1,0,0,0,0,1,1,0
C0116,28,539,000000,Nalgonda,001000,1 ASSAMESE,21,19,2,0,0,0,21,19,2
C0116,28,539,000000,Nalgonda,001002, Assamese,21,19,2,0,0,0,21,19,2
C0116,28,539,000000,Nalgonda,002000,2 BENGALI ,168,110,58,0,0,0,168,110,58
C0116,28,539,000000,Nalgonda,002007, Bengali,168,110,58,0,0,0,168,110,58
C0116,28,539,000000,Nalgonda,005000,5 GUJARATI,80,34,46,0,0,0,80,34,46
C0116,28,539,000000,Nalgonda,005018, Gujarati,60,28,32,0,0,0,60,28,32
C0116,28,539,000000,Nalgonda,005999,5 Others,20,6,14,0,0,0,20,6,14
C0116,28,539,000000,Nalgonda,006000,6 HINDI ,22255,12260,9995,0,0,0,22255,12260,9995
C0116,28,539,000000,Nalgonda,006066, Banjari,221,196,25,0,0,0,221,196,25
C0116,28,539,000000,Nalgonda,006102, Bhojpuri,26,17,9,0,0,0,26,17,9
C0116,28,539,000000,Nalgonda,006240, Hindi,3538,1886,1652,0,0,0,3538,1886,1652
C0116,28,539,000000,Nalgonda,006320, Khortha/Khotta,6,4,2,0,0,0,6,4,2
C0116,28,539,000000,Nalgonda,006353, Lamani/Lambadi,18000,9886,8114,0,0,0,18000,9886,8114
C0116,28,539,000000,Nalgonda,006400, Marwari,185,110,75,0,0,0,185,110,75
C0116,28,539,000000,Nalgonda,006489, Rajasthani,173,102,71,0,0,0,173,102,71
C0116,28,539,000000,Nalgonda,006541, Sugali,21,13,8,0,0,0,21,13,8
C0116,28,539,000000,Nalgonda,006999,6 Others,85,46,39,0,0,0,85,46,39
C0116,28,539,000000,Nalgonda,007000,7 KANNADA,312,169,143,0,0,0,312,169,143
C0116,28,539,000000,Nalgonda,007016, Kannada,312,169,143,0,0,0,312,169,143
C0116,28,539,000000,Nalgonda,009000,9 KONKANI,7,4,3,0,0,0,7,4,3
C0116,28,539,000000,Nalgonda,009011, Konkani,7,4,3,0,0,0,7,4,3
C0116,28,539,000000,Nalgonda,010000,10 MAITHILI ,7,5,2,0,0,0,7,5,2
C0116,28,539,000000,Nalgonda,010008, Maithili,7,5,2,0,0,0,7,5,2
C0116,28,539,000000,Nalgonda,011000,11 MALAYALAM,412,192,220,0,0,0,412,192,220
C0116,28,539,000000,Nalgonda,011016, Malayalam,412,192,220,0,0,0,412,192,220
C0116,28,539,000000,Nalgonda,013000,13 MARATHI ,1595,856,739,0,0,0,1595,856,739
C0116,28,539,000000,Nalgonda,013004, Are,5,1,4,0,0,0,5,1,4
C0116,28,539,000000,Nalgonda,013071, Marathi,1584,852,732,0,0,0,1584,852,732
C0116,28,539,000000,Nalgonda,013999,13 Others,6,3,3,0,0,0,6,3,3
C0116,28,539,000000,Nalgonda,014000,14 NEPALI ,133,71,62,0,0,0,133,71,62
C0116,28,539,000000,Nalgonda,014011, Nepali,133,71,62,0,0,0,133,71,62
C0116,28,539,000000,Nalgonda,015000,15 ODIA ,160,94,66,0,0,0,160,94,66
C0116,28,539,000000,Nalgonda,015043, Odia,148,88,60,0,0,0,148,88,60
C0116,28,539,000000,Nalgonda,015055, Relli,3,2,1,0,0,0,3,2,1
C0116,28,539,000000,Nalgonda,015999,15 Others,9,4,5,0,0,0,9,4,5
C0116,28,539,000000,Nalgonda,016000,16 PUNJABI ,279,140,139,0,0,0,279,140,139
C0116,28,539,000000,Nalgonda,016038, Punjabi,279,140,139,0,0,0,279,140,139
C0116,28,539,000000,Nalgonda,018000,18 SANTALI ,5,2,3,0,0,0,5,2,3
C0116,28,539,000000,Nalgonda,018040, Santali,5,2,3,0,0,0,5,2,3
C0116,28,539,000000,Nalgonda,020000,20 TAMIL ,2120,1073,1047,0,0,0,2120,1073,1047
C0116,28,539,000000,Nalgonda,020027, Tamil,823,433,390,0,0,0,823,433,390
C0116,28,539,000000,Nalgonda,020029, Yerukala/Yerukula,1297,640,657,0,0,0,1297,640,657
C0116,28,539,000000,Nalgonda,021000,21 TELUGU ,547956,273400,274556,0,0,0,547956,273400,274556
C0116,28,539,000000,Nalgonda,021046, Telugu,547952,273396,274556,0,0,0,547952,273396,274556
C0116,28,539,000000,Nalgonda,021999,21 Others,4,4,0,0,0,0,4,4,0
C0116,28,539,000000,Nalgonda,022000,22 URDU,86839,43544,43295,0,0,0,86839,43544,43295
C0116,28,539,000000,Nalgonda,022015, Urdu,86839,43544,43295,0,0,0,86839,43544,43295
C0116,28,539,000000,Nalgonda,030000,30 BHILI/BHILODI ,1,1,0,0,0,0,1,1,0
C0116,28,539,000000,Nalgonda,030066, Paradhi,1,1,0,0,0,0,1,1,0
C0116,28,539,000000,Nalgonda,040000,40 ENGLISH ,56,36,20,0,0,0,56,36,20
C0116,28,539,000000,Nalgonda,040001, English,56,36,20,0,0,0,56,36,20
C0116,28,539,000000,Nalgonda,044000,44 GONDI,4,2,2,0,0,0,4,2,2
C0116,28,539,000000,Nalgonda,044007, Gondi,4,2,2,0,0,0,4,2,2
C0116,28,539,000000,Nalgonda,069000,69 KOYA ,59,25,34,0,0,0,59,25,34
C0116,28,539,000000,Nalgonda,069002, Koya,59,25,34,0,0,0,59,25,34
C0116,28,539,000000,Nalgonda,108000,108 SHERPA ,12,7,5,0,0,0,12,7,5
C0116,28,539,000000,Nalgonda,108001, Sherpa,12,7,5,0,0,0,12,7,5
C0116,28,539,000000,Nalgonda,117000,117 TULU ,5,3,2,0,0,0,5,3,2
C0116,28,539,000000,Nalgonda,117999,117 Others ,5,3,2,0,0,0,5,3,2
C0116,28,539,000000,Nalgonda,124000,124 OTHERS,21,9,12,0,0,0,21,9,12
C0116,28,539,802926,Bhongir (M),002000,2 BENGALI ,4,2,2,0,0,0,4,2,2
C0116,28,539,802926,Bhongir (M),002007, Bengali,4,2,2,0,0,0,4,2,2
C0116,28,539,802926,Bhongir (M),005000,5 GUJARATI,9,5,4,0,0,0,9,5,4
C0116,28,539,802926,Bhongir (M),005018, Gujarati,8,5,3,0,0,0,8,5,3
C0116,28,539,802926,Bhongir (M),005999,5 Others,1,0,1,0,0,0,1,0,1
C0116,28,539,802926,Bhongir (M),006000,6 HINDI ,1204,728,476,0,0,0,1204,728,476
C0116,28,539,802926,Bhongir (M),006066, Banjari,189,177,12,0,0,0,189,177,12
C0116,28,539,802926,Bhongir (M),006240, Hindi,632,325,307,0,0,0,632,325,307
C0116,28,539,802926,Bhongir (M),006320, Khortha/Khotta,6,4,2,0,0,0,6,4,2
C0116,28,539,802926,Bhongir (M),006353, Lamani/Lambadi,272,167,105,0,0,0,272,167,105
C0116,28,539,802926,Bhongir (M),006400, Marwari,23,13,10,0,0,0,23,13,10
C0116,28,539,802926,Bhongir (M),006489, Rajasthani,51,25,26,0,0,0,51,25,26
C0116,28,539,802926,Bhongir (M),006999,6 Others,31,17,14,0,0,0,31,17,14
C0116,28,539,802926,Bhongir (M),007000,7 KANNADA,61,35,26,0,0,0,61,35,26
C0116,28,539,802926,Bhongir (M),007016, Kannada,61,35,26,0,0,0,61,35,26
C0116,28,539,802926,Bhongir (M),011000,11 MALAYALAM,64,22,42,0,0,0,64,22,42
C0116,28,539,802926,Bhongir (M),011016, Malayalam,64,22,42,0,0,0,64,22,42
C0116,28,539,802926,Bhongir (M),013000,13 MARATHI ,137,65,72,0,0,0,137,65,72
C0116,28,539,802926,Bhongir (M),013071, Marathi,137,65,72,0,0,0,137,65,72
C0116,28,539,802926,Bhongir (M),014000,14 NEPALI ,4,2,2,0,0,0,4,2,2
C0116,28,539,802926,Bhongir (M),014011, Nepali,4,2,2,0,0,0,4,2,2
C0116,28,539,802926,Bhongir (M),015000,15 ODIA ,13,9,4,0,0,0,13,9,4
C0116,28,539,802926,Bhongir (M),015043, Odia,13,9,4,0,0,0,13,9,4
C0116,28,539,802926,Bhongir (M),016000,16 PUNJABI ,28,15,13,0,0,0,28,15,13
C0116,28,539,802926,Bhongir (M),016038, Punjabi,28,15,13,0,0,0,28,15,13
C0116,28,539,802926,Bhongir (M),020000,20 TAMIL ,109,63,46,0,0,0,109,63,46
C0116,28,539,802926,Bhongir (M),020027, Tamil,51,35,16,0,0,0,51,35,16
C0116,28,539,802926,Bhongir (M),020029, Yerukala/Yerukula,58,28,30,0,0,0,58,28,30
C0116,28,539,802926,Bhongir (M),021000,21 TELUGU ,43517,22049,21468,0,0,0,43517,22049,21468
C0116,28,539,802926,Bhongir (M),021046, Telugu,43517,22049,21468,0,0,0,43517,22049,21468
C0116,28,539,802926,Bhongir (M),022000,22 URDU,8159,4061,4098,0,0,0,8159,4061,4098
C0116,28,539,802926,Bhongir (M),022015, Urdu,8159,4061,4098,0,0,0,8159,4061,4098
C0116,28,539,802926,Bhongir (M),040000,40 ENGLISH ,8,6,2,0,0,0,8,6,2
C0116,28,539,802926,Bhongir (M),040001, English,8,6,2,0,0,0,8,6,2
C0116,28,539,802926,Bhongir (M),108000,108 SHERPA ,12,7,5,0,0,0,12,7,5
C0116,28,539,802926,Bhongir (M),108001, Sherpa,12,7,5,0,0,0,12,7,5
C0116,28,539,802926,Bhongir (M),124000,124 OTHERS,10,4,6,0,0,0,10,4,6
C0116,28,539,802927,Suryapet (M + OG),002000,2 BENGALI ,44,29,15,0,0,0,44,29,15
C0116,28,539,802927,Suryapet (M + OG),002007, Bengali,44,29,15,0,0,0,44,29,15
C0116,28,539,802927,Suryapet (M + OG),006000,6 HINDI ,5369,2950,2419,0,0,0,5369,2950,2419
C0116,28,539,802927,Suryapet (M + OG),006066, Banjari,7,4,3,0,0,0,7,4,3
C0116,28,539,802927,Suryapet (M + OG),006102, Bhojpuri,8,4,4,0,0,0,8,4,4
C0116,28,539,802927,Suryapet (M + OG),006240, Hindi,717,359,358,0,0,0,717,359,358
C0116,28,539,802927,Suryapet (M + OG),006353, Lamani/Lambadi,4597,2559,2038,0,0,0,4597,2559,2038
C0116,28,539,802927,Suryapet (M + OG),006400, Marwari,23,13,10,0,0,0,23,13,10
C0116,28,539,802927,Suryapet (M + OG),006489, Rajasthani,5,3,2,0,0,0,5,3,2
C0116,28,539,802927,Suryapet (M + OG),006541, Sugali,12,8,4,0,0,0,12,8,4
C0116,28,539,802927,Suryapet (M + OG),007000,7 KANNADA,49,31,18,0,0,0,49,31,18
C0116,28,539,802927,Suryapet (M + OG),007016, Kannada,49,31,18,0,0,0,49,31,18
C0116,28,539,802927,Suryapet (M + OG),011000,11 MALAYALAM,60,15,45,0,0,0,60,15,45
C0116,28,539,802927,Suryapet (M + OG),011016, Malayalam,60,15,45,0,0,0,60,15,45
C0116,28,539,802927,Suryapet (M + OG),013000,13 MARATHI ,373,213,160,0,0,0,373,213,160
C0116,28,539,802927,Suryapet (M + OG),013071, Marathi,373,213,160,0,0,0,373,213,160
C0116,28,539,802927,Suryapet (M + OG),014000,14 NEPALI ,4,2,2,0,0,0,4,2,2
C0116,28,539,802927,Suryapet (M + OG),014011, Nepali,4,2,2,0,0,0,4,2,2
C0116,28,539,802927,Suryapet (M + OG),015000,15 ODIA ,5,3,2,0,0,0,5,3,2
C0116,28,539,802927,Suryapet (M + OG),015043, Odia,5,3,2,0,0,0,5,3,2
C0116,28,539,802927,Suryapet (M + OG),016000,16 PUNJABI ,68,37,31,0,0,0,68,37,31
C0116,28,539,802927,Suryapet (M + OG),016038, Punjabi,68,37,31,0,0,0,68,37,31
C0116,28,539,802927,Suryapet (M + OG),020000,20 TAMIL ,86,49,37,0,0,0,86,49,37
C0116,28,539,802927,Suryapet (M + OG),020027, Tamil,73,39,34,0,0,0,73,39,34
C0116,28,539,802927,Suryapet (M + OG),020029, Yerukala/Yerukula,13,10,3,0,0,0,13,10,3
C0116,28,539,802927,Suryapet (M + OG),021000,21 TELUGU ,90790,44538,46252,0,0,0,90790,44538,46252
C0116,28,539,802927,Suryapet (M + OG),021046, Telugu,90790,44538,46252,0,0,0,90790,44538,46252
C0116,28,539,802927,Suryapet (M + OG),022000,22 URDU,9939,4897,5042,0,0,0,9939,4897,5042
C0116,28,539,802927,Suryapet (M + OG),022015, Urdu,9939,4897,5042,0,0,0,9939,4897,5042
C0116,28,539,802927,Suryapet (M + OG),040000,40 ENGLISH ,8,4,4,0,0,0,8,4,4
C0116,28,539,802927,Suryapet (M + OG),040001, English,8,4,4,0,0,0,8,4,4
C0116,28,539,802927,Suryapet (M + OG),069000,69 KOYA ,10,5,5,0,0,0,10,5,5
C0116,28,539,802927,Suryapet (M + OG),069002, Koya,10,5,5,0,0,0,10,5,5
C0116,28,539,802928,Nalgonda (M + OG),001000,1 ASSAMESE,12,11,1,0,0,0,12,11,1
C0116,28,539,802928,Nalgonda (M + OG),001002, Assamese,12,11,1,0,0,0,12,11,1
C0116,28,539,802928,Nalgonda (M + OG),002000,2 BENGALI ,31,24,7,0,0,0,31,24,7
C0116,28,539,802928,Nalgonda (M + OG),002007, Bengali,31,24,7,0,0,0,31,24,7
C0116,28,539,802928,Nalgonda (M + OG),005000,5 GUJARATI,2,1,1,0,0,0,2,1,1
C0116,28,539,802928,Nalgonda (M + OG),005018, Gujarati,2,1,1,0,0,0,2,1,1
C0116,28,539,802928,Nalgonda (M + OG),006000,6 HINDI ,1487,779,708,0,0,0,1487,779,708
C0116,28,539,802928,Nalgonda (M + OG),006066, Banjari,19,12,7,0,0,0,19,12,7
C0116,28,539,802928,Nalgonda (M + OG),006102, Bhojpuri,1,1,0,0,0,0,1,1,0
C0116,28,539,802928,Nalgonda (M + OG),006240, Hindi,500,265,235,0,0,0,500,265,235
C0116,28,539,802928,Nalgonda (M + OG),006353, Lamani/Lambadi,918,472,446,0,0,0,918,472,446
C0116,28,539,802928,Nalgonda (M + OG),006400, Marwari,15,8,7,0,0,0,15,8,7
C0116,28,539,802928,Nalgonda (M + OG),006489, Rajasthani,27,16,11,0,0,0,27,16,11
C0116,28,539,802928,Nalgonda (M + OG),006541, Sugali,7,5,2,0,0,0,7,5,2
C0116,28,539,802928,Nalgonda (M + OG),007000,7 KANNADA,34,20,14,0,0,0,34,20,14
C0116,28,539,802928,Nalgonda (M + OG),007016, Kannada,34,20,14,0,0,0,34,20,14
C0116,28,539,802928,Nalgonda (M + OG),009000,9 KONKANI,3,2,1,0,0,0,3,2,1
C0116,28,539,802928,Nalgonda (M + OG),009011, Konkani,3,2,1,0,0,0,3,2,1
C0116,28,539,802928,Nalgonda (M + OG),010000,10 MAITHILI ,3,2,1,0,0,0,3,2,1
C0116,28,539,802928,Nalgonda (M + OG),010008, Maithili,3,2,1,0,0,0,3,2,1
C0116,28,539,802928,Nalgonda (M + OG),011000,11 MALAYALAM,47,28,19,0,0,0,47,28,19
C0116,28,539,802928,Nalgonda (M + OG),011016, Malayalam,47,28,19,0,0,0,47,28,19
C0116,28,539,802928,Nalgonda (M + OG),013000,13 MARATHI ,404,220,184,0,0,0,404,220,184
C0116,28,539,802928,Nalgonda (M + OG),013071, Marathi,404,220,184,0,0,0,404,220,184
C0116,28,539,802928,Nalgonda (M + OG),014000,14 NEPALI ,43,21,22,0,0,0,43,21,22
C0116,28,539,802928,Nalgonda (M + OG),014011, Nepali,43,21,22,0,0,0,43,21,22
C0116,28,539,802928,Nalgonda (M + OG),015000,15 ODIA ,24,17,7,0,0,0,24,17,7
C0116,28,539,802928,Nalgonda (M + OG),015043, Odia,23,16,7,0,0,0,23,16,7
C0116,28,539,802928,Nalgonda (M + OG),015055, Relli,1,1,0,0,0,0,1,1,0
C0116,28,539,802928,Nalgonda (M + OG),016000,16 PUNJABI ,20,9,11,0,0,0,20,9,11
C0116,28,539,802928,Nalgonda (M + OG),016038, Punjabi,20,9,11,0,0,0,20,9,11
C0116,28,539,802928,Nalgonda (M + OG),020000,20 TAMIL ,487,246,241,0,0,0,487,246,241
C0116,28,539,802928,Nalgonda (M + OG),020027, Tamil,138,70,68,0,0,0,138,70,68
C0116,28,539,802928,Nalgonda (M + OG),020029, Yerukala/Yerukula,349,176,173,0,0,0,349,176,173
C0116,28,539,802928,Nalgonda (M + OG),021000,21 TELUGU ,122010,60898,61112,0,0,0,122010,60898,61112
C0116,28,539,802928,Nalgonda (M + OG),021046, Telugu,122010,60898,61112,0,0,0,122010,60898,61112
C0116,28,539,802928,Nalgonda (M + OG),022000,22 URDU,29672,15023,14649,0,0,0,29672,15023,14649
C0116,28,539,802928,Nalgonda (M + OG),022015, Urdu,29672,15023,14649,0,0,0,29672,15023,14649
C0116,28,539,802928,Nalgonda (M + OG),040000,40 ENGLISH ,10,6,4,0,0,0,10,6,4
C0116,28,539,802928,Nalgonda (M + OG),040001, English,10,6,4,0,0,0,10,6,4
C0116,28,539,802928,Nalgonda (M + OG),044000,44 GONDI,4,2,2,0,0,0,4,2,2
C0116,28,539,802928,Nalgonda (M + OG),044007, Gondi,4,2,2,0,0,0,4,2,2
C0116,28,539,802928,Nalgonda (M + OG),069000,69 KOYA ,28,9,19,0,0,0,28,9,19
C0116,28,539,802928,Nalgonda (M + OG),069002, Koya,28,9,19,0,0,0,28,9,19
C0116,28,539,802928,Nalgonda (M + OG),124000,124 OTHERS,5,2,3,0,0,0,5,2,3
C0116,28,539,802929,Miryalaguda (M + OG),002000,2 BENGALI ,27,21,6,0,0,0,27,21,6
C0116,28,539,802929,Miryalaguda (M + OG),002007, Bengali,27,21,6,0,0,0,27,21,6
C0116,28,539,802929,Miryalaguda (M + OG),005000,5 GUJARATI,16,4,12,0,0,0,16,4,12
C0116,28,539,802929,Miryalaguda (M + OG),005018, Gujarati,15,4,11,0,0,0,15,4,11
C0116,28,539,802929,Miryalaguda (M + OG),005999,5 Others,1,0,1,0,0,0,1,0,1
C0116,28,539,802929,Miryalaguda (M + OG),006000,6 HINDI ,5409,2765,2644,0,0,0,5409,2765,2644
C0116,28,539,802929,Miryalaguda (M + OG),006240, Hindi,328,188,140,0,0,0,328,188,140
C0116,28,539,802929,Miryalaguda (M + OG),006353, Lamani/Lambadi,5010,2534,2476,0,0,0,5010,2534,2476
C0116,28,539,802929,Miryalaguda (M + OG),006400, Marwari,45,27,18,0,0,0,45,27,18
C0116,28,539,802929,Miryalaguda (M + OG),006489, Rajasthani,26,16,10,0,0,0,26,16,10
C0116,28,539,802929,Miryalaguda (M + OG),007000,7 KANNADA,24,10,14,0,0,0,24,10,14
C0116,28,539,802929,Miryalaguda (M + OG),007016, Kannada,24,10,14,0,0,0,24,10,14
C0116,28,539,802929,Miryalaguda (M + OG),011000,11 MALAYALAM,100,53,47,0,0,0,100,53,47
C0116,28,539,802929,Miryalaguda (M + OG),011016, Malayalam,100,53,47,0,0,0,100,53,47
C0116,28,539,802929,Miryalaguda (M + OG),013000,13 MARATHI ,322,170,152,0,0,0,322,170,152
C0116,28,539,802929,Miryalaguda (M + OG),013071, Marathi,322,170,152,0,0,0,322,170,152
C0116,28,539,802929,Miryalaguda (M + OG),014000,14 NEPALI ,31,18,13,0,0,0,31,18,13
C0116,28,539,802929,Miryalaguda (M + OG),014011, Nepali,31,18,13,0,0,0,31,18,13
C0116,28,539,802929,Miryalaguda (M + OG),015000,15 ODIA ,6,4,2,0,0,0,6,4,2
C0116,28,539,802929,Miryalaguda (M + OG),015043, Odia,4,2,2,0,0,0,4,2,2
C0116,28,539,802929,Miryalaguda (M + OG),015055, Relli,1,1,0,0,0,0,1,1,0
C0116,28,539,802929,Miryalaguda (M + OG),015999,15 Others,1,1,0,0,0,0,1,1,0
C0116,28,539,802929,Miryalaguda (M + OG),016000,16 PUNJABI ,37,17,20,0,0,0,37,17,20
C0116,28,539,802929,Miryalaguda (M + OG),016038, Punjabi,37,17,20,0,0,0,37,17,20
C0116,28,539,802929,Miryalaguda (M + OG),020000,20 TAMIL ,608,304,304,0,0,0,608,304,304
C0116,28,539,802929,Miryalaguda (M + OG),020027, Tamil,239,126,113,0,0,0,239,126,113
C0116,28,539,802929,Miryalaguda (M + OG),020029, Yerukala/Yerukula,369,178,191,0,0,0,369,178,191
C0116,28,539,802929,Miryalaguda (M + OG),021000,21 TELUGU ,83373,41708,41665,0,0,0,83373,41708,41665
C0116,28,539,802929,Miryalaguda (M + OG),021046, Telugu,83373,41708,41665,0,0,0,83373,41708,41665
C0116,28,539,802929,Miryalaguda (M + OG),022000,22 URDU,14939,7476,7463,0,0,0,14939,7476,7463
C0116,28,539,802929,Miryalaguda (M + OG),022015, Urdu,14939,7476,7463,0,0,0,14939,7476,7463
C0116,28,539,802929,Miryalaguda (M + OG),040000,40 ENGLISH ,7,3,4,0,0,0,7,3,4
C0116,28,539,802929,Miryalaguda (M + OG),040001, English,7,3,4,0,0,0,7,3,4
C0116,28,539,802929,Miryalaguda (M + OG),069000,69 KOYA ,14,9,5,0,0,0,14,9,5
C0116,28,539,802929,Miryalaguda (M + OG),069002, Koya,14,9,5,0,0,0,14,9,5
C0116,28,539,802929,Miryalaguda (M + OG),117000,117 TULU ,5,3,2,0,0,0,5,3,2
C0116,28,539,802929,Miryalaguda (M + OG),117999,117 Others ,5,3,2,0,0,0,5,3,2
C0116,28,539,576515,Raghunathpur (CT),006000,6 HINDI ,11,10,1,0,0,0,11,10,1
C0116,28,539,576515,Raghunathpur (CT),006240, Hindi,11,10,1,0,0,0,11,10,1
C0116,28,539,576515,Raghunathpur (CT),021000,21 TELUGU ,3968,2022,1946,0,0,0,3968,2022,1946
C0116,28,539,576515,Raghunathpur (CT),021046, Telugu,3968,2022,1946,0,0,0,3968,2022,1946
C0116,28,539,576515,Raghunathpur (CT),022000,22 URDU,29,16,13,0,0,0,29,16,13
C0116,28,539,576515,Raghunathpur (CT),022015, Urdu,29,16,13,0,0,0,29,16,13
C0116,28,539,576531,Yadagirigutta (CT),005000,5 GUJARATI,6,1,5,0,0,0,6,1,5
C0116,28,539,576531,Yadagirigutta (CT),005999,5 Others,6,1,5,0,0,0,6,1,5
C0116,28,539,576531,Yadagirigutta (CT),006000,6 HINDI ,186,104,82,0,0,0,186,104,82
C0116,28,539,576531,Yadagirigutta (CT),006240, Hindi,163,94,69,0,0,0,163,94,69
C0116,28,539,576531,Yadagirigutta (CT),006353, Lamani/Lambadi,23,10,13,0,0,0,23,10,13
C0116,28,539,576531,Yadagirigutta (CT),007000,7 KANNADA,11,5,6,0,0,0,11,5,6
C0116,28,539,576531,Yadagirigutta (CT),007016, Kannada,11,5,6,0,0,0,11,5,6
C0116,28,539,576531,Yadagirigutta (CT),013000,13 MARATHI ,9,7,2,0,0,0,9,7,2
C0116,28,539,576531,Yadagirigutta (CT),013071, Marathi,9,7,2,0,0,0,9,7,2
C0116,28,539,576531,Yadagirigutta (CT),015000,15 ODIA ,4,4,0,0,0,0,4,4,0
C0116,28,539,576531,Yadagirigutta (CT),015043, Odia,4,4,0,0,0,0,4,4,0
C0116,28,539,576531,Yadagirigutta (CT),020000,20 TAMIL ,95,48,47,0,0,0,95,48,47
C0116,28,539,576531,Yadagirigutta (CT),020027, Tamil,43,18,25,0,0,0,43,18,25
C0116,28,539,576531,Yadagirigutta (CT),020029, Yerukala/Yerukula,52,30,22,0,0,0,52,30,22
C0116,28,539,576531,Yadagirigutta (CT),021000,21 TELUGU ,14388,7241,7147,0,0,0,14388,7241,7147
C0116,28,539,576531,Yadagirigutta (CT),021046, Telugu,14388,7241,7147,0,0,0,14388,7241,7147
C0116,28,539,576531,Yadagirigutta (CT),022000,22 URDU,533,271,262,0,0,0,533,271,262
C0116,28,539,576531,Yadagirigutta (CT),022015, Urdu,533,271,262,0,0,0,533,271,262
C0116,28,539,576801,Bibinagar (CT),002000,2 BENGALI ,1,1,0,0,0,0,1,1,0
C0116,28,539,576801,Bibinagar (CT),002007, Bengali,1,1,0,0,0,0,1,1,0
C0116,28,539,576801,Bibinagar (CT),005000,5 GUJARATI,1,1,0,0,0,0,1,1,0
C0116,28,539,576801,Bibinagar (CT),005999,5 Others,1,1,0,0,0,0,1,1,0
C0116,28,539,576801,Bibinagar (CT),006000,6 HINDI ,210,125,85,0,0,0,210,125,85
C0116,28,539,576801,Bibinagar (CT),006102, Bhojpuri,11,9,2,0,0,0,11,9,2
C0116,28,539,576801,Bibinagar (CT),006240, Hindi,127,74,53,0,0,0,127,74,53
C0116,28,539,576801,Bibinagar (CT),006353, Lamani/Lambadi,65,39,26,0,0,0,65,39,26
C0116,28,539,576801,Bibinagar (CT),006999,6 Others,7,3,4,0,0,0,7,3,4
C0116,28,539,576801,Bibinagar (CT),007000,7 KANNADA,12,7,5,0,0,0,12,7,5
C0116,28,539,576801,Bibinagar (CT),007016, Kannada,12,7,5,0,0,0,12,7,5
C0116,28,539,576801,Bibinagar (CT),011000,11 MALAYALAM,9,3,6,0,0,0,9,3,6
C0116,28,539,576801,Bibinagar (CT),011016, Malayalam,9,3,6,0,0,0,9,3,6
C0116,28,539,576801,Bibinagar (CT),013000,13 MARATHI ,16,8,8,0,0,0,16,8,8
C0116,28,539,576801,Bibinagar (CT),013071, Marathi,16,8,8,0,0,0,16,8,8
C0116,28,539,576801,Bibinagar (CT),014000,14 NEPALI ,4,3,1,0,0,0,4,3,1
C0116,28,539,576801,Bibinagar (CT),014011, Nepali,4,3,1,0,0,0,4,3,1
C0116,28,539,576801,Bibinagar (CT),015000,15 ODIA ,35,18,17,0,0,0,35,18,17
C0116,28,539,576801,Bibinagar (CT),015043, Odia,27,15,12,0,0,0,27,15,12
C0116,28,539,576801,Bibinagar (CT),015999,15 Others,8,3,5,0,0,0,8,3,5
C0116,28,539,576801,Bibinagar (CT),020000,20 TAMIL ,17,7,10,0,0,0,17,7,10
C0116,28,539,576801,Bibinagar (CT),020027, Tamil,16,7,9,0,0,0,16,7,9
C0116,28,539,576801,Bibinagar (CT),020029, Yerukala/Yerukula,1,0,1,0,0,0,1,0,1
C0116,28,539,576801,Bibinagar (CT),021000,21 TELUGU ,7575,3854,3721,0,0,0,7575,3854,3721
C0116,28,539,576801,Bibinagar (CT),021046, Telugu,7575,3854,3721,0,0,0,7575,3854,3721
C0116,28,539,576801,Bibinagar (CT),022000,22 URDU,440,219,221,0,0,0,440,219,221
C0116,28,539,576801,Bibinagar (CT),022015, Urdu,440,219,221,0,0,0,440,219,221
C0116,28,539,576824,Pochampalle (CT),006000,6 HINDI ,110,60,50,0,0,0,110,60,50
C0116,28,539,576824,Pochampalle (CT),006240, Hindi,95,54,41,0,0,0,95,54,41
C0116,28,539,576824,Pochampalle (CT),006353, Lamani/Lambadi,11,4,7,0,0,0,11,4,7
C0116,28,539,576824,Pochampalle (CT),006400, Marwari,4,2,2,0,0,0,4,2,2
C0116,28,539,576824,Pochampalle (CT),007000,7 KANNADA,11,6,5,0,0,0,11,6,5
C0116,28,539,576824,Pochampalle (CT),007016, Kannada,11,6,5,0,0,0,11,6,5
C0116,28,539,576824,Pochampalle (CT),011000,11 MALAYALAM,7,4,3,0,0,0,7,4,3
C0116,28,539,576824,Pochampalle (CT),011016, Malayalam,7,4,3,0,0,0,7,4,3
C0116,28,539,576824,Pochampalle (CT),013000,13 MARATHI ,3,2,1,0,0,0,3,2,1
C0116,28,539,576824,Pochampalle (CT),013071, Marathi,3,2,1,0,0,0,3,2,1
C0116,28,539,576824,Pochampalle (CT),015000,15 ODIA ,9,5,4,0,0,0,9,5,4
C0116,28,539,576824,Pochampalle (CT),015043, Odia,9,5,4,0,0,0,9,5,4
C0116,28,539,576824,Pochampalle (CT),020000,20 TAMIL ,70,31,39,0,0,0,70,31,39
C0116,28,539,576824,Pochampalle (CT),020027, Tamil,21,9,12,0,0,0,21,9,12
C0116,28,539,576824,Pochampalle (CT),020029, Yerukala/Yerukula,49,22,27,0,0,0,49,22,27
C0116,28,539,576824,Pochampalle (CT),021000,21 TELUGU ,12629,6397,6232,0,0,0,12629,6397,6232
C0116,28,539,576824,Pochampalle (CT),021046, Telugu,12629,6397,6232,0,0,0,12629,6397,6232
C0116,28,539,576824,Pochampalle (CT),022000,22 URDU,133,69,64,0,0,0,133,69,64
C0116,28,539,576824,Pochampalle (CT),022015, Urdu,133,69,64,0,0,0,133,69,64
C0116,28,539,576841,Choutuppal (CT),002000,2 BENGALI ,18,10,8,0,0,0,18,10,8
C0116,28,539,576841,Choutuppal (CT),002007, Bengali,18,10,8,0,0,0,18,10,8
C0116,28,539,576841,Choutuppal (CT),005000,5 GUJARATI,12,6,6,0,0,0,12,6,6
C0116,28,539,576841,Choutuppal (CT),005018, Gujarati,4,2,2,0,0,0,4,2,2
C0116,28,539,576841,Choutuppal (CT),005999,5 Others,8,4,4,0,0,0,8,4,4
C0116,28,539,576841,Choutuppal (CT),006000,6 HINDI ,228,131,97,0,0,0,228,131,97
C0116,28,539,576841,Choutuppal (CT),006240, Hindi,135,76,59,0,0,0,135,76,59
C0116,28,539,576841,Choutuppal (CT),006353, Lamani/Lambadi,57,30,27,0,0,0,57,30,27
C0116,28,539,576841,Choutuppal (CT),006400, Marwari,33,23,10,0,0,0,33,23,10
C0116,28,539,576841,Choutuppal (CT),006489, Rajasthani,3,2,1,0,0,0,3,2,1
C0116,28,539,576841,Choutuppal (CT),007000,7 KANNADA,19,8,11,0,0,0,19,8,11
C0116,28,539,576841,Choutuppal (CT),007016, Kannada,19,8,11,0,0,0,19,8,11
C0116,28,539,576841,Choutuppal (CT),009000,9 KONKANI,4,2,2,0,0,0,4,2,2
C0116,28,539,576841,Choutuppal (CT),009011, Konkani,4,2,2,0,0,0,4,2,2
C0116,28,539,576841,Choutuppal (CT),010000,10 MAITHILI ,4,3,1,0,0,0,4,3,1
C0116,28,539,576841,Choutuppal (CT),010008, Maithili,4,3,1,0,0,0,4,3,1
C0116,28,539,576841,Choutuppal (CT),011000,11 MALAYALAM,28,16,12,0,0,0,28,16,12
C0116,28,539,576841,Choutuppal (CT),011016, Malayalam,28,16,12,0,0,0,28,16,12
C0116,28,539,576841,Choutuppal (CT),013000,13 MARATHI ,40,22,18,0,0,0,40,22,18
C0116,28,539,576841,Choutuppal (CT),013071, Marathi,40,22,18,0,0,0,40,22,18
C0116,28,539,576841,Choutuppal (CT),014000,14 NEPALI ,10,6,4,0,0,0,10,6,4
C0116,28,539,576841,Choutuppal (CT),014011, Nepali,10,6,4,0,0,0,10,6,4
C0116,28,539,576841,Choutuppal (CT),015000,15 ODIA ,9,4,5,0,0,0,9,4,5
C0116,28,539,576841,Choutuppal (CT),015043, Odia,9,4,5,0,0,0,9,4,5
C0116,28,539,576841,Choutuppal (CT),020000,20 TAMIL ,41,23,18,0,0,0,41,23,18
C0116,28,539,576841,Choutuppal (CT),020027, Tamil,20,11,9,0,0,0,20,11,9
C0116,28,539,576841,Choutuppal (CT),020029, Yerukala/Yerukula,21,12,9,0,0,0,21,12,9
C0116,28,539,576841,Choutuppal (CT),021000,21 TELUGU ,16954,8488,8466,0,0,0,16954,8488,8466
C0116,28,539,576841,Choutuppal (CT),021046, Telugu,16954,8488,8466,0,0,0,16954,8488,8466
C0116,28,539,576841,Choutuppal (CT),022000,22 URDU,1722,866,856,0,0,0,1722,866,856
C0116,28,539,576841,Choutuppal (CT),022015, Urdu,1722,866,856,0,0,0,1722,866,856
C0116,28,539,576841,Choutuppal (CT),040000,40 ENGLISH ,3,3,0,0,0,0,3,3,0
C0116,28,539,576841,Choutuppal (CT),040001, English,3,3,0,0,0,0,3,3,0
C0116,28,539,576862,Ramannapeta (CT),002000,2 BENGALI ,3,1,2,0,0,0,3,1,2
C0116,28,539,576862,Ramannapeta (CT),002007, Bengali,3,1,2,0,0,0,3,1,2
C0116,28,539,576862,Ramannapeta (CT),006000,6 HINDI ,59,32,27,0,0,0,59,32,27
C0116,28,539,576862,Ramannapeta (CT),006240, Hindi,44,28,16,0,0,0,44,28,16
C0116,28,539,576862,Ramannapeta (CT),006353, Lamani/Lambadi,15,4,11,0,0,0,15,4,11
C0116,28,539,576862,Ramannapeta (CT),007000,7 KANNADA,11,6,5,0,0,0,11,6,5
C0116,28,539,576862,Ramannapeta (CT),007016, Kannada,11,6,5,0,0,0,11,6,5
C0116,28,539,576862,Ramannapeta (CT),011000,11 MALAYALAM,12,8,4,0,0,0,12,8,4
C0116,28,539,576862,Ramannapeta (CT),011016, Malayalam,12,8,4,0,0,0,12,8,4
C0116,28,539,576862,Ramannapeta (CT),013000,13 MARATHI ,15,8,7,0,0,0,15,8,7
C0116,28,539,576862,Ramannapeta (CT),013071, Marathi,15,8,7,0,0,0,15,8,7
C0116,28,539,576862,Ramannapeta (CT),014000,14 NEPALI ,2,1,1,0,0,0,2,1,1
C0116,28,539,576862,Ramannapeta (CT),014011, Nepali,2,1,1,0,0,0,2,1,1
C0116,28,539,576862,Ramannapeta (CT),015000,15 ODIA ,10,5,5,0,0,0,10,5,5
C0116,28,539,576862,Ramannapeta (CT),015043, Odia,10,5,5,0,0,0,10,5,5
C0116,28,539,576862,Ramannapeta (CT),020000,20 TAMIL ,14,9,5,0,0,0,14,9,5
C0116,28,539,576862,Ramannapeta (CT),020027, Tamil,14,9,5,0,0,0,14,9,5
C0116,28,539,576862,Ramannapeta (CT),021000,21 TELUGU ,8933,4533,4400,0,0,0,8933,4533,4400
C0116,28,539,576862,Ramannapeta (CT),021046, Telugu,8933,4533,4400,0,0,0,8933,4533,4400
C0116,28,539,576862,Ramannapeta (CT),022000,22 URDU,1137,581,556,0,0,0,1137,581,556
C0116,28,539,576862,Ramannapeta (CT),022015, Urdu,1137,581,556,0,0,0,1137,581,556
C0116,28,539,576862,Ramannapeta (CT),040000,40 ENGLISH ,6,2,4,0,0,0,6,2,4
C0116,28,539,576862,Ramannapeta (CT),040001, English,6,2,4,0,0,0,6,2,4
C0116,28,539,576878,Chityala (CT),001000,1 ASSAMESE,9,8,1,0,0,0,9,8,1
C0116,28,539,576878,Chityala (CT),001002, Assamese,9,8,1,0,0,0,9,8,1
C0116,28,539,576878,Chityala (CT),002000,2 BENGALI ,2,1,1,0,0,0,2,1,1
C0116,28,539,576878,Chityala (CT),002007, Bengali,2,1,1,0,0,0,2,1,1
C0116,28,539,576878,Chityala (CT),005000,5 GUJARATI,6,3,3,0,0,0,6,3,3
C0116,28,539,576878,Chityala (CT),005018, Gujarati,6,3,3,0,0,0,6,3,3
C0116,28,539,576878,Chityala (CT),006000,6 HINDI ,65,35,30,0,0,0,65,35,30
C0116,28,539,576878,Chityala (CT),006102, Bhojpuri,5,2,3,0,0,0,5,2,3
C0116,28,539,576878,Chityala (CT),006240, Hindi,43,23,20,0,0,0,43,23,20
C0116,28,539,576878,Chityala (CT),006353, Lamani/Lambadi,13,6,7,0,0,0,13,6,7
C0116,28,539,576878,Chityala (CT),006489, Rajasthani,4,4,0,0,0,0,4,4,0
C0116,28,539,576878,Chityala (CT),007000,7 KANNADA,3,2,1,0,0,0,3,2,1
C0116,28,539,576878,Chityala (CT),007016, Kannada,3,2,1,0,0,0,3,2,1
C0116,28,539,576878,Chityala (CT),011000,11 MALAYALAM,16,9,7,0,0,0,16,9,7
C0116,28,539,576878,Chityala (CT),011016, Malayalam,16,9,7,0,0,0,16,9,7
C0116,28,539,576878,Chityala (CT),013000,13 MARATHI ,67,34,33,0,0,0,67,34,33
C0116,28,539,576878,Chityala (CT),013071, Marathi,67,34,33,0,0,0,67,34,33
C0116,28,539,576878,Chityala (CT),015000,15 ODIA ,4,3,1,0,0,0,4,3,1
C0116,28,539,576878,Chityala (CT),015043, Odia,4,3,1,0,0,0,4,3,1
C0116,28,539,576878,Chityala (CT),016000,16 PUNJABI ,38,15,23,0,0,0,38,15,23
C0116,28,539,576878,Chityala (CT),016038, Punjabi,38,15,23,0,0,0,38,15,23
C0116,28,539,576878,Chityala (CT),020000,20 TAMIL ,73,33,40,0,0,0,73,33,40
C0116,28,539,576878,Chityala (CT),020027, Tamil,28,15,13,0,0,0,28,15,13
C0116,28,539,576878,Chityala (CT),020029, Yerukala/Yerukula,45,18,27,0,0,0,45,18,27
C0116,28,539,576878,Chityala (CT),021000,21 TELUGU ,12243,6289,5954,0,0,0,12243,6289,5954
C0116,28,539,576878,Chityala (CT),021046, Telugu,12243,6289,5954,0,0,0,12243,6289,5954
C0116,28,539,576878,Chityala (CT),022000,22 URDU,1222,617,605,0,0,0,1222,617,605
C0116,28,539,576878,Chityala (CT),022015, Urdu,1222,617,605,0,0,0,1222,617,605
C0116,28,539,576878,Chityala (CT),124000,124 OTHERS,4,3,1,0,0,0,4,3,1
C0116,28,539,576931,Nakrekal (CT),006000,6 HINDI ,149,79,70,0,0,0,149,79,70
C0116,28,539,576931,Nakrekal (CT),006240, Hindi,47,23,24,0,0,0,47,23,24
C0116,28,539,576931,Nakrekal (CT),006353, Lamani/Lambadi,77,42,35,0,0,0,77,42,35
C0116,28,539,576931,Nakrekal (CT),006400, Marwari,25,14,11,0,0,0,25,14,11
C0116,28,539,576931,Nakrekal (CT),007000,7 KANNADA,4,1,3,0,0,0,4,1,3
C0116,28,539,576931,Nakrekal (CT),007016, Kannada,4,1,3,0,0,0,4,1,3
C0116,28,539,576931,Nakrekal (CT),011000,11 MALAYALAM,1,0,1,0,0,0,1,0,1
C0116,28,539,576931,Nakrekal (CT),011016, Malayalam,1,0,1,0,0,0,1,0,1
C0116,28,539,576931,Nakrekal (CT),013000,13 MARATHI ,5,4,1,0,0,0,5,4,1
C0116,28,539,576931,Nakrekal (CT),013071, Marathi,5,4,1,0,0,0,5,4,1
C0116,28,539,576931,Nakrekal (CT),015000,15 ODIA ,6,1,5,0,0,0,6,1,5
C0116,28,539,576931,Nakrekal (CT),015043, Odia,6,1,5,0,0,0,6,1,5
C0116,28,539,576931,Nakrekal (CT),020000,20 TAMIL ,13,10,3,0,0,0,13,10,3
C0116,28,539,576931,Nakrekal (CT),020027, Tamil,13,10,3,0,0,0,13,10,3
C0116,28,539,576931,Nakrekal (CT),021000,21 TELUGU ,26642,13094,13548,0,0,0,26642,13094,13548
C0116,28,539,576931,Nakrekal (CT),021046, Telugu,26642,13094,13548,0,0,0,26642,13094,13548
C0116,28,539,576931,Nakrekal (CT),022000,22 URDU,2304,1155,1149,0,0,0,2304,1155,1149
C0116,28,539,576931,Nakrekal (CT),022015, Urdu,2304,1155,1149,0,0,0,2304,1155,1149
C0116,28,539,576931,Nakrekal (CT),040000,40 ENGLISH ,2,1,1,0,0,0,2,1,1
C0116,28,539,576931,Nakrekal (CT),040001, English,2,1,1,0,0,0,2,1,1
C0116,28,539,577258,Kondamallapalle (CT),002000,2 BENGALI ,4,2,2,0,0,0,4,2,2
C0116,28,539,577258,Kondamallapalle (CT),002007, Bengali,4,2,2,0,0,0,4,2,2
C0116,28,539,577258,Kondamallapalle (CT),006000,6 HINDI ,1422,748,674,0,0,0,1422,748,674
C0116,28,539,577258,Kondamallapalle (CT),006240, Hindi,178,89,89,0,0,0,178,89,89
C0116,28,539,577258,Kondamallapalle (CT),006353, Lamani/Lambadi,1239,656,583,0,0,0,1239,656,583
C0116,28,539,577258,Kondamallapalle (CT),006489, Rajasthani,5,3,2,0,0,0,5,3,2
C0116,28,539,577258,Kondamallapalle (CT),007000,7 KANNADA,7,4,3,0,0,0,7,4,3
C0116,28,539,577258,Kondamallapalle (CT),007016, Kannada,7,4,3,0,0,0,7,4,3
C0116,28,539,577258,Kondamallapalle (CT),015000,15 ODIA ,4,2,2,0,0,0,4,2,2
C0116,28,539,577258,Kondamallapalle (CT),015043, Odia,4,2,2,0,0,0,4,2,2
C0116,28,539,577258,Kondamallapalle (CT),016000,16 PUNJABI ,3,2,1,0,0,0,3,2,1
C0116,28,539,577258,Kondamallapalle (CT),016038, Punjabi,3,2,1,0,0,0,3,2,1
C0116,28,539,577258,Kondamallapalle (CT),020000,20 TAMIL ,124,59,65,0,0,0,124,59,65
C0116,28,539,577258,Kondamallapalle (CT),020029, Yerukala/Yerukula,124,59,65,0,0,0,124,59,65
C0116,28,539,577258,Kondamallapalle (CT),021000,21 TELUGU ,7621,4099,3522,0,0,0,7621,4099,3522
C0116,28,539,577258,Kondamallapalle (CT),021046, Telugu,7621,4099,3522,0,0,0,7621,4099,3522
C0116,28,539,577258,Kondamallapalle (CT),022000,22 URDU,498,239,259,0,0,0,498,239,259
C0116,28,539,577258,Kondamallapalle (CT),022015, Urdu,498,239,259,0,0,0,498,239,259
C0116,28,539,577259,Devarakonda (CT),002000,2 BENGALI ,23,15,8,0,0,0,23,15,8
C0116,28,539,577259,Devarakonda (CT),002007, Bengali,23,15,8,0,0,0,23,15,8
C0116,28,539,577259,Devarakonda (CT),005000,5 GUJARATI,1,0,1,0,0,0,1,0,1
C0116,28,539,577259,Devarakonda (CT),005999,5 Others,1,0,1,0,0,0,1,0,1
C0116,28,539,577259,Devarakonda (CT),006000,6 HINDI ,3579,2231,1348,0,0,0,3579,2231,1348
C0116,28,539,577259,Devarakonda (CT),006240, Hindi,140,75,65,0,0,0,140,75,65
C0116,28,539,577259,Devarakonda (CT),006353, Lamani/Lambadi,3428,2150,1278,0,0,0,3428,2150,1278
C0116,28,539,577259,Devarakonda (CT),006489, Rajasthani,11,6,5,0,0,0,11,6,5
C0116,28,539,577259,Devarakonda (CT),007000,7 KANNADA,48,25,23,0,0,0,48,25,23
C0116,28,539,577259,Devarakonda (CT),007016, Kannada,48,25,23,0,0,0,48,25,23
C0116,28,539,577259,Devarakonda (CT),011000,11 MALAYALAM,2,2,0,0,0,0,2,2,0
C0116,28,539,577259,Devarakonda (CT),011016, Malayalam,2,2,0,0,0,0,2,2,0
C0116,28,539,577259,Devarakonda (CT),013000,13 MARATHI ,156,76,80,0,0,0,156,76,80
C0116,28,539,577259,Devarakonda (CT),013071, Marathi,156,76,80,0,0,0,156,76,80
C0116,28,539,577259,Devarakonda (CT),014000,14 NEPALI ,4,0,4,0,0,0,4,0,4
C0116,28,539,577259,Devarakonda (CT),014011, Nepali,4,0,4,0,0,0,4,0,4
C0116,28,539,577259,Devarakonda (CT),015000,15 ODIA ,9,4,5,0,0,0,9,4,5
C0116,28,539,577259,Devarakonda (CT),015043, Odia,8,4,4,0,0,0,8,4,4
C0116,28,539,577259,Devarakonda (CT),015055, Relli,1,0,1,0,0,0,1,0,1
C0116,28,539,577259,Devarakonda (CT),016000,16 PUNJABI ,25,13,12,0,0,0,25,13,12
C0116,28,539,577259,Devarakonda (CT),016038, Punjabi,25,13,12,0,0,0,25,13,12
C0116,28,539,577259,Devarakonda (CT),020000,20 TAMIL ,113,59,54,0,0,0,113,59,54
C0116,28,539,577259,Devarakonda (CT),020027, Tamil,21,10,11,0,0,0,21,10,11
C0116,28,539,577259,Devarakonda (CT),020029, Yerukala/Yerukula,92,49,43,0,0,0,92,49,43
C0116,28,539,577259,Devarakonda (CT),021000,21 TELUGU ,21220,10536,10684,0,0,0,21220,10536,10684
C0116,28,539,577259,Devarakonda (CT),021046, Telugu,21220,10536,10684,0,0,0,21220,10536,10684
C0116,28,539,577259,Devarakonda (CT),022000,22 URDU,4550,2326,2224,0,0,0,4550,2326,2224
C0116,28,539,577259,Devarakonda (CT),022015, Urdu,4550,2326,2224,0,0,0,4550,2326,2224
C0116,28,539,577259,Devarakonda (CT),040000,40 ENGLISH ,1,0,1,0,0,0,1,0,1
C0116,28,539,577259,Devarakonda (CT),040001, English,1,0,1,0,0,0,1,0,1
C0116,28,539,577305,Chandur (CT),006000,6 HINDI ,55,30,25,0,0,0,55,30,25
C0116,28,539,577305,Chandur (CT),006240, Hindi,15,8,7,0,0,0,15,8,7
C0116,28,539,577305,Chandur (CT),006353, Lamani/Lambadi,31,15,16,0,0,0,31,15,16
C0116,28,539,577305,Chandur (CT),006400, Marwari,6,4,2,0,0,0,6,4,2
C0116,28,539,577305,Chandur (CT),006489, Rajasthani,3,3,0,0,0,0,3,3,0
C0116,28,539,577305,Chandur (CT),007000,7 KANNADA,2,1,1,0,0,0,2,1,1
C0116,28,539,577305,Chandur (CT),007016, Kannada,2,1,1,0,0,0,2,1,1
C0116,28,539,577305,Chandur (CT),011000,11 MALAYALAM,5,1,4,0,0,0,5,1,4
C0116,28,539,577305,Chandur (CT),011016, Malayalam,5,1,4,0,0,0,5,1,4
C0116,28,539,577305,Chandur (CT),013000,13 MARATHI ,6,4,2,0,0,0,6,4,2
C0116,28,539,577305,Chandur (CT),013071, Marathi,6,4,2,0,0,0,6,4,2
C0116,28,539,577305,Chandur (CT),015000,15 ODIA ,4,3,1,0,0,0,4,3,1
C0116,28,539,577305,Chandur (CT),015043, Odia,4,3,1,0,0,0,4,3,1
C0116,28,539,577305,Chandur (CT),020000,20 TAMIL ,12,9,3,0,0,0,12,9,3
C0116,28,539,577305,Chandur (CT),020027, Tamil,12,9,3,0,0,0,12,9,3
C0116,28,539,577305,Chandur (CT),021000,21 TELUGU ,10272,5102,5170,0,0,0,10272,5102,5170
C0116,28,539,577305,Chandur (CT),021046, Telugu,10272,5102,5170,0,0,0,10272,5102,5170
C0116,28,539,577305,Chandur (CT),022000,22 URDU,524,251,273,0,0,0,524,251,273
C0116,28,539,577305,Chandur (CT),022015, Urdu,524,251,273,0,0,0,524,251,273
C0116,28,539,577407,Vijayapuri North (CT),002000,2 BENGALI ,4,1,3,0,0,0,4,1,3
C0116,28,539,577407,Vijayapuri North (CT),002007, Bengali,4,1,3,0,0,0,4,1,3
C0116,28,539,577407,Vijayapuri North (CT),006000,6 HINDI ,642,311,331,0,0,0,642,311,331
C0116,28,539,577407,Vijayapuri North (CT),006102, Bhojpuri,1,1,0,0,0,0,1,1,0
C0116,28,539,577407,Vijayapuri North (CT),006240, Hindi,95,47,48,0,0,0,95,47,48
C0116,28,539,577407,Vijayapuri North (CT),006353, Lamani/Lambadi,539,261,278,0,0,0,539,261,278
C0116,28,539,577407,Vijayapuri North (CT),006400, Marwari,7,2,5,0,0,0,7,2,5
C0116,28,539,577407,Vijayapuri North (CT),007000,7 KANNADA,2,1,1,0,0,0,2,1,1
C0116,28,539,577407,Vijayapuri North (CT),007016, Kannada,2,1,1,0,0,0,2,1,1
C0116,28,539,577407,Vijayapuri North (CT),011000,11 MALAYALAM,33,14,19,0,0,0,33,14,19
C0116,28,539,577407,Vijayapuri North (CT),011016, Malayalam,33,14,19,0,0,0,33,14,19
C0116,28,539,577407,Vijayapuri North (CT),013000,13 MARATHI ,14,8,6,0,0,0,14,8,6
C0116,28,539,577407,Vijayapuri North (CT),013071, Marathi,14,8,6,0,0,0,14,8,6
C0116,28,539,577407,Vijayapuri North (CT),014000,14 NEPALI ,14,8,6,0,0,0,14,8,6
C0116,28,539,577407,Vijayapuri North (CT),014011, Nepali,14,8,6,0,0,0,14,8,6
C0116,28,539,577407,Vijayapuri North (CT),015000,15 ODIA ,4,3,1,0,0,0,4,3,1
C0116,28,539,577407,Vijayapuri North (CT),015043, Odia,4,3,1,0,0,0,4,3,1
C0116,28,539,577407,Vijayapuri North (CT),018000,18 SANTALI ,5,2,3,0,0,0,5,2,3
C0116,28,539,577407,Vijayapuri North (CT),018040, Santali,5,2,3,0,0,0,5,2,3
C0116,28,539,577407,Vijayapuri North (CT),020000,20 TAMIL ,193,89,104,0,0,0,193,89,104
C0116,28,539,577407,Vijayapuri North (CT),020027, Tamil,71,33,38,0,0,0,71,33,38
C0116,28,539,577407,Vijayapuri North (CT),020029, Yerukala/Yerukula,122,56,66,0,0,0,122,56,66
C0116,28,539,577407,Vijayapuri North (CT),021000,21 TELUGU ,12980,6317,6663,0,0,0,12980,6317,6663
C0116,28,539,577407,Vijayapuri North (CT),021046, Telugu,12980,6317,6663,0,0,0,12980,6317,6663
C0116,28,539,577407,Vijayapuri North (CT),022000,22 URDU,1995,998,997,0,0,0,1995,998,997
C0116,28,539,577407,Vijayapuri North (CT),022015, Urdu,1995,998,997,0,0,0,1995,998,997
C0116,28,539,577407,Vijayapuri North (CT),124000,124 OTHERS,1,0,1,0,0,0,1,0,1
C0116,28,539,577573,Kodad (CT),002000,2 BENGALI ,7,3,4,0,0,0,7,3,4
C0116,28,539,577573,Kodad (CT),002007, Bengali,7,3,4,0,0,0,7,3,4
C0116,28,539,577573,Kodad (CT),005000,5 GUJARATI,27,13,14,0,0,0,27,13,14
C0116,28,539,577573,Kodad (CT),005018, Gujarati,25,13,12,0,0,0,25,13,12
C0116,28,539,577573,Kodad (CT),005999,5 Others,2,0,2,0,0,0,2,0,2
C0116,28,539,577573,Kodad (CT),006000,6 HINDI ,2070,1142,928,0,0,0,2070,1142,928
C0116,28,539,577573,Kodad (CT),006066, Banjari,6,3,3,0,0,0,6,3,3
C0116,28,539,577573,Kodad (CT),006240, Hindi,268,148,120,0,0,0,268,148,120
C0116,28,539,577573,Kodad (CT),006353, Lamani/Lambadi,1705,937,768,0,0,0,1705,937,768
C0116,28,539,577573,Kodad (CT),006400, Marwari,4,4,0,0,0,0,4,4,0
C0116,28,539,577573,Kodad (CT),006489, Rajasthani,38,24,14,0,0,0,38,24,14
C0116,28,539,577573,Kodad (CT),006541, Sugali,2,0,2,0,0,0,2,0,2
C0116,28,539,577573,Kodad (CT),006999,6 Others,47,26,21,0,0,0,47,26,21
C0116,28,539,577573,Kodad (CT),007000,7 KANNADA,14,7,7,0,0,0,14,7,7
C0116,28,539,577573,Kodad (CT),007016, Kannada,14,7,7,0,0,0,14,7,7
C0116,28,539,577573,Kodad (CT),011000,11 MALAYALAM,28,17,11,0,0,0,28,17,11
C0116,28,539,577573,Kodad (CT),011016, Malayalam,28,17,11,0,0,0,28,17,11
C0116,28,539,577573,Kodad (CT),013000,13 MARATHI ,28,15,13,0,0,0,28,15,13
C0116,28,539,577573,Kodad (CT),013004, Are,5,1,4,0,0,0,5,1,4
C0116,28,539,577573,Kodad (CT),013071, Marathi,17,11,6,0,0,0,17,11,6
C0116,28,539,577573,Kodad (CT),013999,13 Others,6,3,3,0,0,0,6,3,3
C0116,28,539,577573,Kodad (CT),014000,14 NEPALI ,17,10,7,0,0,0,17,10,7
C0116,28,539,577573,Kodad (CT),014011, Nepali,17,10,7,0,0,0,17,10,7
C0116,28,539,577573,Kodad (CT),015000,15 ODIA ,14,9,5,0,0,0,14,9,5
C0116,28,539,577573,Kodad (CT),015043, Odia,14,9,5,0,0,0,14,9,5
C0116,28,539,577573,Kodad (CT),016000,16 PUNJABI ,60,32,28,0,0,0,60,32,28
C0116,28,539,577573,Kodad (CT),016038, Punjabi,60,32,28,0,0,0,60,32,28
C0116,28,539,577573,Kodad (CT),020000,20 TAMIL ,65,34,31,0,0,0,65,34,31
C0116,28,539,577573,Kodad (CT),020027, Tamil,63,32,31,0,0,0,63,32,31
C0116,28,539,577573,Kodad (CT),020029, Yerukala/Yerukula,2,2,0,0,0,0,2,2,0
C0116,28,539,577573,Kodad (CT),021000,21 TELUGU ,52841,26235,26606,0,0,0,52841,26235,26606
C0116,28,539,577573,Kodad (CT),021046, Telugu,52837,26231,26606,0,0,0,52837,26231,26606
C0116,28,539,577573,Kodad (CT),021999,21 Others,4,4,0,0,0,0,4,4,0
C0116,28,539,577573,Kodad (CT),022000,22 URDU,9043,4479,4564,0,0,0,9043,4479,4564
C0116,28,539,577573,Kodad (CT),022015, Urdu,9043,4479,4564,0,0,0,9043,4479,4564
C0116,28,539,577573,Kodad (CT),030000,30 BHILI/BHILODI ,1,1,0,0,0,0,1,1,0
C0116,28,539,577573,Kodad (CT),030066, Paradhi,1,1,0,0,0,0,1,1,0
C0116,28,539,577573,Kodad (CT),040000,40 ENGLISH ,11,11,0,0,0,0,11,11,0
C0116,28,539,577573,Kodad (CT),040001, English,11,11,0,0,0,0,11,11,0
C0116,28,539,577573,Kodad (CT),069000,69 KOYA ,7,2,5,0,0,0,7,2,5
C0116,28,539,577573,Kodad (CT),069002, Koya,7,2,5,0,0,0,7,2,5
C0116,28,539,577573,Kodad (CT),124000,124 OTHERS,1,0,1,0,0,0,1,0,1
C0116,28,540,000000,Warangal,001000,1 ASSAMESE,12,11,1,0,0,0,12,11,1
C0116,28,540,000000,Warangal,001002, Assamese,12,11,1,0,0,0,12,11,1
C0116,28,540,000000,Warangal,002000,2 BENGALI ,240,145,95,0,0,0,240,145,95
C0116,28,540,000000,Warangal,002007, Bengali,240,145,95,0,0,0,240,145,95
C0116,28,540,000000,Warangal,004000,4 DOGRI ,1,1,0,0,0,0,1,1,0
C0116,28,540,000000,Warangal,004001, Dogri,1,1,0,0,0,0,1,1,0
C0116,28,540,000000,Warangal,005000,5 GUJARATI,1137,551,586,0,0,0,1137,551,586
C0116,28,540,000000,Warangal,005018, Gujarati,633,308,325,0,0,0,633,308,325
C0116,28,540,000000,Warangal,005057, Saurashtra/Saurashtri,7,4,3,0,0,0,7,4,3
C0116,28,540,000000,Warangal,005999,5 Others,497,239,258,0,0,0,497,239,258
C0116,28,540,000000,Warangal,006000,6 HINDI ,36459,19129,17330,0,0,0,36459,19129,17330
C0116,28,540,000000,Warangal,006066, Banjari,2971,1635,1336,0,0,0,2971,1635,1336
C0116,28,540,000000,Warangal,006102, Bhojpuri,38,27,11,0,0,0,38,27,11
C0116,28,540,000000,Warangal,006125, Bundeli/Bundel khandi,11,5,6,0,0,0,11,5,6
C0116,28,540,000000,Warangal,006149, Churahi,5,2,3,0,0,0,5,2,3
C0116,28,540,000000,Warangal,006173, Dhundhari,1,1,0,0,0,0,1,1,0
C0116,28,540,000000,Warangal,006198, Gawari,22,12,10,0,0,0,22,12,10
C0116,28,540,000000,Warangal,006235, Haryanvi,6,2,4,0,0,0,6,2,4
C0116,28,540,000000,Warangal,006240, Hindi,11188,6102,5086,0,0,0,11188,6102,5086
C0116,28,540,000000,Warangal,006353, Lamani/Lambadi,19828,10068,9760,0,0,0,19828,10068,9760
C0116,28,540,000000,Warangal,006376, Magadhi/Magahi,3,2,1,0,0,0,3,2,1
C0116,28,540,000000,Warangal,006400, Marwari,1781,933,848,0,0,0,1781,933,848
C0116,28,540,000000,Warangal,006489, Rajasthani,498,283,215,0,0,0,498,283,215
C0116,28,540,000000,Warangal,006541, Sugali,7,2,5,0,0,0,7,2,5
C0116,28,540,000000,Warangal,006999,6 Others,100,55,45,0,0,0,100,55,45
C0116,28,540,000000,Warangal,007000,7 KANNADA,259,123,136,0,0,0,259,123,136
C0116,28,540,000000,Warangal,007002, Badaga,1,0,1,0,0,0,1,0,1
C0116,28,540,000000,Warangal,007016, Kannada,258,123,135,0,0,0,258,123,135
C0116,28,540,000000,Warangal,009000,9 KONKANI,13,5,8,0,0,0,13,5,8
C0116,28,540,000000,Warangal,009011, Konkani,11,4,7,0,0,0,11,4,7
C0116,28,540,000000,Warangal,009028, Gorboli/Goru/Gorwani,2,1,1,0,0,0,2,1,1
C0116,28,540,000000,Warangal,010000,10 MAITHILI ,36,21,15,0,0,0,36,21,15
C0116,28,540,000000,Warangal,010008, Maithili,36,21,15,0,0,0,36,21,15
C0116,28,540,000000,Warangal,011000,11 MALAYALAM,781,306,475,0,0,0,781,306,475
C0116,28,540,000000,Warangal,011016, Malayalam,781,306,475,0,0,0,781,306,475
C0116,28,540,000000,Warangal,012000,12 MANIPURI ,24,0,24,0,0,0,24,0,24
C0116,28,540,000000,Warangal,012003, Manipuri,24,0,24,0,0,0,24,0,24
C0116,28,540,000000,Warangal,013000,13 MARATHI ,2682,1336,1346,0,0,0,2682,1336,1346
C0116,28,540,000000,Warangal,013004, Are,58,32,26,0,0,0,58,32,26
C0116,28,540,000000,Warangal,013071, Marathi,2595,1290,1305,0,0,0,2595,1290,1305
C0116,28,540,000000,Warangal,013999,13 Others,29,14,15,0,0,0,29,14,15
C0116,28,540,000000,Warangal,014000,14 NEPALI ,181,90,91,0,0,0,181,90,91
C0116,28,540,000000,Warangal,014011, Nepali,181,90,91,0,0,0,181,90,91
C0116,28,540,000000,Warangal,015000,15 ODIA ,400,225,175,0,0,0,400,225,175
C0116,28,540,000000,Warangal,015043, Odia,396,222,174,0,0,0,396,222,174
C0116,28,540,000000,Warangal,015055, Relli,1,0,1,0,0,0,1,0,1
C0116,28,540,000000,Warangal,015999,15 Others,3,3,0,0,0,0,3,3,0
C0116,28,540,000000,Warangal,016000,16 PUNJABI ,633,314,319,0,0,0,633,314,319
C0116,28,540,000000,Warangal,016038, Punjabi,633,314,319,0,0,0,633,314,319
C0116,28,540,000000,Warangal,017000,17 SANSKRIT ,5,1,4,0,0,0,5,1,4
C0116,28,540,000000,Warangal,017002, Sanskrit,5,1,4,0,0,0,5,1,4
C0116,28,540,000000,Warangal,018000,18 SANTALI ,1,1,0,0,0,0,1,1,0
C0116,28,540,000000,Warangal,018040, Santali,1,1,0,0,0,0,1,1,0
C0116,28,540,000000,Warangal,019000,19 SINDHI,64,31,33,0,0,0,64,31,33
C0116,28,540,000000,Warangal,019008, Kachchhi,30,14,16,0,0,0,30,14,16
C0116,28,540,000000,Warangal,019014, Sindhi,34,17,17,0,0,0,34,17,17
C0116,28,540,000000,Warangal,020000,20 TAMIL ,3223,1634,1589,0,0,0,3223,1634,1589
C0116,28,540,000000,Warangal,020027, Tamil,1523,773,750,0,0,0,1523,773,750
C0116,28,540,000000,Warangal,020029, Yerukala/Yerukula,1671,846,825,0,0,0,1671,846,825
C0116,28,540,000000,Warangal,020999,20 Others,29,15,14,0,0,0,29,15,14
C0116,28,540,000000,Warangal,021000,21 TELUGU ,823487,413157,410330,0,0,0,823487,413157,410330
C0116,28,540,000000,Warangal,021046, Telugu,823331,413081,410250,0,0,0,823331,413081,410250
C0116,28,540,000000,Warangal,021048, Vadari,10,4,6,0,0,0,10,4,6
C0116,28,540,000000,Warangal,021999,21 Others,146,72,74,0,0,0,146,72,74
C0116,28,540,000000,Warangal,022000,22 URDU,122104,61297,60807,0,0,0,122104,61297,60807
C0116,28,540,000000,Warangal,022015, Urdu,122102,61295,60807,0,0,0,122102,61295,60807
C0116,28,540,000000,Warangal,022999,22 Others,2,2,0,0,0,0,2,2,0
C0116,28,540,000000,Warangal,024000,24 AFGHANI/KABULI/PASHTO ,2,2,0,0,0,0,2,2,0
C0116,28,540,000000,Warangal,024999,24 Others,2,2,0,0,0,0,2,2,0
C0116,28,540,000000,Warangal,028000,28 ARABIC/ARBI ,11,7,4,0,0,0,11,7,4
C0116,28,540,000000,Warangal,028001, Arabic/Arbi,11,7,4,0,0,0,11,7,4
C0116,28,540,000000,Warangal,030000,30 BHILI/BHILODI ,9,4,5,0,0,0,9,4,5
C0116,28,540,000000,Warangal,030999,30 Others,9,4,5,0,0,0,9,4,5
C0116,28,540,000000,Warangal,040000,40 ENGLISH ,167,94,73,0,0,0,167,94,73
C0116,28,540,000000,Warangal,040001, English,167,94,73,0,0,0,167,94,73
C0116,28,540,000000,Warangal,044000,44 GONDI,159,69,90,0,0,0,159,69,90
C0116,28,540,000000,Warangal,044007, Gondi,115,49,66,0,0,0,115,49,66
C0116,28,540,000000,Warangal,044999,44 Others,44,20,24,0,0,0,44,20,24
C0116,28,540,000000,Warangal,063000,63 KOLAMI ,7,6,1,0,0,0,7,6,1
C0116,28,540,000000,Warangal,063001, Kolami,7,6,1,0,0,0,7,6,1
C0116,28,540,000000,Warangal,065000,65 KONDA,5,4,1,0,0,0,5,4,1
C0116,28,540,000000,Warangal,065002, Kodu,4,3,1,0,0,0,4,3,1
C0116,28,540,000000,Warangal,065003, Konda,1,1,0,0,0,0,1,1,0
C0116,28,540,000000,Warangal,069000,69 KOYA ,54,30,24,0,0,0,54,30,24
C0116,28,540,000000,Warangal,069002, Koya,54,30,24,0,0,0,54,30,24
C0116,28,540,000000,Warangal,072000,72 KURUKH/ORAON ,1,0,1,0,0,0,1,0,1
C0116,28,540,000000,Warangal,072024, Kurukh/Oraon,1,0,1,0,0,0,1,0,1
C0116,28,540,000000,Warangal,091000,91 MUNDA,1,0,1,0,0,0,1,0,1
C0116,28,540,000000,Warangal,091006, Kol,1,0,1,0,0,0,1,0,1
C0116,28,540,000000,Warangal,117000,117 TULU ,3,2,1,0,0,0,3,2,1
C0116,28,540,000000,Warangal,117009, Tulu,3,2,1,0,0,0,3,2,1
C0116,28,540,000000,Warangal,124000,124 OTHERS,172,91,81,0,0,0,172,91,81
C0116,28,540,802930,Warangal (M Corp. + OG) (Part),001000,1 ASSAMESE,6,6,0,0,0,0,6,6,0
C0116,28,540,802930,Warangal (M Corp. + OG) (Part),001002, Assamese,6,6,0,0,0,0,6,6,0
C0116,28,540,802930,Warangal (M Corp. + OG) (Part),002000,2 BENGALI ,113,55,58,0,0,0,113,55,58
C0116,28,540,802930,Warangal (M Corp. + OG) (Part),002007, Bengali,113,55,58,0,0,0,113,55,58
C0116,28,540,802930,Warangal (M Corp. + OG) (Part),005000,5 GUJARATI,185,92,93,0,0,0,185,92,93
C0116,28,540,802930,Warangal (M Corp. + OG) (Part),005018, Gujarati,56,22,34,0,0,0,56,22,34
C0116,28,540,802930,Warangal (M Corp. + OG) (Part),005057, Saurashtra/Saurashtri,4,2,2,0,0,0,4,2,2
C0116,28,540,802930,Warangal (M Corp. + OG) (Part),005999,5 Others,125,68,57,0,0,0,125,68,57
C0116,28,540,802930,Warangal (M Corp. + OG) (Part),006000,6 HINDI ,11484,6062,5422,0,0,0,11484,6062,5422
C0116,28,540,802930,Warangal (M Corp. + OG) (Part),006066, Banjari,770,390,380,0,0,0,770,390,380
C0116,28,540,802930,Warangal (M Corp. + OG) (Part),006102, Bhojpuri,26,18,8,0,0,0,26,18,8
C0116,28,540,802930,Warangal (M Corp. + OG) (Part),006125, Bundeli/Bundel khandi,11,5,6,0,0,0,11,5,6
C0116,28,540,802930,Warangal (M Corp. + OG) (Part),006198, Gawari,22,12,10,0,0,0,22,12,10
C0116,28,540,802930,Warangal (M Corp. + OG) (Part),006235, Haryanvi,4,2,2,0,0,0,4,2,2
C0116,28,540,802930,Warangal (M Corp. + OG) (Part),006240, Hindi,5122,2780,2342,0,0,0,5122,2780,2342
C0116,28,540,802930,Warangal (M Corp. + OG) (Part),006353, Lamani/Lambadi,5084,2620,2464,0,0,0,5084,2620,2464
C0116,28,540,802930,Warangal (M Corp. + OG) (Part),006376, Magadhi/Magahi,3,2,1,0,0,0,3,2,1
C0116,28,540,802930,Warangal (M Corp. + OG) (Part),006400, Marwari,217,111,106,0,0,0,217,111,106
C0116,28,540,802930,Warangal (M Corp. + OG) (Part),006489, Rajasthani,184,103,81,0,0,0,184,103,81
C0116,28,540,802930,Warangal (M Corp. + OG) (Part),006541, Sugali,7,2,5,0,0,0,7,2,5
C0116,28,540,802930,Warangal (M Corp. + OG) (Part),006999,6 Others,34,17,17,0,0,0,34,17,17
C0116,28,540,802930,Warangal (M Corp. + OG) (Part),007000,7 KANNADA,140,61,79,0,0,0,140,61,79
C0116,28,540,802930,Warangal (M Corp. + OG) (Part),007002, Badaga,1,0,1,0,0,0,1,0,1
C0116,28,540,802930,Warangal (M Corp. + OG) (Part),007016, Kannada,139,61,78,0,0,0,139,61,78
C0116,28,540,802930,Warangal (M Corp. + OG) (Part),009000,9 KONKANI,6,3,3,0,0,0,6,3,3
C0116,28,540,802930,Warangal (M Corp. + OG) (Part),009011, Konkani,6,3,3,0,0,0,6,3,3
C0116,28,540,802930,Warangal (M Corp. + OG) (Part),010000,10 MAITHILI ,5,3,2,0,0,0,5,3,2
C0116,28,540,802930,Warangal (M Corp. + OG) (Part),010008, Maithili,5,3,2,0,0,0,5,3,2
C0116,28,540,802930,Warangal (M Corp. + OG) (Part),011000,11 MALAYALAM,516,153,363,0,0,0,516,153,363
C0116,28,540,802930,Warangal (M Corp. + OG) (Part),011016, Malayalam,516,153,363,0,0,0,516,153,363
C0116,28,540,802930,Warangal (M Corp. + OG) (Part),012000,12 MANIPURI ,24,0,24,0,0,0,24,0,24
C0116,28,540,802930,Warangal (M Corp. + OG) (Part),012003, Manipuri,24,0,24,0,0,0,24,0,24
C0116,28,540,802930,Warangal (M Corp. + OG) (Part),013000,13 MARATHI ,750,367,383,0,0,0,750,367,383
C0116,28,540,802930,Warangal (M Corp. + OG) (Part),013004, Are,17,9,8,0,0,0,17,9,8
C0116,28,540,802930,Warangal (M Corp. + OG) (Part),013071, Marathi,733,358,375,0,0,0,733,358,375
C0116,28,540,802930,Warangal (M Corp. + OG) (Part),014000,14 NEPALI ,109,52,57,0,0,0,109,52,57
C0116,28,540,802930,Warangal (M Corp. + OG) (Part),014011, Nepali,109,52,57,0,0,0,109,52,57
C0116,28,540,802930,Warangal (M Corp. + OG) (Part),015000,15 ODIA ,125,81,44,0,0,0,125,81,44
C0116,28,540,802930,Warangal (M Corp. + OG) (Part),015043, Odia,123,79,44,0,0,0,123,79,44
C0116,28,540,802930,Warangal (M Corp. + OG) (Part),015999,15 Others,2,2,0,0,0,0,2,2,0
C0116,28,540,802930,Warangal (M Corp. + OG) (Part),016000,16 PUNJABI ,254,125,129,0,0,0,254,125,129
C0116,28,540,802930,Warangal (M Corp. + OG) (Part),016038, Punjabi,254,125,129,0,0,0,254,125,129
C0116,28,540,802930,Warangal (M Corp. + OG) (Part),017000,17 SANSKRIT ,5,1,4,0,0,0,5,1,4
C0116,28,540,802930,Warangal (M Corp. + OG) (Part),017002, Sanskrit,5,1,4,0,0,0,5,1,4
C0116,28,540,802930,Warangal (M Corp. + OG) (Part),018000,18 SANTALI ,1,1,0,0,0,0,1,1,0
C0116,28,540,802930,Warangal (M Corp. + OG) (Part),018040, Santali,1,1,0,0,0,0,1,1,0
C0116,28,540,802930,Warangal (M Corp. + OG) (Part),019000,19 SINDHI,8,5,3,0,0,0,8,5,3
C0116,28,540,802930,Warangal (M Corp. + OG) (Part),019014, Sindhi,8,5,3,0,0,0,8,5,3
C0116,28,540,802930,Warangal (M Corp. + OG) (Part),020000,20 TAMIL ,1485,745,740,0,0,0,1485,745,740
C0116,28,540,802930,Warangal (M Corp. + OG) (Part),020027, Tamil,746,359,387,0,0,0,746,359,387
C0116,28,540,802930,Warangal (M Corp. + OG) (Part),020029, Yerukala/Yerukula,739,386,353,0,0,0,739,386,353
C0116,28,540,802930,Warangal (M Corp. + OG) (Part),021000,21 TELUGU ,345534,173681,171853,0,0,0,345534,173681,171853
C0116,28,540,802930,Warangal (M Corp. + OG) (Part),021046, Telugu,345383,173607,171776,0,0,0,345383,173607,171776
C0116,28,540,802930,Warangal (M Corp. + OG) (Part),021048, Vadari,5,2,3,0,0,0,5,2,3
C0116,28,540,802930,Warangal (M Corp. + OG) (Part),021999,21 Others,146,72,74,0,0,0,146,72,74
C0116,28,540,802930,Warangal (M Corp. + OG) (Part),022000,22 URDU,46472,23427,23045,0,0,0,46472,23427,23045
C0116,28,540,802930,Warangal (M Corp. + OG) (Part),022015, Urdu,46470,23425,23045,0,0,0,46470,23425,23045
C0116,28,540,802930,Warangal (M Corp. + OG) (Part),022999,22 Others,2,2,0,0,0,0,2,2,0
C0116,28,540,802930,Warangal (M Corp. + OG) (Part),024000,24 AFGHANI/KABULI/PASHTO ,2,2,0,0,0,0,2,2,0
C0116,28,540,802930,Warangal (M Corp. + OG) (Part),024999,24 Others,2,2,0,0,0,0,2,2,0
C0116,28,540,802930,Warangal (M Corp. + OG) (Part),040000,40 ENGLISH ,129,66,63,0,0,0,129,66,63
C0116,28,540,802930,Warangal (M Corp. + OG) (Part),040001, English,129,66,63,0,0,0,129,66,63
C0116,28,540,802930,Warangal (M Corp. + OG) (Part),044000,44 GONDI,81,34,47,0,0,0,81,34,47
C0116,28,540,802930,Warangal (M Corp. + OG) (Part),044007, Gondi,79,34,45,0,0,0,79,34,45
C0116,28,540,802930,Warangal (M Corp. + OG) (Part),044999,44 Others,2,0,2,0,0,0,2,0,2
C0116,28,540,802930,Warangal (M Corp. + OG) (Part),063000,63 KOLAMI ,7,6,1,0,0,0,7,6,1
C0116,28,540,802930,Warangal (M Corp. + OG) (Part),063001, Kolami,7,6,1,0,0,0,7,6,1
C0116,28,540,802930,Warangal (M Corp. + OG) (Part),069000,69 KOYA ,14,7,7,0,0,0,14,7,7
C0116,28,540,802930,Warangal (M Corp. + OG) (Part),069002, Koya,14,7,7,0,0,0,14,7,7
C0116,28,540,802930,Warangal (M Corp. + OG) (Part),072000,72 KURUKH/ORAON ,1,0,1,0,0,0,1,0,1
C0116,28,540,802930,Warangal (M Corp. + OG) (Part),072024, Kurukh/Oraon,1,0,1,0,0,0,1,0,1
C0116,28,540,802930,Warangal (M Corp. + OG) (Part),091000,91 MUNDA,1,0,1,0,0,0,1,0,1
C0116,28,540,802930,Warangal (M Corp. + OG) (Part),091006, Kol,1,0,1,0,0,0,1,0,1
C0116,28,540,802930,Warangal (M Corp. + OG) (Part),124000,124 OTHERS,35,17,18,0,0,0,35,17,18
C0116,28,540,802931,Jangaon (M),002000,2 BENGALI ,2,1,1,0,0,0,2,1,1
C0116,28,540,802931,Jangaon (M),002007, Bengali,2,1,1,0,0,0,2,1,1
C0116,28,540,802931,Jangaon (M),005000,5 GUJARATI,18,10,8,0,0,0,18,10,8
C0116,28,540,802931,Jangaon (M),005018, Gujarati,11,6,5,0,0,0,11,6,5
C0116,28,540,802931,Jangaon (M),005999,5 Others,7,4,3,0,0,0,7,4,3
C0116,28,540,802931,Jangaon (M),006000,6 HINDI ,815,449,366,0,0,0,815,449,366
C0116,28,540,802931,Jangaon (M),006066, Banjari,13,6,7,0,0,0,13,6,7
C0116,28,540,802931,Jangaon (M),006240, Hindi,327,187,140,0,0,0,327,187,140
C0116,28,540,802931,Jangaon (M),006353, Lamani/Lambadi,336,176,160,0,0,0,336,176,160
C0116,28,540,802931,Jangaon (M),006400, Marwari,124,72,52,0,0,0,124,72,52
C0116,28,540,802931,Jangaon (M),006489, Rajasthani,12,6,6,0,0,0,12,6,6
C0116,28,540,802931,Jangaon (M),006999,6 Others,3,2,1,0,0,0,3,2,1
C0116,28,540,802931,Jangaon (M),007000,7 KANNADA,26,14,12,0,0,0,26,14,12
C0116,28,540,802931,Jangaon (M),007016, Kannada,26,14,12,0,0,0,26,14,12
C0116,28,540,802931,Jangaon (M),011000,11 MALAYALAM,12,5,7,0,0,0,12,5,7
C0116,28,540,802931,Jangaon (M),011016, Malayalam,12,5,7,0,0,0,12,5,7
C0116,28,540,802931,Jangaon (M),013000,13 MARATHI ,137,78,59,0,0,0,137,78,59
C0116,28,540,802931,Jangaon (M),013071, Marathi,137,78,59,0,0,0,137,78,59
C0116,28,540,802931,Jangaon (M),014000,14 NEPALI ,9,6,3,0,0,0,9,6,3
C0116,28,540,802931,Jangaon (M),014011, Nepali,9,6,3,0,0,0,9,6,3
C0116,28,540,802931,Jangaon (M),015000,15 ODIA ,6,4,2,0,0,0,6,4,2
C0116,28,540,802931,Jangaon (M),015043, Odia,6,4,2,0,0,0,6,4,2
C0116,28,540,802931,Jangaon (M),016000,16 PUNJABI ,105,47,58,0,0,0,105,47,58
C0116,28,540,802931,Jangaon (M),016038, Punjabi,105,47,58,0,0,0,105,47,58
C0116,28,540,802931,Jangaon (M),019000,19 SINDHI,13,7,6,0,0,0,13,7,6
C0116,28,540,802931,Jangaon (M),019014, Sindhi,13,7,6,0,0,0,13,7,6
C0116,28,540,802931,Jangaon (M),020000,20 TAMIL ,94,47,47,0,0,0,94,47,47
C0116,28,540,802931,Jangaon (M),020027, Tamil,22,13,9,0,0,0,22,13,9
C0116,28,540,802931,Jangaon (M),020029, Yerukala/Yerukula,43,19,24,0,0,0,43,19,24
C0116,28,540,802931,Jangaon (M),020999,20 Others,29,15,14,0,0,0,29,15,14
C0116,28,540,802931,Jangaon (M),021000,21 TELUGU ,45101,23036,22065,0,0,0,45101,23036,22065
C0116,28,540,802931,Jangaon (M),021046, Telugu,45101,23036,22065,0,0,0,45101,23036,22065
C0116,28,540,802931,Jangaon (M),022000,22 URDU,6043,3052,2991,0,0,0,6043,3052,2991
C0116,28,540,802931,Jangaon (M),022015, Urdu,6043,3052,2991,0,0,0,6043,3052,2991
C0116,28,540,802931,Jangaon (M),028000,28 ARABIC/ARBI ,4,3,1,0,0,0,4,3,1
C0116,28,540,802931,Jangaon (M),028001, Arabic/Arbi,4,3,1,0,0,0,4,3,1
C0116,28,540,802931,Jangaon (M),040000,40 ENGLISH ,7,5,2,0,0,0,7,5,2
C0116,28,540,802931,Jangaon (M),040001, English,7,5,2,0,0,0,7,5,2
C0116,28,540,802931,Jangaon (M),069000,69 KOYA ,1,0,1,0,0,0,1,0,1
C0116,28,540,802931,Jangaon (M),069002, Koya,1,0,1,0,0,0,1,0,1
C0116,28,540,802931,Jangaon (M),124000,124 OTHERS,1,0,1,0,0,0,1,0,1
C0116,28,540,802930,Warangal (M Corp. + OG) (Part),002000,2 BENGALI ,65,45,20,0,0,0,65,45,20
C0116,28,540,802930,Warangal (M Corp. + OG) (Part),002007, Bengali,65,45,20,0,0,0,65,45,20
C0116,28,540,802930,Warangal (M Corp. + OG) (Part),005000,5 GUJARATI,877,422,455,0,0,0,877,422,455
C0116,28,540,802930,Warangal (M Corp. + OG) (Part),005018, Gujarati,525,261,264,0,0,0,525,261,264
C0116,28,540,802930,Warangal (M Corp. + OG) (Part),005057, Saurashtra/Saurashtri,3,2,1,0,0,0,3,2,1
C0116,28,540,802930,Warangal (M Corp. + OG) (Part),005999,5 Others,349,159,190,0,0,0,349,159,190
C0116,28,540,802930,Warangal (M Corp. + OG) (Part),006000,6 HINDI ,5645,3230,2415,0,0,0,5645,3230,2415
C0116,28,540,802930,Warangal (M Corp. + OG) (Part),006066, Banjari,77,39,38,0,0,0,77,39,38
C0116,28,540,802930,Warangal (M Corp. + OG) (Part),006102, Bhojpuri,6,3,3,0,0,0,6,3,3
C0116,28,540,802930,Warangal (M Corp. + OG) (Part),006173, Dhundhari,1,1,0,0,0,0,1,1,0
C0116,28,540,802930,Warangal (M Corp. + OG) (Part),006240, Hindi,3383,1834,1549,0,0,0,3383,1834,1549
C0116,28,540,802930,Warangal (M Corp. + OG) (Part),006353, Lamani/Lambadi,1075,756,319,0,0,0,1075,756,319
C0116,28,540,802930,Warangal (M Corp. + OG) (Part),006400, Marwari,915,491,424,0,0,0,915,491,424
C0116,28,540,802930,Warangal (M Corp. + OG) (Part),006489, Rajasthani,141,80,61,0,0,0,141,80,61
C0116,28,540,802930,Warangal (M Corp. + OG) (Part),006999,6 Others,47,26,21,0,0,0,47,26,21
C0116,28,540,802930,Warangal (M Corp. + OG) (Part),007000,7 KANNADA,64,26,38,0,0,0,64,26,38
C0116,28,540,802930,Warangal (M Corp. + OG) (Part),007016, Kannada,64,26,38,0,0,0,64,26,38
C0116,28,540,802930,Warangal (M Corp. + OG) (Part),009000,9 KONKANI,2,1,1,0,0,0,2,1,1
C0116,28,540,802930,Warangal (M Corp. + OG) (Part),009028, Gorboli/Goru/Gorwani,2,1,1,0,0,0,2,1,1
C0116,28,540,802930,Warangal (M Corp. + OG) (Part),010000,10 MAITHILI ,26,15,11,0,0,0,26,15,11
C0116,28,540,802930,Warangal (M Corp. + OG) (Part),010008, Maithili,26,15,11,0,0,0,26,15,11
C0116,28,540,802930,Warangal (M Corp. + OG) (Part),011000,11 MALAYALAM,58,27,31,0,0,0,58,27,31
C0116,28,540,802930,Warangal (M Corp. + OG) (Part),011016, Malayalam,58,27,31,0,0,0,58,27,31
C0116,28,540,802930,Warangal (M Corp. + OG) (Part),013000,13 MARATHI ,1324,662,662,0,0,0,1324,662,662
C0116,28,540,802930,Warangal (M Corp. + OG) (Part),013004, Are,19,10,9,0,0,0,19,10,9
C0116,28,540,802930,Warangal (M Corp. + OG) (Part),013071, Marathi,1276,638,638,0,0,0,1276,638,638
C0116,28,540,802930,Warangal (M Corp. + OG) (Part),013999,13 Others,29,14,15,0,0,0,29,14,15
C0116,28,540,802930,Warangal (M Corp. + OG) (Part),014000,14 NEPALI ,36,13,23,0,0,0,36,13,23
C0116,28,540,802930,Warangal (M Corp. + OG) (Part),014011, Nepali,36,13,23,0,0,0,36,13,23
C0116,28,540,802930,Warangal (M Corp. + OG) (Part),015000,15 ODIA ,32,15,17,0,0,0,32,15,17
C0116,28,540,802930,Warangal (M Corp. + OG) (Part),015043, Odia,31,15,16,0,0,0,31,15,16
C0116,28,540,802930,Warangal (M Corp. + OG) (Part),015055, Relli,1,0,1,0,0,0,1,0,1
C0116,28,540,802930,Warangal (M Corp. + OG) (Part),016000,16 PUNJABI ,225,110,115,0,0,0,225,110,115
C0116,28,540,802930,Warangal (M Corp. + OG) (Part),016038, Punjabi,225,110,115,0,0,0,225,110,115
C0116,28,540,802930,Warangal (M Corp. + OG) (Part),019000,19 SINDHI,43,19,24,0,0,0,43,19,24
C0116,28,540,802930,Warangal (M Corp. + OG) (Part),019008, Kachchhi,30,14,16,0,0,0,30,14,16
C0116,28,540,802930,Warangal (M Corp. + OG) (Part),019014, Sindhi,13,5,8,0,0,0,13,5,8
C0116,28,540,802930,Warangal (M Corp. + OG) (Part),020000,20 TAMIL ,862,431,431,0,0,0,862,431,431
C0116,28,540,802930,Warangal (M Corp. + OG) (Part),020027, Tamil,408,208,200,0,0,0,408,208,200
C0116,28,540,802930,Warangal (M Corp. + OG) (Part),020029, Yerukala/Yerukula,454,223,231,0,0,0,454,223,231
C0116,28,540,802930,Warangal (M Corp. + OG) (Part),021000,21 TELUGU ,235900,117210,118690,0,0,0,235900,117210,118690
C0116,28,540,802930,Warangal (M Corp. + OG) (Part),021046, Telugu,235895,117208,118687,0,0,0,235895,117208,118687
C0116,28,540,802930,Warangal (M Corp. + OG) (Part),021048, Vadari,5,2,3,0,0,0,5,2,3
C0116,28,540,802930,Warangal (M Corp. + OG) (Part),022000,22 URDU,51759,25940,25819,0,0,0,51759,25940,25819
C0116,28,540,802930,Warangal (M Corp. + OG) (Part),022015, Urdu,51759,25940,25819,0,0,0,51759,25940,25819
C0116,28,540,802930,Warangal (M Corp. + OG) (Part),028000,28 ARABIC/ARBI ,7,4,3,0,0,0,7,4,3
C0116,28,540,802930,Warangal (M Corp. + OG) (Part),028001, Arabic/Arbi,7,4,3,0,0,0,7,4,3
C0116,28,540,802930,Warangal (M Corp. + OG) (Part),030000,30 BHILI/BHILODI ,9,4,5,0,0,0,9,4,5
C0116,28,540,802930,Warangal (M Corp. + OG) (Part),030999,30 Others,9,4,5,0,0,0,9,4,5
C0116,28,540,802930,Warangal (M Corp. + OG) (Part),040000,40 ENGLISH ,11,8,3,0,0,0,11,8,3
C0116,28,540,802930,Warangal (M Corp. + OG) (Part),040001, English,11,8,3,0,0,0,11,8,3
C0116,28,540,802930,Warangal (M Corp. + OG) (Part),044000,44 GONDI,44,22,22,0,0,0,44,22,22
C0116,28,540,802930,Warangal (M Corp. + OG) (Part),044007, Gondi,8,4,4,0,0,0,8,4,4
C0116,28,540,802930,Warangal (M Corp. + OG) (Part),044999,44 Others,36,18,18,0,0,0,36,18,18
C0116,28,540,802930,Warangal (M Corp. + OG) (Part),069000,69 KOYA ,22,12,10,0,0,0,22,12,10
C0116,28,540,802930,Warangal (M Corp. + OG) (Part),069002, Koya,22,12,10,0,0,0,22,12,10
C0116,28,540,802930,Warangal (M Corp. + OG) (Part),117000,117 TULU ,3,2,1,0,0,0,3,2,1
C0116,28,540,802930,Warangal (M Corp. + OG) (Part),117009, Tulu,3,2,1,0,0,0,3,2,1
C0116,28,540,802930,Warangal (M Corp. + OG) (Part),124000,124 OTHERS,64,39,25,0,0,0,64,39,25
C0116,28,540,577709,Ghanpur (Station) (CT),006000,6 HINDI ,468,269,199,0,0,0,468,269,199
C0116,28,540,577709,Ghanpur (Station) (CT),006240, Hindi,186,103,83,0,0,0,186,103,83
C0116,28,540,577709,Ghanpur (Station) (CT),006353, Lamani/Lambadi,208,120,88,0,0,0,208,120,88
C0116,28,540,577709,Ghanpur (Station) (CT),006400, Marwari,17,12,5,0,0,0,17,12,5
C0116,28,540,577709,Ghanpur (Station) (CT),006489, Rajasthani,57,34,23,0,0,0,57,34,23
C0116,28,540,577709,Ghanpur (Station) (CT),007000,7 KANNADA,4,2,2,0,0,0,4,2,2
C0116,28,540,577709,Ghanpur (Station) (CT),007016, Kannada,4,2,2,0,0,0,4,2,2
C0116,28,540,577709,Ghanpur (Station) (CT),011000,11 MALAYALAM,9,4,5,0,0,0,9,4,5
C0116,28,540,577709,Ghanpur (Station) (CT),011016, Malayalam,9,4,5,0,0,0,9,4,5
C0116,28,540,577709,Ghanpur (Station) (CT),013000,13 MARATHI ,6,3,3,0,0,0,6,3,3
C0116,28,540,577709,Ghanpur (Station) (CT),013071, Marathi,6,3,3,0,0,0,6,3,3
C0116,28,540,577709,Ghanpur (Station) (CT),014000,14 NEPALI ,5,3,2,0,0,0,5,3,2
C0116,28,540,577709,Ghanpur (Station) (CT),014011, Nepali,5,3,2,0,0,0,5,3,2
C0116,28,540,577709,Ghanpur (Station) (CT),015000,15 ODIA ,9,7,2,0,0,0,9,7,2
C0116,28,540,577709,Ghanpur (Station) (CT),015043, Odia,8,6,2,0,0,0,8,6,2
C0116,28,540,577709,Ghanpur (Station) (CT),015999,15 Others,1,1,0,0,0,0,1,1,0
C0116,28,540,577709,Ghanpur (Station) (CT),016000,16 PUNJABI ,12,7,5,0,0,0,12,7,5
C0116,28,540,577709,Ghanpur (Station) (CT),016038, Punjabi,12,7,5,0,0,0,12,7,5
C0116,28,540,577709,Ghanpur (Station) (CT),020000,20 TAMIL ,19,10,9,0,0,0,19,10,9
C0116,28,540,577709,Ghanpur (Station) (CT),020027, Tamil,4,2,2,0,0,0,4,2,2
C0116,28,540,577709,Ghanpur (Station) (CT),020029, Yerukala/Yerukula,15,8,7,0,0,0,15,8,7
C0116,28,540,577709,Ghanpur (Station) (CT),021000,21 TELUGU ,11944,6331,5613,0,0,0,11944,6331,5613
C0116,28,540,577709,Ghanpur (Station) (CT),021046, Telugu,11944,6331,5613,0,0,0,11944,6331,5613
C0116,28,540,577709,Ghanpur (Station) (CT),022000,22 URDU,235,119,116,0,0,0,235,119,116
C0116,28,540,577709,Ghanpur (Station) (CT),022015, Urdu,235,119,116,0,0,0,235,119,116
C0116,28,540,577709,Ghanpur (Station) (CT),040000,40 ENGLISH ,4,3,1,0,0,0,4,3,1
C0116,28,540,577709,Ghanpur (Station) (CT),040001, English,4,3,1,0,0,0,4,3,1
C0116,28,540,577709,Ghanpur (Station) (CT),069000,69 KOYA ,1,1,0,0,0,0,1,1,0
C0116,28,540,577709,Ghanpur (Station) (CT),069002, Koya,1,1,0,0,0,0,1,1,0
C0116,28,540,577709,Ghanpur (Station) (CT),124000,124 OTHERS,5,3,2,0,0,0,5,3,2
C0116,28,540,577710,Shivunipalle (CT),006000,6 HINDI ,8,4,4,0,0,0,8,4,4
C0116,28,540,577710,Shivunipalle (CT),006240, Hindi,1,1,0,0,0,0,1,1,0
C0116,28,540,577710,Shivunipalle (CT),006353, Lamani/Lambadi,7,3,4,0,0,0,7,3,4
C0116,28,540,577710,Shivunipalle (CT),014000,14 NEPALI ,5,4,1,0,0,0,5,4,1
C0116,28,540,577710,Shivunipalle (CT),014011, Nepali,5,4,1,0,0,0,5,4,1
C0116,28,540,577710,Shivunipalle (CT),015000,15 ODIA ,1,0,1,0,0,0,1,0,1
C0116,28,540,577710,Shivunipalle (CT),015043, Odia,1,0,1,0,0,0,1,0,1
C0116,28,540,577710,Shivunipalle (CT),020000,20 TAMIL ,16,6,10,0,0,0,16,6,10
C0116,28,540,577710,Shivunipalle (CT),020027, Tamil,15,6,9,0,0,0,15,6,9
C0116,28,540,577710,Shivunipalle (CT),020029, Yerukala/Yerukula,1,0,1,0,0,0,1,0,1
C0116,28,540,577710,Shivunipalle (CT),021000,21 TELUGU ,6010,2845,3165,0,0,0,6010,2845,3165
C0116,28,540,577710,Shivunipalle (CT),021046, Telugu,6010,2845,3165,0,0,0,6010,2845,3165
C0116,28,540,577710,Shivunipalle (CT),022000,22 URDU,200,99,101,0,0,0,200,99,101
C0116,28,540,577710,Shivunipalle (CT),022015, Urdu,200,99,101,0,0,0,200,99,101
C0116,28,540,577710,Shivunipalle (CT),065000,65 KONDA,1,1,0,0,0,0,1,1,0
C0116,28,540,577710,Shivunipalle (CT),065003, Konda,1,1,0,0,0,0,1,1,0
C0116,28,540,577710,Shivunipalle (CT),124000,124 OTHERS,1,1,0,0,0,0,1,1,0
C0116,28,540,577744,Bhimaram (CT),001000,1 ASSAMESE,5,4,1,0,0,0,5,4,1
C0116,28,540,577744,Bhimaram (CT),001002, Assamese,5,4,1,0,0,0,5,4,1
C0116,28,540,577744,Bhimaram (CT),002000,2 BENGALI ,14,14,0,0,0,0,14,14,0
C0116,28,540,577744,Bhimaram (CT),002007, Bengali,14,14,0,0,0,0,14,14,0
C0116,28,540,577744,Bhimaram (CT),004000,4 DOGRI ,1,1,0,0,0,0,1,1,0
C0116,28,540,577744,Bhimaram (CT),004001, Dogri,1,1,0,0,0,0,1,1,0
C0116,28,540,577744,Bhimaram (CT),005000,5 GUJARATI,2,2,0,0,0,0,2,2,0
C0116,28,540,577744,Bhimaram (CT),005018, Gujarati,2,2,0,0,0,0,2,2,0
C0116,28,540,577744,Bhimaram (CT),006000,6 HINDI ,2078,1108,970,0,0,0,2078,1108,970
C0116,28,540,577744,Bhimaram (CT),006066, Banjari,1,0,1,0,0,0,1,0,1
C0116,28,540,577744,Bhimaram (CT),006102, Bhojpuri,6,6,0,0,0,0,6,6,0
C0116,28,540,577744,Bhimaram (CT),006240, Hindi,156,126,30,0,0,0,156,126,30
C0116,28,540,577744,Bhimaram (CT),006353, Lamani/Lambadi,1884,959,925,0,0,0,1884,959,925
C0116,28,540,577744,Bhimaram (CT),006489, Rajasthani,31,17,14,0,0,0,31,17,14
C0116,28,540,577744,Bhimaram (CT),007000,7 KANNADA,10,10,0,0,0,0,10,10,0
C0116,28,540,577744,Bhimaram (CT),007016, Kannada,10,10,0,0,0,0,10,10,0
C0116,28,540,577744,Bhimaram (CT),010000,10 MAITHILI ,1,1,0,0,0,0,1,1,0
C0116,28,540,577744,Bhimaram (CT),010008, Maithili,1,1,0,0,0,0,1,1,0
C0116,28,540,577744,Bhimaram (CT),011000,11 MALAYALAM,50,50,0,0,0,0,50,50,0
C0116,28,540,577744,Bhimaram (CT),011016, Malayalam,50,50,0,0,0,0,50,50,0
C0116,28,540,577744,Bhimaram (CT),013000,13 MARATHI ,28,14,14,0,0,0,28,14,14
C0116,28,540,577744,Bhimaram (CT),013071, Marathi,28,14,14,0,0,0,28,14,14
C0116,28,540,577744,Bhimaram (CT),014000,14 NEPALI ,2,2,0,0,0,0,2,2,0
C0116,28,540,577744,Bhimaram (CT),014011, Nepali,2,2,0,0,0,0,2,2,0
C0116,28,540,577744,Bhimaram (CT),015000,15 ODIA ,10,10,0,0,0,0,10,10,0
C0116,28,540,577744,Bhimaram (CT),015043, Odia,10,10,0,0,0,0,10,10,0
C0116,28,540,577744,Bhimaram (CT),016000,16 PUNJABI ,8,8,0,0,0,0,8,8,0
C0116,28,540,577744,Bhimaram (CT),016038, Punjabi,8,8,0,0,0,0,8,8,0
C0116,28,540,577744,Bhimaram (CT),020000,20 TAMIL ,56,35,21,0,0,0,56,35,21
C0116,28,540,577744,Bhimaram (CT),020027, Tamil,23,22,1,0,0,0,23,22,1
C0116,28,540,577744,Bhimaram (CT),020029, Yerukala/Yerukula,33,13,20,0,0,0,33,13,20
C0116,28,540,577744,Bhimaram (CT),021000,21 TELUGU ,11213,5661,5552,0,0,0,11213,5661,5552
C0116,28,540,577744,Bhimaram (CT),021046, Telugu,11213,5661,5552,0,0,0,11213,5661,5552
C0116,28,540,577744,Bhimaram (CT),022000,22 URDU,359,177,182,0,0,0,359,177,182
C0116,28,540,577744,Bhimaram (CT),022015, Urdu,359,177,182,0,0,0,359,177,182
C0116,28,540,577744,Bhimaram (CT),040000,40 ENGLISH ,3,2,1,0,0,0,3,2,1
C0116,28,540,577744,Bhimaram (CT),040001, English,3,2,1,0,0,0,3,2,1
C0116,28,540,577744,Bhimaram (CT),124000,124 OTHERS,1,1,0,0,0,0,1,1,0
C0116,28,540,577841,Bhupalpalle (CT),002000,2 BENGALI ,35,23,12,0,0,0,35,23,12
C0116,28,540,577841,Bhupalpalle (CT),002007, Bengali,35,23,12,0,0,0,35,23,12
C0116,28,540,577841,Bhupalpalle (CT),005000,5 GUJARATI,3,1,2,0,0,0,3,1,2
C0116,28,540,577841,Bhupalpalle (CT),005999,5 Others,3,1,2,0,0,0,3,1,2
C0116,28,540,577841,Bhupalpalle (CT),006000,6 HINDI ,1600,828,772,0,0,0,1600,828,772
C0116,28,540,577841,Bhupalpalle (CT),006066, Banjari,100,51,49,0,0,0,100,51,49
C0116,28,540,577841,Bhupalpalle (CT),006240, Hindi,562,300,262,0,0,0,562,300,262
C0116,28,540,577841,Bhupalpalle (CT),006353, Lamani/Lambadi,934,474,460,0,0,0,934,474,460
C0116,28,540,577841,Bhupalpalle (CT),006400, Marwari,2,2,0,0,0,0,2,2,0
C0116,28,540,577841,Bhupalpalle (CT),006999,6 Others,2,1,1,0,0,0,2,1,1
C0116,28,540,577841,Bhupalpalle (CT),007000,7 KANNADA,2,2,0,0,0,0,2,2,0
C0116,28,540,577841,Bhupalpalle (CT),007016, Kannada,2,2,0,0,0,0,2,2,0
C0116,28,540,577841,Bhupalpalle (CT),010000,10 MAITHILI ,4,2,2,0,0,0,4,2,2
C0116,28,540,577841,Bhupalpalle (CT),010008, Maithili,4,2,2,0,0,0,4,2,2
C0116,28,540,577841,Bhupalpalle (CT),011000,11 MALAYALAM,45,25,20,0,0,0,45,25,20
C0116,28,540,577841,Bhupalpalle (CT),011016, Malayalam,45,25,20,0,0,0,45,25,20
C0116,28,540,577841,Bhupalpalle (CT),013000,13 MARATHI ,81,41,40,0,0,0,81,41,40
C0116,28,540,577841,Bhupalpalle (CT),013071, Marathi,81,41,40,0,0,0,81,41,40
C0116,28,540,577841,Bhupalpalle (CT),015000,15 ODIA ,7,4,3,0,0,0,7,4,3
C0116,28,540,577841,Bhupalpalle (CT),015043, Odia,7,4,3,0,0,0,7,4,3
C0116,28,540,577841,Bhupalpalle (CT),016000,16 PUNJABI ,4,3,1,0,0,0,4,3,1
C0116,28,540,577841,Bhupalpalle (CT),016038, Punjabi,4,3,1,0,0,0,4,3,1
C0116,28,540,577841,Bhupalpalle (CT),020000,20 TAMIL ,79,40,39,0,0,0,79,40,39
C0116,28,540,577841,Bhupalpalle (CT),020027, Tamil,27,12,15,0,0,0,27,12,15
C0116,28,540,577841,Bhupalpalle (CT),020029, Yerukala/Yerukula,52,28,24,0,0,0,52,28,24
C0116,28,540,577841,Bhupalpalle (CT),021000,21 TELUGU ,38497,19823,18674,0,0,0,38497,19823,18674
C0116,28,540,577841,Bhupalpalle (CT),021046, Telugu,38497,19823,18674,0,0,0,38497,19823,18674
C0116,28,540,577841,Bhupalpalle (CT),022000,22 URDU,2022,1014,1008,0,0,0,2022,1014,1008
C0116,28,540,577841,Bhupalpalle (CT),022015, Urdu,2022,1014,1008,0,0,0,2022,1014,1008
C0116,28,540,577841,Bhupalpalle (CT),040000,40 ENGLISH ,4,3,1,0,0,0,4,3,1
C0116,28,540,577841,Bhupalpalle (CT),040001, English,4,3,1,0,0,0,4,3,1
C0116,28,540,577841,Bhupalpalle (CT),044000,44 GONDI,4,1,3,0,0,0,4,1,3
C0116,28,540,577841,Bhupalpalle (CT),044999,44 Others,4,1,3,0,0,0,4,1,3
C0116,28,540,577948,Kamalapuram (CT),002000,2 BENGALI ,3,1,2,0,0,0,3,1,2
C0116,28,540,577948,Kamalapuram (CT),002007, Bengali,3,1,2,0,0,0,3,1,2
C0116,28,540,577948,Kamalapuram (CT),005000,5 GUJARATI,5,1,4,0,0,0,5,1,4
C0116,28,540,577948,Kamalapuram (CT),005018, Gujarati,5,1,4,0,0,0,5,1,4
C0116,28,540,577948,Kamalapuram (CT),006000,6 HINDI ,238,126,112,0,0,0,238,126,112
C0116,28,540,577948,Kamalapuram (CT),006235, Haryanvi,2,0,2,0,0,0,2,0,2
C0116,28,540,577948,Kamalapuram (CT),006240, Hindi,97,56,41,0,0,0,97,56,41
C0116,28,540,577948,Kamalapuram (CT),006353, Lamani/Lambadi,130,65,65,0,0,0,130,65,65
C0116,28,540,577948,Kamalapuram (CT),006400, Marwari,6,3,3,0,0,0,6,3,3
C0116,28,540,577948,Kamalapuram (CT),006489, Rajasthani,3,2,1,0,0,0,3,2,1
C0116,28,540,577948,Kamalapuram (CT),007000,7 KANNADA,1,1,0,0,0,0,1,1,0
C0116,28,540,577948,Kamalapuram (CT),007016, Kannada,1,1,0,0,0,0,1,1,0
C0116,28,540,577948,Kamalapuram (CT),009000,9 KONKANI,3,1,2,0,0,0,3,1,2
C0116,28,540,577948,Kamalapuram (CT),009011, Konkani,3,1,2,0,0,0,3,1,2
C0116,28,540,577948,Kamalapuram (CT),011000,11 MALAYALAM,37,17,20,0,0,0,37,17,20
C0116,28,540,577948,Kamalapuram (CT),011016, Malayalam,37,17,20,0,0,0,37,17,20
C0116,28,540,577948,Kamalapuram (CT),013000,13 MARATHI ,12,8,4,0,0,0,12,8,4
C0116,28,540,577948,Kamalapuram (CT),013071, Marathi,12,8,4,0,0,0,12,8,4
C0116,28,540,577948,Kamalapuram (CT),014000,14 NEPALI ,1,1,0,0,0,0,1,1,0
C0116,28,540,577948,Kamalapuram (CT),014011, Nepali,1,1,0,0,0,0,1,1,0
C0116,28,540,577948,Kamalapuram (CT),015000,15 ODIA ,202,99,103,0,0,0,202,99,103
C0116,28,540,577948,Kamalapuram (CT),015043, Odia,202,99,103,0,0,0,202,99,103
C0116,28,540,577948,Kamalapuram (CT),016000,16 PUNJABI ,4,3,1,0,0,0,4,3,1
C0116,28,540,577948,Kamalapuram (CT),016038, Punjabi,4,3,1,0,0,0,4,3,1
C0116,28,540,577948,Kamalapuram (CT),020000,20 TAMIL ,11,6,5,0,0,0,11,6,5
C0116,28,540,577948,Kamalapuram (CT),020027, Tamil,11,6,5,0,0,0,11,6,5
C0116,28,540,577948,Kamalapuram (CT),021000,21 TELUGU ,10460,5256,5204,0,0,0,10460,5256,5204
C0116,28,540,577948,Kamalapuram (CT),021046, Telugu,10460,5256,5204,0,0,0,10460,5256,5204
C0116,28,540,577948,Kamalapuram (CT),022000,22 URDU,512,253,259,0,0,0,512,253,259
C0116,28,540,577948,Kamalapuram (CT),022015, Urdu,512,253,259,0,0,0,512,253,259
C0116,28,540,577948,Kamalapuram (CT),040000,40 ENGLISH ,4,3,1,0,0,0,4,3,1
C0116,28,540,577948,Kamalapuram (CT),040001, English,4,3,1,0,0,0,4,3,1
C0116,28,540,578155,Enumamula (CT),001000,1 ASSAMESE,1,1,0,0,0,0,1,1,0
C0116,28,540,578155,Enumamula (CT),001002, Assamese,1,1,0,0,0,0,1,1,0
C0116,28,540,578155,Enumamula (CT),002000,2 BENGALI ,2,2,0,0,0,0,2,2,0
C0116,28,540,578155,Enumamula (CT),002007, Bengali,2,2,0,0,0,0,2,2,0
C0116,28,540,578155,Enumamula (CT),005000,5 GUJARATI,1,1,0,0,0,0,1,1,0
C0116,28,540,578155,Enumamula (CT),005999,5 Others,1,1,0,0,0,0,1,1,0
C0116,28,540,578155,Enumamula (CT),006000,6 HINDI ,289,170,119,0,0,0,289,170,119
C0116,28,540,578155,Enumamula (CT),006240, Hindi,150,93,57,0,0,0,150,93,57
C0116,28,540,578155,Enumamula (CT),006353, Lamani/Lambadi,139,77,62,0,0,0,139,77,62
C0116,28,540,578155,Enumamula (CT),007000,7 KANNADA,1,1,0,0,0,0,1,1,0
C0116,28,540,578155,Enumamula (CT),007016, Kannada,1,1,0,0,0,0,1,1,0
C0116,28,540,578155,Enumamula (CT),011000,11 MALAYALAM,3,2,1,0,0,0,3,2,1
C0116,28,540,578155,Enumamula (CT),011016, Malayalam,3,2,1,0,0,0,3,2,1
C0116,28,540,578155,Enumamula (CT),013000,13 MARATHI ,13,9,4,0,0,0,13,9,4
C0116,28,540,578155,Enumamula (CT),013004, Are,8,6,2,0,0,0,8,6,2
C0116,28,540,578155,Enumamula (CT),013071, Marathi,5,3,2,0,0,0,5,3,2
C0116,28,540,578155,Enumamula (CT),015000,15 ODIA ,1,1,0,0,0,0,1,1,0
C0116,28,540,578155,Enumamula (CT),015043, Odia,1,1,0,0,0,0,1,1,0
C0116,28,540,578155,Enumamula (CT),016000,16 PUNJABI ,8,5,3,0,0,0,8,5,3
C0116,28,540,578155,Enumamula (CT),016038, Punjabi,8,5,3,0,0,0,8,5,3
C0116,28,540,578155,Enumamula (CT),020000,20 TAMIL ,89,58,31,0,0,0,89,58,31
C0116,28,540,578155,Enumamula (CT),020027, Tamil,32,26,6,0,0,0,32,26,6
C0116,28,540,578155,Enumamula (CT),020029, Yerukala/Yerukula,57,32,25,0,0,0,57,32,25
C0116,28,540,578155,Enumamula (CT),021000,21 TELUGU ,11163,5596,5567,0,0,0,11163,5596,5567
C0116,28,540,578155,Enumamula (CT),021046, Telugu,11163,5596,5567,0,0,0,11163,5596,5567
C0116,28,540,578155,Enumamula (CT),022000,22 URDU,1612,782,830,0,0,0,1612,782,830
C0116,28,540,578155,Enumamula (CT),022015, Urdu,1612,782,830,0,0,0,1612,782,830
C0116,28,540,578156,Kadipikonda (CT),006000,6 HINDI ,88,44,44,0,0,0,88,44,44
C0116,28,540,578156,Kadipikonda (CT),006240, Hindi,17,6,11,0,0,0,17,6,11
C0116,28,540,578156,Kadipikonda (CT),006353, Lamani/Lambadi,71,38,33,0,0,0,71,38,33
C0116,28,540,578156,Kadipikonda (CT),011000,11 MALAYALAM,1,0,1,0,0,0,1,0,1
C0116,28,540,578156,Kadipikonda (CT),011016, Malayalam,1,0,1,0,0,0,1,0,1
C0116,28,540,578156,Kadipikonda (CT),013000,13 MARATHI ,2,1,1,0,0,0,2,1,1
C0116,28,540,578156,Kadipikonda (CT),013071, Marathi,2,1,1,0,0,0,2,1,1
C0116,28,540,578156,Kadipikonda (CT),014000,14 NEPALI ,5,3,2,0,0,0,5,3,2
C0116,28,540,578156,Kadipikonda (CT),014011, Nepali,5,3,2,0,0,0,5,3,2
C0116,28,540,578156,Kadipikonda (CT),016000,16 PUNJABI ,4,2,2,0,0,0,4,2,2
C0116,28,540,578156,Kadipikonda (CT),016038, Punjabi,4,2,2,0,0,0,4,2,2
C0116,28,540,578156,Kadipikonda (CT),020000,20 TAMIL ,12,3,9,0,0,0,12,3,9
C0116,28,540,578156,Kadipikonda (CT),020027, Tamil,11,2,9,0,0,0,11,2,9
C0116,28,540,578156,Kadipikonda (CT),020029, Yerukala/Yerukula,1,1,0,0,0,0,1,1,0
C0116,28,540,578156,Kadipikonda (CT),021000,21 TELUGU ,7747,3853,3894,0,0,0,7747,3853,3894
C0116,28,540,578156,Kadipikonda (CT),021046, Telugu,7747,3853,3894,0,0,0,7747,3853,3894
C0116,28,540,578156,Kadipikonda (CT),022000,22 URDU,799,396,403,0,0,0,799,396,403
C0116,28,540,578156,Kadipikonda (CT),022015, Urdu,799,396,403,0,0,0,799,396,403
C0116,28,540,578156,Kadipikonda (CT),044000,44 GONDI,27,11,16,0,0,0,27,11,16
C0116,28,540,578156,Kadipikonda (CT),044007, Gondi,25,10,15,0,0,0,25,10,15
C0116,28,540,578156,Kadipikonda (CT),044999,44 Others,2,1,1,0,0,0,2,1,1
C0116,28,540,578157,Mamnoor (CT),006000,6 HINDI ,245,121,124,0,0,0,245,121,124
C0116,28,540,578157,Mamnoor (CT),006066, Banjari,42,18,24,0,0,0,42,18,24
C0116,28,540,578157,Mamnoor (CT),006240, Hindi,16,7,9,0,0,0,16,7,9
C0116,28,540,578157,Mamnoor (CT),006353, Lamani/Lambadi,187,96,91,0,0,0,187,96,91
C0116,28,540,578157,Mamnoor (CT),011000,11 MALAYALAM,6,4,2,0,0,0,6,4,2
C0116,28,540,578157,Mamnoor (CT),011016, Malayalam,6,4,2,0,0,0,6,4,2
C0116,28,540,578157,Mamnoor (CT),013000,13 MARATHI ,4,1,3,0,0,0,4,1,3
C0116,28,540,578157,Mamnoor (CT),013071, Marathi,4,1,3,0,0,0,4,1,3
C0116,28,540,578157,Mamnoor (CT),020000,20 TAMIL ,38,19,19,0,0,0,38,19,19
C0116,28,540,578157,Mamnoor (CT),020027, Tamil,38,19,19,0,0,0,38,19,19
C0116,28,540,578157,Mamnoor (CT),021000,21 TELUGU ,5624,2810,2814,0,0,0,5624,2810,2814
C0116,28,540,578157,Mamnoor (CT),021046, Telugu,5624,2810,2814,0,0,0,5624,2810,2814
C0116,28,540,578157,Mamnoor (CT),022000,22 URDU,392,197,195,0,0,0,392,197,195
C0116,28,540,578157,Mamnoor (CT),022015, Urdu,392,197,195,0,0,0,392,197,195
C0116,28,540,578157,Mamnoor (CT),065000,65 KONDA,4,3,1,0,0,0,4,3,1
C0116,28,540,578157,Mamnoor (CT),065002, Kodu,4,3,1,0,0,0,4,3,1
C0116,28,540,578157,Mamnoor (CT),124000,124 OTHERS,6,1,5,0,0,0,6,1,5
C0116,28,540,578354,Gorrekunta (CT),006000,6 HINDI ,209,107,102,0,0,0,209,107,102
C0116,28,540,578354,Gorrekunta (CT),006066, Banjari,24,10,14,0,0,0,24,10,14
C0116,28,540,578354,Gorrekunta (CT),006240, Hindi,105,58,47,0,0,0,105,58,47
C0116,28,540,578354,Gorrekunta (CT),006353, Lamani/Lambadi,80,39,41,0,0,0,80,39,41
C0116,28,540,578354,Gorrekunta (CT),007000,7 KANNADA,1,1,0,0,0,0,1,1,0
C0116,28,540,578354,Gorrekunta (CT),007016, Kannada,1,1,0,0,0,0,1,1,0
C0116,28,540,578354,Gorrekunta (CT),013000,13 MARATHI ,54,33,21,0,0,0,54,33,21
C0116,28,540,578354,Gorrekunta (CT),013004, Are,11,6,5,0,0,0,11,6,5
C0116,28,540,578354,Gorrekunta (CT),013071, Marathi,43,27,16,0,0,0,43,27,16
C0116,28,540,578354,Gorrekunta (CT),020000,20 TAMIL ,83,45,38,0,0,0,83,45,38
C0116,28,540,578354,Gorrekunta (CT),020027, Tamil,22,10,12,0,0,0,22,10,12
C0116,28,540,578354,Gorrekunta (CT),020029, Yerukala/Yerukula,61,35,26,0,0,0,61,35,26
C0116,28,540,578354,Gorrekunta (CT),021000,21 TELUGU ,11160,5563,5597,0,0,0,11160,5563,5597
C0116,28,540,578354,Gorrekunta (CT),021046, Telugu,11160,5563,5597,0,0,0,11160,5563,5597
C0116,28,540,578354,Gorrekunta (CT),022000,22 URDU,1646,841,805,0,0,0,1646,841,805
C0116,28,540,578354,Gorrekunta (CT),022015, Urdu,1646,841,805,0,0,0,1646,841,805
C0116,28,540,578354,Gorrekunta (CT),044000,44 GONDI,3,1,2,0,0,0,3,1,2
C0116,28,540,578354,Gorrekunta (CT),044007, Gondi,3,1,2,0,0,0,3,1,2
C0116,28,540,578354,Gorrekunta (CT),069000,69 KOYA ,3,2,1,0,0,0,3,2,1
C0116,28,540,578354,Gorrekunta (CT),069002, Koya,3,2,1,0,0,0,3,2,1
C0116,28,540,578369,Narsampet (CT),002000,2 BENGALI ,1,1,0,0,0,0,1,1,0
C0116,28,540,578369,Narsampet (CT),002007, Bengali,1,1,0,0,0,0,1,1,0
C0116,28,540,578369,Narsampet (CT),005000,5 GUJARATI,1,1,0,0,0,0,1,1,0
C0116,28,540,578369,Narsampet (CT),005999,5 Others,1,1,0,0,0,0,1,1,0
C0116,28,540,578369,Narsampet (CT),006000,6 HINDI ,770,416,354,0,0,0,770,416,354
C0116,28,540,578369,Narsampet (CT),006066, Banjari,207,124,83,0,0,0,207,124,83
C0116,28,540,578369,Narsampet (CT),006240, Hindi,169,87,82,0,0,0,169,87,82
C0116,28,540,578369,Narsampet (CT),006353, Lamani/Lambadi,375,195,180,0,0,0,375,195,180
C0116,28,540,578369,Narsampet (CT),006400, Marwari,18,9,9,0,0,0,18,9,9
C0116,28,540,578369,Narsampet (CT),006999,6 Others,1,1,0,0,0,0,1,1,0
C0116,28,540,578369,Narsampet (CT),011000,11 MALAYALAM,6,3,3,0,0,0,6,3,3
C0116,28,540,578369,Narsampet (CT),011016, Malayalam,6,3,3,0,0,0,6,3,3
C0116,28,540,578369,Narsampet (CT),013000,13 MARATHI ,31,14,17,0,0,0,31,14,17
C0116,28,540,578369,Narsampet (CT),013004, Are,3,1,2,0,0,0,3,1,2
C0116,28,540,578369,Narsampet (CT),013071, Marathi,28,13,15,0,0,0,28,13,15
C0116,28,540,578369,Narsampet (CT),020000,20 TAMIL ,227,107,120,0,0,0,227,107,120
C0116,28,540,578369,Narsampet (CT),020027, Tamil,12,6,6,0,0,0,12,6,6
C0116,28,540,578369,Narsampet (CT),020029, Yerukala/Yerukula,215,101,114,0,0,0,215,101,114
C0116,28,540,578369,Narsampet (CT),021000,21 TELUGU ,27290,14137,13153,0,0,0,27290,14137,13153
C0116,28,540,578369,Narsampet (CT),021046, Telugu,27290,14137,13153,0,0,0,27290,14137,13153
C0116,28,540,578369,Narsampet (CT),022000,22 URDU,2624,1303,1321,0,0,0,2624,1303,1321
C0116,28,540,578369,Narsampet (CT),022015, Urdu,2624,1303,1321,0,0,0,2624,1303,1321
C0116,28,540,578369,Narsampet (CT),069000,69 KOYA ,9,4,5,0,0,0,9,4,5
C0116,28,540,578369,Narsampet (CT),069002, Koya,9,4,5,0,0,0,9,4,5
C0116,28,540,578369,Narsampet (CT),124000,124 OTHERS,4,2,2,0,0,0,4,2,2
C0116,28,540,578549,Thorrur (CT),006000,6 HINDI ,1075,557,518,0,0,0,1075,557,518
C0116,28,540,578549,Thorrur (CT),006066, Banjari,37,18,19,0,0,0,37,18,19
C0116,28,540,578549,Thorrur (CT),006240, Hindi,92,48,44,0,0,0,92,48,44
C0116,28,540,578549,Thorrur (CT),006353, Lamani/Lambadi,878,454,424,0,0,0,878,454,424
C0116,28,540,578549,Thorrur (CT),006400, Marwari,10,3,7,0,0,0,10,3,7
C0116,28,540,578549,Thorrur (CT),006489, Rajasthani,58,34,24,0,0,0,58,34,24
C0116,28,540,578549,Thorrur (CT),007000,7 KANNADA,2,1,1,0,0,0,2,1,1
C0116,28,540,578549,Thorrur (CT),007016, Kannada,2,1,1,0,0,0,2,1,1
C0116,28,540,578549,Thorrur (CT),011000,11 MALAYALAM,4,1,3,0,0,0,4,1,3
C0116,28,540,578549,Thorrur (CT),011016, Malayalam,4,1,3,0,0,0,4,1,3
C0116,28,540,578549,Thorrur (CT),013000,13 MARATHI ,34,14,20,0,0,0,34,14,20
C0116,28,540,578549,Thorrur (CT),013071, Marathi,34,14,20,0,0,0,34,14,20
C0116,28,540,578549,Thorrur (CT),014000,14 NEPALI ,5,2,3,0,0,0,5,2,3
C0116,28,540,578549,Thorrur (CT),014011, Nepali,5,2,3,0,0,0,5,2,3
C0116,28,540,578549,Thorrur (CT),016000,16 PUNJABI ,6,3,3,0,0,0,6,3,3
C0116,28,540,578549,Thorrur (CT),016038, Punjabi,6,3,3,0,0,0,6,3,3
C0116,28,540,578549,Thorrur (CT),020000,20 TAMIL ,12,7,5,0,0,0,12,7,5
C0116,28,540,578549,Thorrur (CT),020027, Tamil,12,7,5,0,0,0,12,7,5
C0116,28,540,578549,Thorrur (CT),021000,21 TELUGU ,17237,8730,8507,0,0,0,17237,8730,8507
C0116,28,540,578549,Thorrur (CT),021046, Telugu,17237,8730,8507,0,0,0,17237,8730,8507
C0116,28,540,578549,Thorrur (CT),022000,22 URDU,725,373,352,0,0,0,725,373,352
C0116,28,540,578549,Thorrur (CT),022015, Urdu,725,373,352,0,0,0,725,373,352
C0116,28,540,578603,Mahabubabad (CT),002000,2 BENGALI ,5,3,2,0,0,0,5,3,2
C0116,28,540,578603,Mahabubabad (CT),002007, Bengali,5,3,2,0,0,0,5,3,2
C0116,28,540,578603,Mahabubabad (CT),005000,5 GUJARATI,41,19,22,0,0,0,41,19,22
C0116,28,540,578603,Mahabubabad (CT),005018, Gujarati,30,14,16,0,0,0,30,14,16
C0116,28,540,578603,Mahabubabad (CT),005999,5 Others,11,5,6,0,0,0,11,5,6
C0116,28,540,578603,Mahabubabad (CT),006000,6 HINDI ,7468,3613,3855,0,0,0,7468,3613,3855
C0116,28,540,578603,Mahabubabad (CT),006066, Banjari,1093,681,412,0,0,0,1093,681,412
C0116,28,540,578603,Mahabubabad (CT),006149, Churahi,5,2,3,0,0,0,5,2,3
C0116,28,540,578603,Mahabubabad (CT),006240, Hindi,411,216,195,0,0,0,411,216,195
C0116,28,540,578603,Mahabubabad (CT),006353, Lamani/Lambadi,5645,2562,3083,0,0,0,5645,2562,3083
C0116,28,540,578603,Mahabubabad (CT),006400, Marwari,297,141,156,0,0,0,297,141,156
C0116,28,540,578603,Mahabubabad (CT),006489, Rajasthani,4,3,1,0,0,0,4,3,1
C0116,28,540,578603,Mahabubabad (CT),006999,6 Others,13,8,5,0,0,0,13,8,5
C0116,28,540,578603,Mahabubabad (CT),007000,7 KANNADA,7,4,3,0,0,0,7,4,3
C0116,28,540,578603,Mahabubabad (CT),007016, Kannada,7,4,3,0,0,0,7,4,3
C0116,28,540,578603,Mahabubabad (CT),011000,11 MALAYALAM,21,13,8,0,0,0,21,13,8
C0116,28,540,578603,Mahabubabad (CT),011016, Malayalam,21,13,8,0,0,0,21,13,8
C0116,28,540,578603,Mahabubabad (CT),013000,13 MARATHI ,174,75,99,0,0,0,174,75,99
C0116,28,540,578603,Mahabubabad (CT),013071, Marathi,174,75,99,0,0,0,174,75,99
C0116,28,540,578603,Mahabubabad (CT),014000,14 NEPALI ,2,2,0,0,0,0,2,2,0
C0116,28,540,578603,Mahabubabad (CT),014011, Nepali,2,2,0,0,0,0,2,2,0
C0116,28,540,578603,Mahabubabad (CT),015000,15 ODIA ,2,2,0,0,0,0,2,2,0
C0116,28,540,578603,Mahabubabad (CT),015043, Odia,2,2,0,0,0,0,2,2,0
C0116,28,540,578603,Mahabubabad (CT),016000,16 PUNJABI ,3,1,2,0,0,0,3,1,2
C0116,28,540,578603,Mahabubabad (CT),016038, Punjabi,3,1,2,0,0,0,3,1,2
C0116,28,540,578603,Mahabubabad (CT),020000,20 TAMIL ,37,22,15,0,0,0,37,22,15
C0116,28,540,578603,Mahabubabad (CT),020027, Tamil,37,22,15,0,0,0,37,22,15
C0116,28,540,578603,Mahabubabad (CT),021000,21 TELUGU ,29942,14394,15548,0,0,0,29942,14394,15548
C0116,28,540,578603,Mahabubabad (CT),021046, Telugu,29942,14394,15548,0,0,0,29942,14394,15548
C0116,28,540,578603,Mahabubabad (CT),022000,22 URDU,5093,2538,2555,0,0,0,5093,2538,2555
C0116,28,540,578603,Mahabubabad (CT),022015, Urdu,5093,2538,2555,0,0,0,5093,2538,2555
C0116,28,540,578603,Mahabubabad (CT),040000,40 ENGLISH ,3,3,0,0,0,0,3,3,0
C0116,28,540,578603,Mahabubabad (CT),040001, English,3,3,0,0,0,0,3,3,0
C0116,28,540,578603,Mahabubabad (CT),069000,69 KOYA ,3,3,0,0,0,0,3,3,0
C0116,28,540,578603,Mahabubabad (CT),069002, Koya,3,3,0,0,0,0,3,3,0
C0116,28,540,578603,Mahabubabad (CT),124000,124 OTHERS,50,24,26,0,0,0,50,24,26
C0116,28,540,578679,Dornakal (CT),005000,5 GUJARATI,4,2,2,0,0,0,4,2,2
C0116,28,540,578679,Dornakal (CT),005018, Gujarati,4,2,2,0,0,0,4,2,2
C0116,28,540,578679,Dornakal (CT),006000,6 HINDI ,3979,2025,1954,0,0,0,3979,2025,1954
C0116,28,540,578679,Dornakal (CT),006066, Banjari,607,298,309,0,0,0,607,298,309
C0116,28,540,578679,Dornakal (CT),006240, Hindi,394,200,194,0,0,0,394,200,194
C0116,28,540,578679,Dornakal (CT),006353, Lamani/Lambadi,2795,1434,1361,0,0,0,2795,1434,1361
C0116,28,540,578679,Dornakal (CT),006400, Marwari,175,89,86,0,0,0,175,89,86
C0116,28,540,578679,Dornakal (CT),006489, Rajasthani,8,4,4,0,0,0,8,4,4
C0116,28,540,578679,Dornakal (CT),007000,7 KANNADA,1,0,1,0,0,0,1,0,1
C0116,28,540,578679,Dornakal (CT),007016, Kannada,1,0,1,0,0,0,1,0,1
C0116,28,540,578679,Dornakal (CT),009000,9 KONKANI,2,0,2,0,0,0,2,0,2
C0116,28,540,578679,Dornakal (CT),009011, Konkani,2,0,2,0,0,0,2,0,2
C0116,28,540,578679,Dornakal (CT),011000,11 MALAYALAM,13,2,11,0,0,0,13,2,11
C0116,28,540,578679,Dornakal (CT),011016, Malayalam,13,2,11,0,0,0,13,2,11
C0116,28,540,578679,Dornakal (CT),013000,13 MARATHI ,32,16,16,0,0,0,32,16,16
C0116,28,540,578679,Dornakal (CT),013071, Marathi,32,16,16,0,0,0,32,16,16
C0116,28,540,578679,Dornakal (CT),014000,14 NEPALI ,2,2,0,0,0,0,2,2,0
C0116,28,540,578679,Dornakal (CT),014011, Nepali,2,2,0,0,0,0,2,2,0
C0116,28,540,578679,Dornakal (CT),015000,15 ODIA ,5,2,3,0,0,0,5,2,3
C0116,28,540,578679,Dornakal (CT),015043, Odia,5,2,3,0,0,0,5,2,3
C0116,28,540,578679,Dornakal (CT),020000,20 TAMIL ,103,53,50,0,0,0,103,53,50
C0116,28,540,578679,Dornakal (CT),020027, Tamil,103,53,50,0,0,0,103,53,50
C0116,28,540,578679,Dornakal (CT),021000,21 TELUGU ,8665,4231,4434,0,0,0,8665,4231,4434
C0116,28,540,578679,Dornakal (CT),021046, Telugu,8665,4231,4434,0,0,0,8665,4231,4434
C0116,28,540,578679,Dornakal (CT),022000,22 URDU,1611,786,825,0,0,0,1611,786,825
C0116,28,540,578679,Dornakal (CT),022015, Urdu,1611,786,825,0,0,0,1611,786,825
C0116,28,540,578679,Dornakal (CT),040000,40 ENGLISH ,2,1,1,0,0,0,2,1,1
C0116,28,540,578679,Dornakal (CT),040001, English,2,1,1,0,0,0,2,1,1
C0116,28,540,578679,Dornakal (CT),069000,69 KOYA ,1,1,0,0,0,0,1,1,0
C0116,28,540,578679,Dornakal (CT),069002, Koya,1,1,0,0,0,0,1,1,0
C0116,28,540,578679,Dornakal (CT),124000,124 OTHERS,5,3,2,0,0,0,5,3,2
C0116,28,541,000000,Khammam,001000,1 ASSAMESE,9,9,0,0,0,0,9,9,0
C0116,28,541,000000,Khammam,001002, Assamese,9,9,0,0,0,0,9,9,0
C0116,28,541,000000,Khammam,002000,2 BENGALI ,162,105,57,0,0,0,162,105,57
C0116,28,541,000000,Khammam,002007, Bengali,162,105,57,0,0,0,162,105,57
C0116,28,541,000000,Khammam,003000,3 BODO ,1,1,0,0,0,0,1,1,0
C0116,28,541,000000,Khammam,003001, Bodo/Boro,1,1,0,0,0,0,1,1,0
C0116,28,541,000000,Khammam,005000,5 GUJARATI,386,193,193,0,0,0,386,193,193
C0116,28,541,000000,Khammam,005018, Gujarati,336,172,164,0,0,0,336,172,164
C0116,28,541,000000,Khammam,005999,5 Others,50,21,29,0,0,0,50,21,29
C0116,28,541,000000,Khammam,006000,6 HINDI ,39599,19739,19860,0,0,0,39599,19739,19860
C0116,28,541,000000,Khammam,006066, Banjari,169,86,83,0,0,0,169,86,83
C0116,28,541,000000,Khammam,006102, Bhojpuri,43,27,16,0,0,0,43,27,16
C0116,28,541,000000,Khammam,006142, Chhattisgarhi,50,22,28,0,0,0,50,22,28
C0116,28,541,000000,Khammam,006195, Garhwali,2,1,1,0,0,0,2,1,1
C0116,28,541,000000,Khammam,006240, Hindi,12431,6462,5969,0,0,0,12431,6462,5969
C0116,28,541,000000,Khammam,006320, Khortha/Khotta,1,1,0,0,0,0,1,1,0
C0116,28,541,000000,Khammam,006353, Lamani/Lambadi,25879,12568,13311,0,0,0,25879,12568,13311
C0116,28,541,000000,Khammam,006400, Marwari,697,391,306,0,0,0,697,391,306
C0116,28,541,000000,Khammam,006489, Rajasthani,269,154,115,0,0,0,269,154,115
C0116,28,541,000000,Khammam,006541, Sugali,13,7,6,0,0,0,13,7,6
C0116,28,541,000000,Khammam,006999,6 Others,45,20,25,0,0,0,45,20,25
C0116,28,541,000000,Khammam,007000,7 KANNADA,180,98,82,0,0,0,180,98,82
C0116,28,541,000000,Khammam,007016, Kannada,180,98,82,0,0,0,180,98,82
C0116,28,541,000000,Khammam,010000,10 MAITHILI ,29,24,5,0,0,0,29,24,5
C0116,28,541,000000,Khammam,010008, Maithili,29,24,5,0,0,0,29,24,5
C0116,28,541,000000,Khammam,011000,11 MALAYALAM,436,229,207,0,0,0,436,229,207
C0116,28,541,000000,Khammam,011016, Malayalam,436,229,207,0,0,0,436,229,207
C0116,28,541,000000,Khammam,013000,13 MARATHI ,1100,552,548,0,0,0,1100,552,548
C0116,28,541,000000,Khammam,013071, Marathi,1100,552,548,0,0,0,1100,552,548
C0116,28,541,000000,Khammam,014000,14 NEPALI ,86,50,36,0,0,0,86,50,36
C0116,28,541,000000,Khammam,014011, Nepali,86,50,36,0,0,0,86,50,36
C0116,28,541,000000,Khammam,015000,15 ODIA ,1297,661,636,0,0,0,1297,661,636
C0116,28,541,000000,Khammam,015043, Odia,853,459,394,0,0,0,853,459,394
C0116,28,541,000000,Khammam,015055, Relli,438,198,240,0,0,0,438,198,240
C0116,28,541,000000,Khammam,015999,15 Others,6,4,2,0,0,0,6,4,2
C0116,28,541,000000,Khammam,016000,16 PUNJABI ,151,77,74,0,0,0,151,77,74
C0116,28,541,000000,Khammam,016038, Punjabi,151,77,74,0,0,0,151,77,74
C0116,28,541,000000,Khammam,017000,17 SANSKRIT ,5,2,3,0,0,0,5,2,3
C0116,28,541,000000,Khammam,017002, Sanskrit,5,2,3,0,0,0,5,2,3
C0116,28,541,000000,Khammam,018000,18 SANTALI ,6,3,3,0,0,0,6,3,3
C0116,28,541,000000,Khammam,018040, Santali,6,3,3,0,0,0,6,3,3
C0116,28,541,000000,Khammam,019000,19 SINDHI,4,3,1,0,0,0,4,3,1
C0116,28,541,000000,Khammam,019014, Sindhi,4,3,1,0,0,0,4,3,1
C0116,28,541,000000,Khammam,020000,20 TAMIL ,2095,1110,985,0,0,0,2095,1110,985
C0116,28,541,000000,Khammam,020027, Tamil,1731,925,806,0,0,0,1731,925,806
C0116,28,541,000000,Khammam,020029, Yerukala/Yerukula,362,184,178,0,0,0,362,184,178
C0116,28,541,000000,Khammam,020999,20 Others,2,1,1,0,0,0,2,1,1
C0116,28,541,000000,Khammam,021000,21 TELUGU ,533323,262843,270480,0,0,0,533323,262843,270480
C0116,28,541,000000,Khammam,021046, Telugu,533304,262832,270472,0,0,0,533304,262832,270472
C0116,28,541,000000,Khammam,021048, Vadari,5,3,2,0,0,0,5,3,2
C0116,28,541,000000,Khammam,021999,21 Others,14,8,6,0,0,0,14,8,6
C0116,28,541,000000,Khammam,022000,22 URDU,73149,36603,36546,0,0,0,73149,36603,36546
C0116,28,541,000000,Khammam,022015, Urdu,73148,36602,36546,0,0,0,73148,36602,36546
C0116,28,541,000000,Khammam,022999,22 Others,1,1,0,0,0,0,1,1,0
C0116,28,541,000000,Khammam,028000,28 ARABIC/ARBI ,6,3,3,0,0,0,6,3,3
C0116,28,541,000000,Khammam,028001, Arabic/Arbi,6,3,3,0,0,0,6,3,3
C0116,28,541,000000,Khammam,030000,30 BHILI/BHILODI ,7,3,4,0,0,0,7,3,4
C0116,28,541,000000,Khammam,030066, Paradhi,7,3,4,0,0,0,7,3,4
C0116,28,541,000000,Khammam,040000,40 ENGLISH ,63,24,39,0,0,0,63,24,39
C0116,28,541,000000,Khammam,040001, English,63,24,39,0,0,0,63,24,39
C0116,28,541,000000,Khammam,044000,44 GONDI,13,7,6,0,0,0,13,7,6
C0116,28,541,000000,Khammam,044007, Gondi,13,7,6,0,0,0,13,7,6
C0116,28,541,000000,Khammam,054000,54 KHARIA ,2,2,0,0,0,0,2,2,0
C0116,28,541,000000,Khammam,054005, Kharia,2,2,0,0,0,0,2,2,0
C0116,28,541,000000,Khammam,069000,69 KOYA ,3656,1795,1861,0,0,0,3656,1795,1861
C0116,28,541,000000,Khammam,069002, Koya,3656,1795,1861,0,0,0,3656,1795,1861
C0116,28,541,000000,Khammam,116000,116 TRIPURI ,1,1,0,0,0,0,1,1,0
C0116,28,541,000000,Khammam,116007, Kokbarak,1,1,0,0,0,0,1,1,0
C0116,28,541,000000,Khammam,124000,124 OTHERS,145,70,75,0,0,0,145,70,75
C0116,28,541,802932,Manugur (M),002000,2 BENGALI ,7,5,2,0,0,0,7,5,2
C0116,28,541,802932,Manugur (M),002007, Bengali,7,5,2,0,0,0,7,5,2
C0116,28,541,802932,Manugur (M),005000,5 GUJARATI,1,0,1,0,0,0,1,0,1
C0116,28,541,802932,Manugur (M),005999,5 Others,1,0,1,0,0,0,1,0,1
C0116,28,541,802932,Manugur (M),006000,6 HINDI ,1977,1014,963,0,0,0,1977,1014,963
C0116,28,541,802932,Manugur (M),006240, Hindi,242,127,115,0,0,0,242,127,115
C0116,28,541,802932,Manugur (M),006353, Lamani/Lambadi,1698,865,833,0,0,0,1698,865,833
C0116,28,541,802932,Manugur (M),006400, Marwari,26,17,9,0,0,0,26,17,9
C0116,28,541,802932,Manugur (M),006489, Rajasthani,10,4,6,0,0,0,10,4,6
C0116,28,541,802932,Manugur (M),006999,6 Others,1,1,0,0,0,0,1,1,0
C0116,28,541,802932,Manugur (M),007000,7 KANNADA,12,7,5,0,0,0,12,7,5
C0116,28,541,802932,Manugur (M),007016, Kannada,12,7,5,0,0,0,12,7,5
C0116,28,541,802932,Manugur (M),010000,10 MAITHILI ,2,1,1,0,0,0,2,1,1
C0116,28,541,802932,Manugur (M),010008, Maithili,2,1,1,0,0,0,2,1,1
C0116,28,541,802932,Manugur (M),011000,11 MALAYALAM,31,20,11,0,0,0,31,20,11
C0116,28,541,802932,Manugur (M),011016, Malayalam,31,20,11,0,0,0,31,20,11
C0116,28,541,802932,Manugur (M),013000,13 MARATHI ,22,10,12,0,0,0,22,10,12
C0116,28,541,802932,Manugur (M),013071, Marathi,22,10,12,0,0,0,22,10,12
C0116,28,541,802932,Manugur (M),014000,14 NEPALI ,2,2,0,0,0,0,2,2,0
C0116,28,541,802932,Manugur (M),014011, Nepali,2,2,0,0,0,0,2,2,0
C0116,28,541,802932,Manugur (M),015000,15 ODIA ,8,4,4,0,0,0,8,4,4
C0116,28,541,802932,Manugur (M),015043, Odia,8,4,4,0,0,0,8,4,4
C0116,28,541,802932,Manugur (M),020000,20 TAMIL ,131,69,62,0,0,0,131,69,62
C0116,28,541,802932,Manugur (M),020027, Tamil,124,65,59,0,0,0,124,65,59
C0116,28,541,802932,Manugur (M),020029, Yerukala/Yerukula,7,4,3,0,0,0,7,4,3
C0116,28,541,802932,Manugur (M),021000,21 TELUGU ,27676,13679,13997,0,0,0,27676,13679,13997
C0116,28,541,802932,Manugur (M),021046, Telugu,27676,13679,13997,0,0,0,27676,13679,13997
C0116,28,541,802932,Manugur (M),022000,22 URDU,2159,1093,1066,0,0,0,2159,1093,1066
C0116,28,541,802932,Manugur (M),022015, Urdu,2159,1093,1066,0,0,0,2159,1093,1066
C0116,28,541,802932,Manugur (M),069000,69 KOYA ,63,29,34,0,0,0,63,29,34
C0116,28,541,802932,Manugur (M),069002, Koya,63,29,34,0,0,0,63,29,34
C0116,28,541,802933,Palwancha (M),001000,1 ASSAMESE,5,5,0,0,0,0,5,5,0
C0116,28,541,802933,Palwancha (M),001002, Assamese,5,5,0,0,0,0,5,5,0
C0116,28,541,802933,Palwancha (M),002000,2 BENGALI ,15,11,4,0,0,0,15,11,4
C0116,28,541,802933,Palwancha (M),002007, Bengali,15,11,4,0,0,0,15,11,4
C0116,28,541,802933,Palwancha (M),005000,5 GUJARATI,12,7,5,0,0,0,12,7,5
C0116,28,541,802933,Palwancha (M),005018, Gujarati,10,6,4,0,0,0,10,6,4
C0116,28,541,802933,Palwancha (M),005999,5 Others,2,1,1,0,0,0,2,1,1
C0116,28,541,802933,Palwancha (M),006000,6 HINDI ,8279,4186,4093,0,0,0,8279,4186,4093
C0116,28,541,802933,Palwancha (M),006066, Banjari,91,47,44,0,0,0,91,47,44
C0116,28,541,802933,Palwancha (M),006142, Chhattisgarhi,50,22,28,0,0,0,50,22,28
C0116,28,541,802933,Palwancha (M),006240, Hindi,828,493,335,0,0,0,828,493,335
C0116,28,541,802933,Palwancha (M),006353, Lamani/Lambadi,7284,3607,3677,0,0,0,7284,3607,3677
C0116,28,541,802933,Palwancha (M),006400, Marwari,18,12,6,0,0,0,18,12,6
C0116,28,541,802933,Palwancha (M),006999,6 Others,8,5,3,0,0,0,8,5,3
C0116,28,541,802933,Palwancha (M),007000,7 KANNADA,17,8,9,0,0,0,17,8,9
C0116,28,541,802933,Palwancha (M),007016, Kannada,17,8,9,0,0,0,17,8,9
C0116,28,541,802933,Palwancha (M),011000,11 MALAYALAM,74,41,33,0,0,0,74,41,33
C0116,28,541,802933,Palwancha (M),011016, Malayalam,74,41,33,0,0,0,74,41,33
C0116,28,541,802933,Palwancha (M),013000,13 MARATHI ,28,14,14,0,0,0,28,14,14
C0116,28,541,802933,Palwancha (M),013071, Marathi,28,14,14,0,0,0,28,14,14
C0116,28,541,802933,Palwancha (M),014000,14 NEPALI ,19,10,9,0,0,0,19,10,9
C0116,28,541,802933,Palwancha (M),014011, Nepali,19,10,9,0,0,0,19,10,9
C0116,28,541,802933,Palwancha (M),015000,15 ODIA ,137,94,43,0,0,0,137,94,43
C0116,28,541,802933,Palwancha (M),015043, Odia,136,94,42,0,0,0,136,94,42
C0116,28,541,802933,Palwancha (M),015055, Relli,1,0,1,0,0,0,1,0,1
C0116,28,541,802933,Palwancha (M),016000,16 PUNJABI ,48,27,21,0,0,0,48,27,21
C0116,28,541,802933,Palwancha (M),016038, Punjabi,48,27,21,0,0,0,48,27,21
C0116,28,541,802933,Palwancha (M),020000,20 TAMIL ,164,87,77,0,0,0,164,87,77
C0116,28,541,802933,Palwancha (M),020027, Tamil,164,87,77,0,0,0,164,87,77
C0116,28,541,802933,Palwancha (M),021000,21 TELUGU ,62475,30959,31516,0,0,0,62475,30959,31516
C0116,28,541,802933,Palwancha (M),021046, Telugu,62475,30959,31516,0,0,0,62475,30959,31516
C0116,28,541,802933,Palwancha (M),022000,22 URDU,7386,3684,3702,0,0,0,7386,3684,3702
C0116,28,541,802933,Palwancha (M),022015, Urdu,7386,3684,3702,0,0,0,7386,3684,3702
C0116,28,541,802933,Palwancha (M),040000,40 ENGLISH ,13,2,11,0,0,0,13,2,11
C0116,28,541,802933,Palwancha (M),040001, English,13,2,11,0,0,0,13,2,11
C0116,28,541,802933,Palwancha (M),069000,69 KOYA ,1525,787,738,0,0,0,1525,787,738
C0116,28,541,802933,Palwancha (M),069002, Koya,1525,787,738,0,0,0,1525,787,738
C0116,28,541,802933,Palwancha (M),124000,124 OTHERS,2,1,1,0,0,0,2,1,1
C0116,28,541,802934,Kothagudem (M),002000,2 BENGALI ,11,7,4,0,0,0,11,7,4
C0116,28,541,802934,Kothagudem (M),002007, Bengali,11,7,4,0,0,0,11,7,4
C0116,28,541,802934,Kothagudem (M),005000,5 GUJARATI,163,79,84,0,0,0,163,79,84
C0116,28,541,802934,Kothagudem (M),005018, Gujarati,149,73,76,0,0,0,149,73,76
C0116,28,541,802934,Kothagudem (M),005999,5 Others,14,6,8,0,0,0,14,6,8
C0116,28,541,802934,Kothagudem (M),006000,6 HINDI ,6442,3177,3265,0,0,0,6442,3177,3265
C0116,28,541,802934,Kothagudem (M),006240, Hindi,3295,1647,1648,0,0,0,3295,1647,1648
C0116,28,541,802934,Kothagudem (M),006353, Lamani/Lambadi,2792,1340,1452,0,0,0,2792,1340,1452
C0116,28,541,802934,Kothagudem (M),006400, Marwari,272,151,121,0,0,0,272,151,121
C0116,28,541,802934,Kothagudem (M),006489, Rajasthani,55,28,27,0,0,0,55,28,27
C0116,28,541,802934,Kothagudem (M),006999,6 Others,28,11,17,0,0,0,28,11,17
C0116,28,541,802934,Kothagudem (M),007000,7 KANNADA,12,5,7,0,0,0,12,5,7
C0116,28,541,802934,Kothagudem (M),007016, Kannada,12,5,7,0,0,0,12,5,7
C0116,28,541,802934,Kothagudem (M),011000,11 MALAYALAM,29,14,15,0,0,0,29,14,15
C0116,28,541,802934,Kothagudem (M),011016, Malayalam,29,14,15,0,0,0,29,14,15
C0116,28,541,802934,Kothagudem (M),013000,13 MARATHI ,90,41,49,0,0,0,90,41,49
C0116,28,541,802934,Kothagudem (M),013071, Marathi,90,41,49,0,0,0,90,41,49
C0116,28,541,802934,Kothagudem (M),014000,14 NEPALI ,9,5,4,0,0,0,9,5,4
C0116,28,541,802934,Kothagudem (M),014011, Nepali,9,5,4,0,0,0,9,5,4
C0116,28,541,802934,Kothagudem (M),015000,15 ODIA ,481,218,263,0,0,0,481,218,263
C0116,28,541,802934,Kothagudem (M),015043, Odia,64,30,34,0,0,0,64,30,34
C0116,28,541,802934,Kothagudem (M),015055, Relli,417,188,229,0,0,0,417,188,229
C0116,28,541,802934,Kothagudem (M),016000,16 PUNJABI ,38,16,22,0,0,0,38,16,22
C0116,28,541,802934,Kothagudem (M),016038, Punjabi,38,16,22,0,0,0,38,16,22
C0116,28,541,802934,Kothagudem (M),020000,20 TAMIL ,269,125,144,0,0,0,269,125,144
C0116,28,541,802934,Kothagudem (M),020027, Tamil,263,123,140,0,0,0,263,123,140
C0116,28,541,802934,Kothagudem (M),020029, Yerukala/Yerukula,6,2,4,0,0,0,6,2,4
C0116,28,541,802934,Kothagudem (M),021000,21 TELUGU ,61954,30181,31773,0,0,0,61954,30181,31773
C0116,28,541,802934,Kothagudem (M),021046, Telugu,61954,30181,31773,0,0,0,61954,30181,31773
C0116,28,541,802934,Kothagudem (M),022000,22 URDU,10212,5079,5133,0,0,0,10212,5079,5133
C0116,28,541,802934,Kothagudem (M),022015, Urdu,10211,5078,5133,0,0,0,10211,5078,5133
C0116,28,541,802934,Kothagudem (M),022999,22 Others,1,1,0,0,0,0,1,1,0
C0116,28,541,802934,Kothagudem (M),028000,28 ARABIC/ARBI ,2,1,1,0,0,0,2,1,1
C0116,28,541,802934,Kothagudem (M),028001, Arabic/Arbi,2,1,1,0,0,0,2,1,1
C0116,28,541,802934,Kothagudem (M),030000,30 BHILI/BHILODI ,7,3,4,0,0,0,7,3,4
C0116,28,541,802934,Kothagudem (M),030066, Paradhi,7,3,4,0,0,0,7,3,4
C0116,28,541,802934,Kothagudem (M),040000,40 ENGLISH ,5,1,4,0,0,0,5,1,4
C0116,28,541,802934,Kothagudem (M),040001, English,5,1,4,0,0,0,5,1,4
C0116,28,541,802934,Kothagudem (M),069000,69 KOYA ,89,46,43,0,0,0,89,46,43
C0116,28,541,802934,Kothagudem (M),069002, Koya,89,46,43,0,0,0,89,46,43
C0116,28,541,802934,Kothagudem (M),124000,124 OTHERS,6,3,3,0,0,0,6,3,3
C0116,28,541,802935,Yellandu (M + OG),006000,6 HINDI ,4509,2273,2236,0,0,0,4509,2273,2236
C0116,28,541,802935,Yellandu (M + OG),006066, Banjari,14,6,8,0,0,0,14,6,8
C0116,28,541,802935,Yellandu (M + OG),006240, Hindi,3530,1792,1738,0,0,0,3530,1792,1738
C0116,28,541,802935,Yellandu (M + OG),006353, Lamani/Lambadi,881,428,453,0,0,0,881,428,453
C0116,28,541,802935,Yellandu (M + OG),006400, Marwari,61,33,28,0,0,0,61,33,28
C0116,28,541,802935,Yellandu (M + OG),006489, Rajasthani,13,8,5,0,0,0,13,8,5
C0116,28,541,802935,Yellandu (M + OG),006541, Sugali,9,5,4,0,0,0,9,5,4
C0116,28,541,802935,Yellandu (M + OG),006999,6 Others,1,1,0,0,0,0,1,1,0
C0116,28,541,802935,Yellandu (M + OG),007000,7 KANNADA,1,0,1,0,0,0,1,0,1
C0116,28,541,802935,Yellandu (M + OG),007016, Kannada,1,0,1,0,0,0,1,0,1
C0116,28,541,802935,Yellandu (M + OG),011000,11 MALAYALAM,34,18,16,0,0,0,34,18,16
C0116,28,541,802935,Yellandu (M + OG),011016, Malayalam,34,18,16,0,0,0,34,18,16
C0116,28,541,802935,Yellandu (M + OG),013000,13 MARATHI ,67,28,39,0,0,0,67,28,39
C0116,28,541,802935,Yellandu (M + OG),013071, Marathi,67,28,39,0,0,0,67,28,39
C0116,28,541,802935,Yellandu (M + OG),014000,14 NEPALI ,17,11,6,0,0,0,17,11,6
C0116,28,541,802935,Yellandu (M + OG),014011, Nepali,17,11,6,0,0,0,17,11,6
C0116,28,541,802935,Yellandu (M + OG),015000,15 ODIA ,41,23,18,0,0,0,41,23,18
C0116,28,541,802935,Yellandu (M + OG),015043, Odia,25,15,10,0,0,0,25,15,10
C0116,28,541,802935,Yellandu (M + OG),015055, Relli,16,8,8,0,0,0,16,8,8
C0116,28,541,802935,Yellandu (M + OG),016000,16 PUNJABI ,19,9,10,0,0,0,19,9,10
C0116,28,541,802935,Yellandu (M + OG),016038, Punjabi,19,9,10,0,0,0,19,9,10
C0116,28,541,802935,Yellandu (M + OG),020000,20 TAMIL ,48,28,20,0,0,0,48,28,20
C0116,28,541,802935,Yellandu (M + OG),020027, Tamil,41,24,17,0,0,0,41,24,17
C0116,28,541,802935,Yellandu (M + OG),020029, Yerukala/Yerukula,7,4,3,0,0,0,7,4,3
C0116,28,541,802935,Yellandu (M + OG),021000,21 TELUGU ,25146,12070,13076,0,0,0,25146,12070,13076
C0116,28,541,802935,Yellandu (M + OG),021046, Telugu,25141,12067,13074,0,0,0,25141,12067,13074
C0116,28,541,802935,Yellandu (M + OG),021048, Vadari,5,3,2,0,0,0,5,3,2
C0116,28,541,802935,Yellandu (M + OG),022000,22 URDU,5137,2540,2597,0,0,0,5137,2540,2597
C0116,28,541,802935,Yellandu (M + OG),022015, Urdu,5137,2540,2597,0,0,0,5137,2540,2597
C0116,28,541,802935,Yellandu (M + OG),069000,69 KOYA ,26,11,15,0,0,0,26,11,15
C0116,28,541,802935,Yellandu (M + OG),069002, Koya,26,11,15,0,0,0,26,11,15
C0116,28,541,802935,Yellandu (M + OG),124000,124 OTHERS,11,5,6,0,0,0,11,5,6
C0116,28,541,802936,Sathupalle (NP),002000,2 BENGALI ,18,12,6,0,0,0,18,12,6
C0116,28,541,802936,Sathupalle (NP),002007, Bengali,18,12,6,0,0,0,18,12,6
C0116,28,541,802936,Sathupalle (NP),006000,6 HINDI ,338,175,163,0,0,0,338,175,163
C0116,28,541,802936,Sathupalle (NP),006240, Hindi,143,74,69,0,0,0,143,74,69
C0116,28,541,802936,Sathupalle (NP),006353, Lamani/Lambadi,151,75,76,0,0,0,151,75,76
C0116,28,541,802936,Sathupalle (NP),006400, Marwari,24,14,10,0,0,0,24,14,10
C0116,28,541,802936,Sathupalle (NP),006489, Rajasthani,20,12,8,0,0,0,20,12,8
C0116,28,541,802936,Sathupalle (NP),011000,11 MALAYALAM,18,9,9,0,0,0,18,9,9
C0116,28,541,802936,Sathupalle (NP),011016, Malayalam,18,9,9,0,0,0,18,9,9
C0116,28,541,802936,Sathupalle (NP),013000,13 MARATHI ,58,26,32,0,0,0,58,26,32
C0116,28,541,802936,Sathupalle (NP),013071, Marathi,58,26,32,0,0,0,58,26,32
C0116,28,541,802936,Sathupalle (NP),015000,15 ODIA ,8,7,1,0,0,0,8,7,1
C0116,28,541,802936,Sathupalle (NP),015043, Odia,8,7,1,0,0,0,8,7,1
C0116,28,541,802936,Sathupalle (NP),016000,16 PUNJABI ,8,4,4,0,0,0,8,4,4
C0116,28,541,802936,Sathupalle (NP),016038, Punjabi,8,4,4,0,0,0,8,4,4
C0116,28,541,802936,Sathupalle (NP),020000,20 TAMIL ,235,120,115,0,0,0,235,120,115
C0116,28,541,802936,Sathupalle (NP),020027, Tamil,15,8,7,0,0,0,15,8,7
C0116,28,541,802936,Sathupalle (NP),020029, Yerukala/Yerukula,220,112,108,0,0,0,220,112,108
C0116,28,541,802936,Sathupalle (NP),021000,21 TELUGU ,27267,13463,13804,0,0,0,27267,13463,13804
C0116,28,541,802936,Sathupalle (NP),021046, Telugu,27267,13463,13804,0,0,0,27267,13463,13804
C0116,28,541,802936,Sathupalle (NP),022000,22 URDU,3776,1904,1872,0,0,0,3776,1904,1872
C0116,28,541,802936,Sathupalle (NP),022015, Urdu,3776,1904,1872,0,0,0,3776,1904,1872
C0116,28,541,802936,Sathupalle (NP),044000,44 GONDI,3,1,2,0,0,0,3,1,2
C0116,28,541,802936,Sathupalle (NP),044007, Gondi,3,1,2,0,0,0,3,1,2
C0116,28,541,802936,Sathupalle (NP),069000,69 KOYA ,31,10,21,0,0,0,31,10,21
C0116,28,541,802936,Sathupalle (NP),069002, Koya,31,10,21,0,0,0,31,10,21
C0116,28,541,802936,Sathupalle (NP),124000,124 OTHERS,97,45,52,0,0,0,97,45,52
C0116,28,541,802937,Khammam (M + OG) (Part),001000,1 ASSAMESE,1,1,0,0,0,0,1,1,0
C0116,28,541,802937,Khammam (M + OG) (Part),001002, Assamese,1,1,0,0,0,0,1,1,0
C0116,28,541,802937,Khammam (M + OG) (Part),002000,2 BENGALI ,29,19,10,0,0,0,29,19,10
C0116,28,541,802937,Khammam (M + OG) (Part),002007, Bengali,29,19,10,0,0,0,29,19,10
C0116,28,541,802937,Khammam (M + OG) (Part),005000,5 GUJARATI,193,99,94,0,0,0,193,99,94
C0116,28,541,802937,Khammam (M + OG) (Part),005018, Gujarati,172,90,82,0,0,0,172,90,82
C0116,28,541,802937,Khammam (M + OG) (Part),005999,5 Others,21,9,12,0,0,0,21,9,12
C0116,28,541,802937,Khammam (M + OG) (Part),006000,6 HINDI ,7907,3862,4045,0,0,0,7907,3862,4045
C0116,28,541,802937,Khammam (M + OG) (Part),006066, Banjari,39,21,18,0,0,0,39,21,18
C0116,28,541,802937,Khammam (M + OG) (Part),006102, Bhojpuri,30,20,10,0,0,0,30,20,10
C0116,28,541,802937,Khammam (M + OG) (Part),006195, Garhwali,2,1,1,0,0,0,2,1,1
C0116,28,541,802937,Khammam (M + OG) (Part),006240, Hindi,2174,1145,1029,0,0,0,2174,1145,1029
C0116,28,541,802937,Khammam (M + OG) (Part),006320, Khortha/Khotta,1,1,0,0,0,0,1,1,0
C0116,28,541,802937,Khammam (M + OG) (Part),006353, Lamani/Lambadi,5281,2458,2823,0,0,0,5281,2458,2823
C0116,28,541,802937,Khammam (M + OG) (Part),006400, Marwari,244,132,112,0,0,0,244,132,112
C0116,28,541,802937,Khammam (M + OG) (Part),006489, Rajasthani,129,82,47,0,0,0,129,82,47
C0116,28,541,802937,Khammam (M + OG) (Part),006999,6 Others,7,2,5,0,0,0,7,2,5
C0116,28,541,802937,Khammam (M + OG) (Part),007000,7 KANNADA,60,33,27,0,0,0,60,33,27
C0116,28,541,802937,Khammam (M + OG) (Part),007016, Kannada,60,33,27,0,0,0,60,33,27
C0116,28,541,802937,Khammam (M + OG) (Part),010000,10 MAITHILI ,23,21,2,0,0,0,23,21,2
C0116,28,541,802937,Khammam (M + OG) (Part),010008, Maithili,23,21,2,0,0,0,23,21,2
C0116,28,541,802937,Khammam (M + OG) (Part),011000,11 MALAYALAM,108,47,61,0,0,0,108,47,61
C0116,28,541,802937,Khammam (M + OG) (Part),011016, Malayalam,108,47,61,0,0,0,108,47,61
C0116,28,541,802937,Khammam (M + OG) (Part),013000,13 MARATHI ,631,319,312,0,0,0,631,319,312
C0116,28,541,802937,Khammam (M + OG) (Part),013071, Marathi,631,319,312,0,0,0,631,319,312
C0116,28,541,802937,Khammam (M + OG) (Part),014000,14 NEPALI ,18,12,6,0,0,0,18,12,6
C0116,28,541,802937,Khammam (M + OG) (Part),014011, Nepali,18,12,6,0,0,0,18,12,6
C0116,28,541,802937,Khammam (M + OG) (Part),015000,15 ODIA ,64,38,26,0,0,0,64,38,26
C0116,28,541,802937,Khammam (M + OG) (Part),015043, Odia,63,37,26,0,0,0,63,37,26
C0116,28,541,802937,Khammam (M + OG) (Part),015999,15 Others,1,1,0,0,0,0,1,1,0
C0116,28,541,802937,Khammam (M + OG) (Part),016000,16 PUNJABI ,2,1,1,0,0,0,2,1,1
C0116,28,541,802937,Khammam (M + OG) (Part),016038, Punjabi,2,1,1,0,0,0,2,1,1
C0116,28,541,802937,Khammam (M + OG) (Part),017000,17 SANSKRIT ,5,2,3,0,0,0,5,2,3
C0116,28,541,802937,Khammam (M + OG) (Part),017002, Sanskrit,5,2,3,0,0,0,5,2,3
C0116,28,541,802937,Khammam (M + OG) (Part),018000,18 SANTALI ,6,3,3,0,0,0,6,3,3
C0116,28,541,802937,Khammam (M + OG) (Part),018040, Santali,6,3,3,0,0,0,6,3,3
C0116,28,541,802937,Khammam (M + OG) (Part),019000,19 SINDHI,4,3,1,0,0,0,4,3,1
C0116,28,541,802937,Khammam (M + OG) (Part),019014, Sindhi,4,3,1,0,0,0,4,3,1
C0116,28,541,802937,Khammam (M + OG) (Part),020000,20 TAMIL ,423,245,178,0,0,0,423,245,178
C0116,28,541,802937,Khammam (M + OG) (Part),020027, Tamil,408,237,171,0,0,0,408,237,171
C0116,28,541,802937,Khammam (M + OG) (Part),020029, Yerukala/Yerukula,14,7,7,0,0,0,14,7,7
C0116,28,541,802937,Khammam (M + OG) (Part),020999,20 Others,1,1,0,0,0,0,1,1,0
C0116,28,541,802937,Khammam (M + OG) (Part),021000,21 TELUGU ,158083,77800,80283,0,0,0,158083,77800,80283
C0116,28,541,802937,Khammam (M + OG) (Part),021046, Telugu,158083,77800,80283,0,0,0,158083,77800,80283
C0116,28,541,802937,Khammam (M + OG) (Part),022000,22 URDU,28596,14361,14235,0,0,0,28596,14361,14235
C0116,28,541,802937,Khammam (M + OG) (Part),022015, Urdu,28596,14361,14235,0,0,0,28596,14361,14235
C0116,28,541,802937,Khammam (M + OG) (Part),040000,40 ENGLISH ,12,5,7,0,0,0,12,5,7
C0116,28,541,802937,Khammam (M + OG) (Part),040001, English,12,5,7,0,0,0,12,5,7
C0116,28,541,802937,Khammam (M + OG) (Part),044000,44 GONDI,10,6,4,0,0,0,10,6,4
C0116,28,541,802937,Khammam (M + OG) (Part),044007, Gondi,10,6,4,0,0,0,10,6,4
C0116,28,541,802937,Khammam (M + OG) (Part),069000,69 KOYA ,80,6,74,0,0,0,80,6,74
C0116,28,541,802937,Khammam (M + OG) (Part),069002, Koya,80,6,74,0,0,0,80,6,74
C0116,28,541,802937,Khammam (M + OG) (Part),124000,124 OTHERS,28,15,13,0,0,0,28,15,13
C0116,28,541,579086,Bhadrachalam (CT),001000,1 ASSAMESE,3,3,0,0,0,0,3,3,0
C0116,28,541,579086,Bhadrachalam (CT),001002, Assamese,3,3,0,0,0,0,3,3,0
C0116,28,541,579086,Bhadrachalam (CT),002000,2 BENGALI ,28,20,8,0,0,0,28,20,8
C0116,28,541,579086,Bhadrachalam (CT),002007, Bengali,28,20,8,0,0,0,28,20,8
C0116,28,541,579086,Bhadrachalam (CT),003000,3 BODO ,1,1,0,0,0,0,1,1,0
C0116,28,541,579086,Bhadrachalam (CT),003001, Bodo/Boro,1,1,0,0,0,0,1,1,0
C0116,28,541,579086,Bhadrachalam (CT),005000,5 GUJARATI,2,1,1,0,0,0,2,1,1
C0116,28,541,579086,Bhadrachalam (CT),005018, Gujarati,2,1,1,0,0,0,2,1,1
C0116,28,541,579086,Bhadrachalam (CT),006000,6 HINDI ,829,447,382,0,0,0,829,447,382
C0116,28,541,579086,Bhadrachalam (CT),006066, Banjari,20,9,11,0,0,0,20,9,11
C0116,28,541,579086,Bhadrachalam (CT),006102, Bhojpuri,6,4,2,0,0,0,6,4,2
C0116,28,541,579086,Bhadrachalam (CT),006240, Hindi,288,185,103,0,0,0,288,185,103
C0116,28,541,579086,Bhadrachalam (CT),006353, Lamani/Lambadi,472,226,246,0,0,0,472,226,246
C0116,28,541,579086,Bhadrachalam (CT),006400, Marwari,12,10,2,0,0,0,12,10,2
C0116,28,541,579086,Bhadrachalam (CT),006489, Rajasthani,27,11,16,0,0,0,27,11,16
C0116,28,541,579086,Bhadrachalam (CT),006541, Sugali,4,2,2,0,0,0,4,2,2
C0116,28,541,579086,Bhadrachalam (CT),007000,7 KANNADA,11,8,3,0,0,0,11,8,3
C0116,28,541,579086,Bhadrachalam (CT),007016, Kannada,11,8,3,0,0,0,11,8,3
C0116,28,541,579086,Bhadrachalam (CT),011000,11 MALAYALAM,41,29,12,0,0,0,41,29,12
C0116,28,541,579086,Bhadrachalam (CT),011016, Malayalam,41,29,12,0,0,0,41,29,12
C0116,28,541,579086,Bhadrachalam (CT),013000,13 MARATHI ,35,20,15,0,0,0,35,20,15
C0116,28,541,579086,Bhadrachalam (CT),013071, Marathi,35,20,15,0,0,0,35,20,15
C0116,28,541,579086,Bhadrachalam (CT),014000,14 NEPALI ,4,3,1,0,0,0,4,3,1
C0116,28,541,579086,Bhadrachalam (CT),014011, Nepali,4,3,1,0,0,0,4,3,1
C0116,28,541,579086,Bhadrachalam (CT),015000,15 ODIA ,29,16,13,0,0,0,29,16,13
C0116,28,541,579086,Bhadrachalam (CT),015043, Odia,25,14,11,0,0,0,25,14,11
C0116,28,541,579086,Bhadrachalam (CT),015055, Relli,4,2,2,0,0,0,4,2,2
C0116,28,541,579086,Bhadrachalam (CT),016000,16 PUNJABI ,7,6,1,0,0,0,7,6,1
C0116,28,541,579086,Bhadrachalam (CT),016038, Punjabi,7,6,1,0,0,0,7,6,1
C0116,28,541,579086,Bhadrachalam (CT),020000,20 TAMIL ,250,137,113,0,0,0,250,137,113
C0116,28,541,579086,Bhadrachalam (CT),020027, Tamil,239,133,106,0,0,0,239,133,106
C0116,28,541,579086,Bhadrachalam (CT),020029, Yerukala/Yerukula,11,4,7,0,0,0,11,4,7
C0116,28,541,579086,Bhadrachalam (CT),021000,21 TELUGU ,45685,22577,23108,0,0,0,45685,22577,23108
C0116,28,541,579086,Bhadrachalam (CT),021046, Telugu,45685,22577,23108,0,0,0,45685,22577,23108
C0116,28,541,579086,Bhadrachalam (CT),022000,22 URDU,1989,984,1005,0,0,0,1989,984,1005
C0116,28,541,579086,Bhadrachalam (CT),022015, Urdu,1989,984,1005,0,0,0,1989,984,1005
C0116,28,541,579086,Bhadrachalam (CT),028000,28 ARABIC/ARBI ,4,2,2,0,0,0,4,2,2
C0116,28,541,579086,Bhadrachalam (CT),028001, Arabic/Arbi,4,2,2,0,0,0,4,2,2
C0116,28,541,579086,Bhadrachalam (CT),040000,40 ENGLISH ,3,0,3,0,0,0,3,0,3
C0116,28,541,579086,Bhadrachalam (CT),040001, English,3,0,3,0,0,0,3,0,3
C0116,28,541,579086,Bhadrachalam (CT),069000,69 KOYA ,1165,579,586,0,0,0,1165,579,586
C0116,28,541,579086,Bhadrachalam (CT),069002, Koya,1165,579,586,0,0,0,1165,579,586
C0116,28,541,579086,Bhadrachalam (CT),116000,116 TRIPURI ,1,1,0,0,0,0,1,1,0
C0116,28,541,579086,Bhadrachalam (CT),116007, Kokbarak,1,1,0,0,0,0,1,1,0
C0116,28,541,579352,Sarapaka (CT),002000,2 BENGALI ,38,20,18,0,0,0,38,20,18
C0116,28,541,579352,Sarapaka (CT),002007, Bengali,38,20,18,0,0,0,38,20,18
C0116,28,541,579352,Sarapaka (CT),005000,5 GUJARATI,3,3,0,0,0,0,3,3,0
C0116,28,541,579352,Sarapaka (CT),005018, Gujarati,2,2,0,0,0,0,2,2,0
C0116,28,541,579352,Sarapaka (CT),005999,5 Others,1,1,0,0,0,0,1,1,0
C0116,28,541,579352,Sarapaka (CT),006000,6 HINDI ,1473,744,729,0,0,0,1473,744,729
C0116,28,541,579352,Sarapaka (CT),006102, Bhojpuri,3,1,2,0,0,0,3,1,2
C0116,28,541,579352,Sarapaka (CT),006240, Hindi,458,246,212,0,0,0,458,246,212
C0116,28,541,579352,Sarapaka (CT),006353, Lamani/Lambadi,1012,497,515,0,0,0,1012,497,515
C0116,28,541,579352,Sarapaka (CT),007000,7 KANNADA,27,14,13,0,0,0,27,14,13
C0116,28,541,579352,Sarapaka (CT),007016, Kannada,27,14,13,0,0,0,27,14,13
C0116,28,541,579352,Sarapaka (CT),010000,10 MAITHILI ,4,2,2,0,0,0,4,2,2
C0116,28,541,579352,Sarapaka (CT),010008, Maithili,4,2,2,0,0,0,4,2,2
C0116,28,541,579352,Sarapaka (CT),011000,11 MALAYALAM,25,16,9,0,0,0,25,16,9
C0116,28,541,579352,Sarapaka (CT),011016, Malayalam,25,16,9,0,0,0,25,16,9
C0116,28,541,579352,Sarapaka (CT),013000,13 MARATHI ,13,5,8,0,0,0,13,5,8
C0116,28,541,579352,Sarapaka (CT),013071, Marathi,13,5,8,0,0,0,13,5,8
C0116,28,541,579352,Sarapaka (CT),015000,15 ODIA ,460,228,232,0,0,0,460,228,232
C0116,28,541,579352,Sarapaka (CT),015043, Odia,455,225,230,0,0,0,455,225,230
C0116,28,541,579352,Sarapaka (CT),015999,15 Others,5,3,2,0,0,0,5,3,2
C0116,28,541,579352,Sarapaka (CT),016000,16 PUNJABI ,5,2,3,0,0,0,5,2,3
C0116,28,541,579352,Sarapaka (CT),016038, Punjabi,5,2,3,0,0,0,5,2,3
C0116,28,541,579352,Sarapaka (CT),020000,20 TAMIL ,176,92,84,0,0,0,176,92,84
C0116,28,541,579352,Sarapaka (CT),020027, Tamil,131,71,60,0,0,0,131,71,60
C0116,28,541,579352,Sarapaka (CT),020029, Yerukala/Yerukula,45,21,24,0,0,0,45,21,24
C0116,28,541,579352,Sarapaka (CT),021000,21 TELUGU ,17840,9076,8764,0,0,0,17840,9076,8764
C0116,28,541,579352,Sarapaka (CT),021046, Telugu,17840,9076,8764,0,0,0,17840,9076,8764
C0116,28,541,579352,Sarapaka (CT),022000,22 URDU,1531,783,748,0,0,0,1531,783,748
C0116,28,541,579352,Sarapaka (CT),022015, Urdu,1531,783,748,0,0,0,1531,783,748
C0116,28,541,579352,Sarapaka (CT),069000,69 KOYA ,554,267,287,0,0,0,554,267,287
C0116,28,541,579352,Sarapaka (CT),069002, Koya,554,267,287,0,0,0,554,267,287
C0116,28,541,579388,Laxmidevipalle (CT),002000,2 BENGALI ,3,1,2,0,0,0,3,1,2
C0116,28,541,579388,Laxmidevipalle (CT),002007, Bengali,3,1,2,0,0,0,3,1,2
C0116,28,541,579388,Laxmidevipalle (CT),005000,5 GUJARATI,3,1,2,0,0,0,3,1,2
C0116,28,541,579388,Laxmidevipalle (CT),005999,5 Others,3,1,2,0,0,0,3,1,2
C0116,28,541,579388,Laxmidevipalle (CT),006000,6 HINDI ,647,326,321,0,0,0,647,326,321
C0116,28,541,579388,Laxmidevipalle (CT),006066, Banjari,5,3,2,0,0,0,5,3,2
C0116,28,541,579388,Laxmidevipalle (CT),006240, Hindi,154,82,72,0,0,0,154,82,72
C0116,28,541,579388,Laxmidevipalle (CT),006353, Lamani/Lambadi,481,236,245,0,0,0,481,236,245
C0116,28,541,579388,Laxmidevipalle (CT),006400, Marwari,7,5,2,0,0,0,7,5,2
C0116,28,541,579388,Laxmidevipalle (CT),007000,7 KANNADA,12,7,5,0,0,0,12,7,5
C0116,28,541,579388,Laxmidevipalle (CT),007016, Kannada,12,7,5,0,0,0,12,7,5
C0116,28,541,579388,Laxmidevipalle (CT),013000,13 MARATHI ,23,14,9,0,0,0,23,14,9
C0116,28,541,579388,Laxmidevipalle (CT),013071, Marathi,23,14,9,0,0,0,23,14,9
C0116,28,541,579388,Laxmidevipalle (CT),014000,14 NEPALI ,6,3,3,0,0,0,6,3,3
C0116,28,541,579388,Laxmidevipalle (CT),014011, Nepali,6,3,3,0,0,0,6,3,3
C0116,28,541,579388,Laxmidevipalle (CT),020000,20 TAMIL ,52,26,26,0,0,0,52,26,26
C0116,28,541,579388,Laxmidevipalle (CT),020027, Tamil,45,22,23,0,0,0,45,22,23
C0116,28,541,579388,Laxmidevipalle (CT),020029, Yerukala/Yerukula,6,4,2,0,0,0,6,4,2
C0116,28,541,579388,Laxmidevipalle (CT),020999,20 Others,1,0,1,0,0,0,1,0,1
C0116,28,541,579388,Laxmidevipalle (CT),021000,21 TELUGU ,10216,5047,5169,0,0,0,10216,5047,5169
C0116,28,541,579388,Laxmidevipalle (CT),021046, Telugu,10216,5047,5169,0,0,0,10216,5047,5169
C0116,28,541,579388,Laxmidevipalle (CT),022000,22 URDU,2416,1193,1223,0,0,0,2416,1193,1223
C0116,28,541,579388,Laxmidevipalle (CT),022015, Urdu,2416,1193,1223,0,0,0,2416,1193,1223
C0116,28,541,579388,Laxmidevipalle (CT),040000,40 ENGLISH ,2,2,0,0,0,0,2,2,0
C0116,28,541,579388,Laxmidevipalle (CT),040001, English,2,2,0,0,0,0,2,2,0
C0116,28,541,579388,Laxmidevipalle (CT),069000,69 KOYA ,62,29,33,0,0,0,62,29,33
C0116,28,541,579388,Laxmidevipalle (CT),069002, Koya,62,29,33,0,0,0,62,29,33
C0116,28,541,579389,Chunchupalle (CT),002000,2 BENGALI ,4,2,2,0,0,0,4,2,2
C0116,28,541,579389,Chunchupalle (CT),002007, Bengali,4,2,2,0,0,0,4,2,2
C0116,28,541,579389,Chunchupalle (CT),005000,5 GUJARATI,6,3,3,0,0,0,6,3,3
C0116,28,541,579389,Chunchupalle (CT),005999,5 Others,6,3,3,0,0,0,6,3,3
C0116,28,541,579389,Chunchupalle (CT),006000,6 HINDI ,3055,1542,1513,0,0,0,3055,1542,1513
C0116,28,541,579389,Chunchupalle (CT),006240, Hindi,257,136,121,0,0,0,257,136,121
C0116,28,541,579389,Chunchupalle (CT),006353, Lamani/Lambadi,2798,1406,1392,0,0,0,2798,1406,1392
C0116,28,541,579389,Chunchupalle (CT),007000,7 KANNADA,2,1,1,0,0,0,2,1,1
C0116,28,541,579389,Chunchupalle (CT),007016, Kannada,2,1,1,0,0,0,2,1,1
C0116,28,541,579389,Chunchupalle (CT),011000,11 MALAYALAM,5,1,4,0,0,0,5,1,4
C0116,28,541,579389,Chunchupalle (CT),011016, Malayalam,5,1,4,0,0,0,5,1,4
C0116,28,541,579389,Chunchupalle (CT),013000,13 MARATHI ,5,2,3,0,0,0,5,2,3
C0116,28,541,579389,Chunchupalle (CT),013071, Marathi,5,2,3,0,0,0,5,2,3
C0116,28,541,579389,Chunchupalle (CT),014000,14 NEPALI ,8,3,5,0,0,0,8,3,5
C0116,28,541,579389,Chunchupalle (CT),014011, Nepali,8,3,5,0,0,0,8,3,5
C0116,28,541,579389,Chunchupalle (CT),015000,15 ODIA ,3,2,1,0,0,0,3,2,1
C0116,28,541,579389,Chunchupalle (CT),015043, Odia,3,2,1,0,0,0,3,2,1
C0116,28,541,579389,Chunchupalle (CT),020000,20 TAMIL ,115,54,61,0,0,0,115,54,61
C0116,28,541,579389,Chunchupalle (CT),020027, Tamil,115,54,61,0,0,0,115,54,61
C0116,28,541,579389,Chunchupalle (CT),021000,21 TELUGU ,13900,6827,7073,0,0,0,13900,6827,7073
C0116,28,541,579389,Chunchupalle (CT),021046, Telugu,13900,6827,7073,0,0,0,13900,6827,7073
C0116,28,541,579389,Chunchupalle (CT),022000,22 URDU,2830,1434,1396,0,0,0,2830,1434,1396
C0116,28,541,579389,Chunchupalle (CT),022015, Urdu,2830,1434,1396,0,0,0,2830,1434,1396
C0116,28,541,579389,Chunchupalle (CT),040000,40 ENGLISH ,1,0,1,0,0,0,1,0,1
C0116,28,541,579389,Chunchupalle (CT),040001, English,1,0,1,0,0,0,1,0,1
C0116,28,541,579389,Chunchupalle (CT),069000,69 KOYA ,10,6,4,0,0,0,10,6,4
C0116,28,541,579389,Chunchupalle (CT),069002, Koya,10,6,4,0,0,0,10,6,4
C0116,28,541,579390,Garimellapadu (CT),006000,6 HINDI ,780,384,396,0,0,0,780,384,396
C0116,28,541,579390,Garimellapadu (CT),006240, Hindi,214,104,110,0,0,0,214,104,110
C0116,28,541,579390,Garimellapadu (CT),006353, Lamani/Lambadi,565,279,286,0,0,0,565,279,286
C0116,28,541,579390,Garimellapadu (CT),006400, Marwari,1,1,0,0,0,0,1,1,0
C0116,28,541,579390,Garimellapadu (CT),015000,15 ODIA ,8,4,4,0,0,0,8,4,4
C0116,28,541,579390,Garimellapadu (CT),015043, Odia,8,4,4,0,0,0,8,4,4
C0116,28,541,579390,Garimellapadu (CT),021000,21 TELUGU ,5163,2527,2636,0,0,0,5163,2527,2636
C0116,28,541,579390,Garimellapadu (CT),021046, Telugu,5163,2527,2636,0,0,0,5163,2527,2636
C0116,28,541,579390,Garimellapadu (CT),022000,22 URDU,310,166,144,0,0,0,310,166,144
C0116,28,541,579390,Garimellapadu (CT),022015, Urdu,310,166,144,0,0,0,310,166,144
C0116,28,541,579390,Garimellapadu (CT),069000,69 KOYA ,35,17,18,0,0,0,35,17,18
C0116,28,541,579390,Garimellapadu (CT),069002, Koya,35,17,18,0,0,0,35,17,18
C0116,28,541,579684,Ballepalle (CT),002000,2 BENGALI ,3,3,0,0,0,0,3,3,0
C0116,28,541,579684,Ballepalle (CT),002007, Bengali,3,3,0,0,0,0,3,3,0
C0116,28,541,579684,Ballepalle (CT),006000,6 HINDI ,967,476,491,0,0,0,967,476,491
C0116,28,541,579684,Ballepalle (CT),006240, Hindi,69,34,35,0,0,0,69,34,35
C0116,28,541,579684,Ballepalle (CT),006353, Lamani/Lambadi,895,441,454,0,0,0,895,441,454
C0116,28,541,579684,Ballepalle (CT),006400, Marwari,3,1,2,0,0,0,3,1,2
C0116,28,541,579684,Ballepalle (CT),011000,11 MALAYALAM,7,1,6,0,0,0,7,1,6
C0116,28,541,579684,Ballepalle (CT),011016, Malayalam,7,1,6,0,0,0,7,1,6
C0116,28,541,579684,Ballepalle (CT),013000,13 MARATHI ,47,27,20,0,0,0,47,27,20
C0116,28,541,579684,Ballepalle (CT),013071, Marathi,47,27,20,0,0,0,47,27,20
C0116,28,541,579684,Ballepalle (CT),015000,15 ODIA ,4,3,1,0,0,0,4,3,1
C0116,28,541,579684,Ballepalle (CT),015043, Odia,4,3,1,0,0,0,4,3,1
C0116,28,541,579684,Ballepalle (CT),020000,20 TAMIL ,100,55,45,0,0,0,100,55,45
C0116,28,541,579684,Ballepalle (CT),020027, Tamil,100,55,45,0,0,0,100,55,45
C0116,28,541,579684,Ballepalle (CT),021000,21 TELUGU ,9933,4972,4961,0,0,0,9933,4972,4961
C0116,28,541,579684,Ballepalle (CT),021046, Telugu,9933,4972,4961,0,0,0,9933,4972,4961
C0116,28,541,579684,Ballepalle (CT),022000,22 URDU,1465,727,738,0,0,0,1465,727,738
C0116,28,541,579684,Ballepalle (CT),022015, Urdu,1465,727,738,0,0,0,1465,727,738
C0116,28,541,579684,Ballepalle (CT),040000,40 ENGLISH ,2,1,1,0,0,0,2,1,1
C0116,28,541,579684,Ballepalle (CT),040001, English,2,1,1,0,0,0,2,1,1
C0116,28,541,579684,Ballepalle (CT),054000,54 KHARIA ,2,2,0,0,0,0,2,2,0
C0116,28,541,579684,Ballepalle (CT),054005, Kharia,2,2,0,0,0,0,2,2,0
C0116,28,541,579685,Khanapuram Haveli (CT),002000,2 BENGALI ,3,2,1,0,0,0,3,2,1
C0116,28,541,579685,Khanapuram Haveli (CT),002007, Bengali,3,2,1,0,0,0,3,2,1
C0116,28,541,579685,Khanapuram Haveli (CT),005000,5 GUJARATI,1,0,1,0,0,0,1,0,1
C0116,28,541,579685,Khanapuram Haveli (CT),005999,5 Others,1,0,1,0,0,0,1,0,1
C0116,28,541,579685,Khanapuram Haveli (CT),006000,6 HINDI ,1759,903,856,0,0,0,1759,903,856
C0116,28,541,579685,Khanapuram Haveli (CT),006102, Bhojpuri,4,2,2,0,0,0,4,2,2
C0116,28,541,579685,Khanapuram Haveli (CT),006240, Hindi,564,291,273,0,0,0,564,291,273
C0116,28,541,579685,Khanapuram Haveli (CT),006353, Lamani/Lambadi,1155,589,566,0,0,0,1155,589,566
C0116,28,541,579685,Khanapuram Haveli (CT),006400, Marwari,21,12,9,0,0,0,21,12,9
C0116,28,541,579685,Khanapuram Haveli (CT),006489, Rajasthani,15,9,6,0,0,0,15,9,6
C0116,28,541,579685,Khanapuram Haveli (CT),007000,7 KANNADA,16,7,9,0,0,0,16,7,9
C0116,28,541,579685,Khanapuram Haveli (CT),007016, Kannada,16,7,9,0,0,0,16,7,9
C0116,28,541,579685,Khanapuram Haveli (CT),011000,11 MALAYALAM,43,24,19,0,0,0,43,24,19
C0116,28,541,579685,Khanapuram Haveli (CT),011016, Malayalam,43,24,19,0,0,0,43,24,19
C0116,28,541,579685,Khanapuram Haveli (CT),013000,13 MARATHI ,72,39,33,0,0,0,72,39,33
C0116,28,541,579685,Khanapuram Haveli (CT),013071, Marathi,72,39,33,0,0,0,72,39,33
C0116,28,541,579685,Khanapuram Haveli (CT),015000,15 ODIA ,47,20,27,0,0,0,47,20,27
C0116,28,541,579685,Khanapuram Haveli (CT),015043, Odia,47,20,27,0,0,0,47,20,27
C0116,28,541,579685,Khanapuram Haveli (CT),016000,16 PUNJABI ,24,12,12,0,0,0,24,12,12
C0116,28,541,579685,Khanapuram Haveli (CT),016038, Punjabi,24,12,12,0,0,0,24,12,12
C0116,28,541,579685,Khanapuram Haveli (CT),020000,20 TAMIL ,117,66,51,0,0,0,117,66,51
C0116,28,541,579685,Khanapuram Haveli (CT),020027, Tamil,80,43,37,0,0,0,80,43,37
C0116,28,541,579685,Khanapuram Haveli (CT),020029, Yerukala/Yerukula,37,23,14,0,0,0,37,23,14
C0116,28,541,579685,Khanapuram Haveli (CT),021000,21 TELUGU ,47577,23628,23949,0,0,0,47577,23628,23949
C0116,28,541,579685,Khanapuram Haveli (CT),021046, Telugu,47563,23620,23943,0,0,0,47563,23620,23943
C0116,28,541,579685,Khanapuram Haveli (CT),021999,21 Others,14,8,6,0,0,0,14,8,6
C0116,28,541,579685,Khanapuram Haveli (CT),022000,22 URDU,3743,1866,1877,0,0,0,3743,1866,1877
C0116,28,541,579685,Khanapuram Haveli (CT),022015, Urdu,3743,1866,1877,0,0,0,3743,1866,1877
C0116,28,541,579685,Khanapuram Haveli (CT),040000,40 ENGLISH ,23,12,11,0,0,0,23,12,11
C0116,28,541,579685,Khanapuram Haveli (CT),040001, English,23,12,11,0,0,0,23,12,11
C0116,28,541,579685,Khanapuram Haveli (CT),069000,69 KOYA ,16,8,8,0,0,0,16,8,8
C0116,28,541,579685,Khanapuram Haveli (CT),069002, Koya,16,8,8,0,0,0,16,8,8
C0116,28,541,579685,Khanapuram Haveli (CT),124000,124 OTHERS,1,1,0,0,0,0,1,1,0
C0116,28,541,579872,Madhira (CT),002000,2 BENGALI ,3,3,0,0,0,0,3,3,0
C0116,28,541,579872,Madhira (CT),002007, Bengali,3,3,0,0,0,0,3,3,0
C0116,28,541,579872,Madhira (CT),005000,5 GUJARATI,2,0,2,0,0,0,2,0,2
C0116,28,541,579872,Madhira (CT),005018, Gujarati,1,0,1,0,0,0,1,0,1
C0116,28,541,579872,Madhira (CT),005999,5 Others,1,0,1,0,0,0,1,0,1
C0116,28,541,579872,Madhira (CT),006000,6 HINDI ,637,230,407,0,0,0,637,230,407
C0116,28,541,579872,Madhira (CT),006240, Hindi,215,106,109,0,0,0,215,106,109
C0116,28,541,579872,Madhira (CT),006353, Lamani/Lambadi,414,121,293,0,0,0,414,121,293
C0116,28,541,579872,Madhira (CT),006400, Marwari,8,3,5,0,0,0,8,3,5
C0116,28,541,579872,Madhira (CT),007000,7 KANNADA,10,8,2,0,0,0,10,8,2
C0116,28,541,579872,Madhira (CT),007016, Kannada,10,8,2,0,0,0,10,8,2
C0116,28,541,579872,Madhira (CT),011000,11 MALAYALAM,21,9,12,0,0,0,21,9,12
C0116,28,541,579872,Madhira (CT),011016, Malayalam,21,9,12,0,0,0,21,9,12
C0116,28,541,579872,Madhira (CT),013000,13 MARATHI ,9,7,2,0,0,0,9,7,2
C0116,28,541,579872,Madhira (CT),013071, Marathi,9,7,2,0,0,0,9,7,2
C0116,28,541,579872,Madhira (CT),014000,14 NEPALI ,3,1,2,0,0,0,3,1,2
C0116,28,541,579872,Madhira (CT),014011, Nepali,3,1,2,0,0,0,3,1,2
C0116,28,541,579872,Madhira (CT),015000,15 ODIA ,7,4,3,0,0,0,7,4,3
C0116,28,541,579872,Madhira (CT),015043, Odia,7,4,3,0,0,0,7,4,3
C0116,28,541,579872,Madhira (CT),020000,20 TAMIL ,15,6,9,0,0,0,15,6,9
C0116,28,541,579872,Madhira (CT),020027, Tamil,6,3,3,0,0,0,6,3,3
C0116,28,541,579872,Madhira (CT),020029, Yerukala/Yerukula,9,3,6,0,0,0,9,3,6
C0116,28,541,579872,Madhira (CT),021000,21 TELUGU ,20408,10037,10371,0,0,0,20408,10037,10371
C0116,28,541,579872,Madhira (CT),021046, Telugu,20408,10037,10371,0,0,0,20408,10037,10371
C0116,28,541,579872,Madhira (CT),022000,22 URDU,1599,789,810,0,0,0,1599,789,810
C0116,28,541,579872,Madhira (CT),022015, Urdu,1599,789,810,0,0,0,1599,789,810
C0116,28,541,579872,Madhira (CT),040000,40 ENGLISH ,2,1,1,0,0,0,2,1,1
C0116,28,541,579872,Madhira (CT),040001, English,2,1,1,0,0,0,2,1,1
C0116,28,542,000000,Srikakulam,001000,1 ASSAMESE,2,1,1,0,0,0,2,1,1
C0116,28,542,000000,Srikakulam,001002, Assamese,2,1,1,0,0,0,2,1,1
C0116,28,542,000000,Srikakulam,002000,2 BENGALI ,248,143,105,0,0,0,248,143,105
C0116,28,542,000000,Srikakulam,002007, Bengali,248,143,105,0,0,0,248,143,105
C0116,28,542,000000,Srikakulam,005000,5 GUJARATI,110,55,55,0,0,0,110,55,55
C0116,28,542,000000,Srikakulam,005018, Gujarati,78,38,40,0,0,0,78,38,40
C0116,28,542,000000,Srikakulam,005999,5 Others,32,17,15,0,0,0,32,17,15
C0116,28,542,000000,Srikakulam,006000,6 HINDI ,1860,1008,852,0,0,0,1860,1008,852
C0116,28,542,000000,Srikakulam,006102, Bhojpuri,15,8,7,0,0,0,15,8,7
C0116,28,542,000000,Srikakulam,006235, Haryanvi,10,4,6,0,0,0,10,4,6
C0116,28,542,000000,Srikakulam,006240, Hindi,1595,861,734,0,0,0,1595,861,734
C0116,28,542,000000,Srikakulam,006353, Lamani/Lambadi,4,2,2,0,0,0,4,2,2
C0116,28,542,000000,Srikakulam,006400, Marwari,111,61,50,0,0,0,111,61,50
C0116,28,542,000000,Srikakulam,006489, Rajasthani,118,69,49,0,0,0,118,69,49
C0116,28,542,000000,Srikakulam,006541, Sugali,3,1,2,0,0,0,3,1,2
C0116,28,542,000000,Srikakulam,006999,6 Others,4,2,2,0,0,0,4,2,2
C0116,28,542,000000,Srikakulam,007000,7 KANNADA,78,44,34,0,0,0,78,44,34
C0116,28,542,000000,Srikakulam,007016, Kannada,78,44,34,0,0,0,78,44,34
C0116,28,542,000000,Srikakulam,011000,11 MALAYALAM,135,61,74,0,0,0,135,61,74
C0116,28,542,000000,Srikakulam,011016, Malayalam,131,60,71,0,0,0,131,60,71
C0116,28,542,000000,Srikakulam,011999,11 Others,4,1,3,0,0,0,4,1,3
C0116,28,542,000000,Srikakulam,013000,13 MARATHI ,409,218,191,0,0,0,409,218,191
C0116,28,542,000000,Srikakulam,013071, Marathi,409,218,191,0,0,0,409,218,191
C0116,28,542,000000,Srikakulam,014000,14 NEPALI ,15,13,2,0,0,0,15,13,2
C0116,28,542,000000,Srikakulam,014011, Nepali,15,13,2,0,0,0,15,13,2
C0116,28,542,000000,Srikakulam,015000,15 ODIA ,22622,10874,11748,0,0,0,22622,10874,11748
C0116,28,542,000000,Srikakulam,015043, Odia,22128,10652,11476,0,0,0,22128,10652,11476
C0116,28,542,000000,Srikakulam,015055, Relli,483,219,264,0,0,0,483,219,264
C0116,28,542,000000,Srikakulam,015999,15 Others,11,3,8,0,0,0,11,3,8
C0116,28,542,000000,Srikakulam,016000,16 PUNJABI ,16,6,10,0,0,0,16,6,10
C0116,28,542,000000,Srikakulam,016038, Punjabi,16,6,10,0,0,0,16,6,10
C0116,28,542,000000,Srikakulam,017000,17 SANSKRIT ,3,1,2,0,0,0,3,1,2
C0116,28,542,000000,Srikakulam,017002, Sanskrit,3,1,2,0,0,0,3,1,2
C0116,28,542,000000,Srikakulam,019000,19 SINDHI,7,4,3,0,0,0,7,4,3
C0116,28,542,000000,Srikakulam,019014, Sindhi,7,4,3,0,0,0,7,4,3
C0116,28,542,000000,Srikakulam,020000,20 TAMIL ,634,331,303,0,0,0,634,331,303
C0116,28,542,000000,Srikakulam,020027, Tamil,465,245,220,0,0,0,465,245,220
C0116,28,542,000000,Srikakulam,020029, Yerukala/Yerukula,169,86,83,0,0,0,169,86,83
C0116,28,542,000000,Srikakulam,021000,21 TELUGU ,405835,199724,206111,0,0,0,405835,199724,206111
C0116,28,542,000000,Srikakulam,021046, Telugu,405835,199724,206111,0,0,0,405835,199724,206111
C0116,28,542,000000,Srikakulam,022000,22 URDU,3859,1873,1986,0,0,0,3859,1873,1986
C0116,28,542,000000,Srikakulam,022015, Urdu,3859,1873,1986,0,0,0,3859,1873,1986
C0116,28,542,000000,Srikakulam,040000,40 ENGLISH ,60,33,27,0,0,0,60,33,27
C0116,28,542,000000,Srikakulam,040001, English,60,33,27,0,0,0,60,33,27
C0116,28,542,000000,Srikakulam,065000,65 KONDA,13,11,2,0,0,0,13,11,2
C0116,28,542,000000,Srikakulam,065002, Kodu,13,11,2,0,0,0,13,11,2
C0116,28,542,000000,Srikakulam,106000,106 SAVARA,778,442,336,0,0,0,778,442,336
C0116,28,542,000000,Srikakulam,106004, Savara,778,442,336,0,0,0,778,442,336
C0116,28,542,000000,Srikakulam,124000,124 OTHERS,19,8,11,0,0,0,19,8,11
C0116,28,542,802938,Palasa Kasibugga (M),002000,2 BENGALI ,6,3,3,0,0,0,6,3,3
C0116,28,542,802938,Palasa Kasibugga (M),002007, Bengali,6,3,3,0,0,0,6,3,3
C0116,28,542,802938,Palasa Kasibugga (M),005000,5 GUJARATI,25,14,11,0,0,0,25,14,11
C0116,28,542,802938,Palasa Kasibugga (M),005018, Gujarati,14,8,6,0,0,0,14,8,6
C0116,28,542,802938,Palasa Kasibugga (M),005999,5 Others,11,6,5,0,0,0,11,6,5
C0116,28,542,802938,Palasa Kasibugga (M),006000,6 HINDI ,214,124,90,0,0,0,214,124,90
C0116,28,542,802938,Palasa Kasibugga (M),006240, Hindi,192,113,79,0,0,0,192,113,79
C0116,28,542,802938,Palasa Kasibugga (M),006400, Marwari,22,11,11,0,0,0,22,11,11
C0116,28,542,802938,Palasa Kasibugga (M),007000,7 KANNADA,3,1,2,0,0,0,3,1,2
C0116,28,542,802938,Palasa Kasibugga (M),007016, Kannada,3,1,2,0,0,0,3,1,2
C0116,28,542,802938,Palasa Kasibugga (M),011000,11 MALAYALAM,21,9,12,0,0,0,21,9,12
C0116,28,542,802938,Palasa Kasibugga (M),011016, Malayalam,21,9,12,0,0,0,21,9,12
C0116,28,542,802938,Palasa Kasibugga (M),013000,13 MARATHI ,29,14,15,0,0,0,29,14,15
C0116,28,542,802938,Palasa Kasibugga (M),013071, Marathi,29,14,15,0,0,0,29,14,15
C0116,28,542,802938,Palasa Kasibugga (M),015000,15 ODIA ,5247,2557,2690,0,0,0,5247,2557,2690
C0116,28,542,802938,Palasa Kasibugga (M),015043, Odia,5244,2557,2687,0,0,0,5244,2557,2687
C0116,28,542,802938,Palasa Kasibugga (M),015999,15 Others,3,0,3,0,0,0,3,0,3
C0116,28,542,802938,Palasa Kasibugga (M),016000,16 PUNJABI ,5,2,3,0,0,0,5,2,3
C0116,28,542,802938,Palasa Kasibugga (M),016038, Punjabi,5,2,3,0,0,0,5,2,3
C0116,28,542,802938,Palasa Kasibugga (M),019000,19 SINDHI,7,4,3,0,0,0,7,4,3
C0116,28,542,802938,Palasa Kasibugga (M),019014, Sindhi,7,4,3,0,0,0,7,4,3
C0116,28,542,802938,Palasa Kasibugga (M),020000,20 TAMIL ,25,11,14,0,0,0,25,11,14
C0116,28,542,802938,Palasa Kasibugga (M),020027, Tamil,11,3,8,0,0,0,11,3,8
C0116,28,542,802938,Palasa Kasibugga (M),020029, Yerukala/Yerukula,14,8,6,0,0,0,14,8,6
C0116,28,542,802938,Palasa Kasibugga (M),021000,21 TELUGU ,50805,24843,25962,0,0,0,50805,24843,25962
C0116,28,542,802938,Palasa Kasibugga (M),021046, Telugu,50805,24843,25962,0,0,0,50805,24843,25962
C0116,28,542,802938,Palasa Kasibugga (M),022000,22 URDU,574,274,300,0,0,0,574,274,300
C0116,28,542,802938,Palasa Kasibugga (M),022015, Urdu,574,274,300,0,0,0,574,274,300
C0116,28,542,802938,Palasa Kasibugga (M),040000,40 ENGLISH ,10,6,4,0,0,0,10,6,4
C0116,28,542,802938,Palasa Kasibugga (M),040001, English,10,6,4,0,0,0,10,6,4
C0116,28,542,802938,Palasa Kasibugga (M),106000,106 SAVARA,535,269,266,0,0,0,535,269,266
C0116,28,542,802938,Palasa Kasibugga (M),106004, Savara,535,269,266,0,0,0,535,269,266
C0116,28,542,802938,Palasa Kasibugga (M),124000,124 OTHERS,1,0,1,0,0,0,1,0,1
C0116,28,542,802939,Ichchapuram (M),002000,2 BENGALI ,18,9,9,0,0,0,18,9,9
C0116,28,542,802939,Ichchapuram (M),002007, Bengali,18,9,9,0,0,0,18,9,9
C0116,28,542,802939,Ichchapuram (M),006000,6 HINDI ,322,167,155,0,0,0,322,167,155
C0116,28,542,802939,Ichchapuram (M),006102, Bhojpuri,4,2,2,0,0,0,4,2,2
C0116,28,542,802939,Ichchapuram (M),006235, Haryanvi,10,4,6,0,0,0,10,4,6
C0116,28,542,802939,Ichchapuram (M),006240, Hindi,303,157,146,0,0,0,303,157,146
C0116,28,542,802939,Ichchapuram (M),006489, Rajasthani,5,4,1,0,0,0,5,4,1
C0116,28,542,802939,Ichchapuram (M),007000,7 KANNADA,6,4,2,0,0,0,6,4,2
C0116,28,542,802939,Ichchapuram (M),007016, Kannada,6,4,2,0,0,0,6,4,2
C0116,28,542,802939,Ichchapuram (M),011000,11 MALAYALAM,20,10,10,0,0,0,20,10,10
C0116,28,542,802939,Ichchapuram (M),011016, Malayalam,17,9,8,0,0,0,17,9,8
C0116,28,542,802939,Ichchapuram (M),011999,11 Others,3,1,2,0,0,0,3,1,2
C0116,28,542,802939,Ichchapuram (M),013000,13 MARATHI ,81,42,39,0,0,0,81,42,39
C0116,28,542,802939,Ichchapuram (M),013071, Marathi,81,42,39,0,0,0,81,42,39
C0116,28,542,802939,Ichchapuram (M),015000,15 ODIA ,8392,4089,4303,0,0,0,8392,4089,4303
C0116,28,542,802939,Ichchapuram (M),015043, Odia,8392,4089,4303,0,0,0,8392,4089,4303
C0116,28,542,802939,Ichchapuram (M),016000,16 PUNJABI ,5,2,3,0,0,0,5,2,3
C0116,28,542,802939,Ichchapuram (M),016038, Punjabi,5,2,3,0,0,0,5,2,3
C0116,28,542,802939,Ichchapuram (M),020000,20 TAMIL ,43,22,21,0,0,0,43,22,21
C0116,28,542,802939,Ichchapuram (M),020027, Tamil,43,22,21,0,0,0,43,22,21
C0116,28,542,802939,Ichchapuram (M),021000,21 TELUGU ,27169,13155,14014,0,0,0,27169,13155,14014
C0116,28,542,802939,Ichchapuram (M),021046, Telugu,27169,13155,14014,0,0,0,27169,13155,14014
C0116,28,542,802939,Ichchapuram (M),022000,22 URDU,429,213,216,0,0,0,429,213,216
C0116,28,542,802939,Ichchapuram (M),022015, Urdu,429,213,216,0,0,0,429,213,216
C0116,28,542,802939,Ichchapuram (M),106000,106 SAVARA,4,2,2,0,0,0,4,2,2
C0116,28,542,802939,Ichchapuram (M),106004, Savara,4,2,2,0,0,0,4,2,2
C0116,28,542,802939,Ichchapuram (M),124000,124 OTHERS,4,1,3,0,0,0,4,1,3
C0116,28,542,802940,Rajam (NP),002000,2 BENGALI ,23,15,8,0,0,0,23,15,8
C0116,28,542,802940,Rajam (NP),002007, Bengali,23,15,8,0,0,0,23,15,8
C0116,28,542,802940,Rajam (NP),005000,5 GUJARATI,27,13,14,0,0,0,27,13,14
C0116,28,542,802940,Rajam (NP),005018, Gujarati,19,9,10,0,0,0,19,9,10
C0116,28,542,802940,Rajam (NP),005999,5 Others,8,4,4,0,0,0,8,4,4
C0116,28,542,802940,Rajam (NP),006000,6 HINDI ,216,120,96,0,0,0,216,120,96
C0116,28,542,802940,Rajam (NP),006240, Hindi,176,93,83,0,0,0,176,93,83
C0116,28,542,802940,Rajam (NP),006400, Marwari,13,10,3,0,0,0,13,10,3
C0116,28,542,802940,Rajam (NP),006489, Rajasthani,25,16,9,0,0,0,25,16,9
C0116,28,542,802940,Rajam (NP),006999,6 Others,2,1,1,0,0,0,2,1,1
C0116,28,542,802940,Rajam (NP),007000,7 KANNADA,9,5,4,0,0,0,9,5,4
C0116,28,542,802940,Rajam (NP),007016, Kannada,9,5,4,0,0,0,9,5,4
C0116,28,542,802940,Rajam (NP),011000,11 MALAYALAM,23,7,16,0,0,0,23,7,16
C0116,28,542,802940,Rajam (NP),011016, Malayalam,23,7,16,0,0,0,23,7,16
C0116,28,542,802940,Rajam (NP),013000,13 MARATHI ,2,1,1,0,0,0,2,1,1
C0116,28,542,802940,Rajam (NP),013071, Marathi,2,1,1,0,0,0,2,1,1
C0116,28,542,802940,Rajam (NP),014000,14 NEPALI ,3,3,0,0,0,0,3,3,0
C0116,28,542,802940,Rajam (NP),014011, Nepali,3,3,0,0,0,0,3,3,0
C0116,28,542,802940,Rajam (NP),015000,15 ODIA ,124,55,69,0,0,0,124,55,69
C0116,28,542,802940,Rajam (NP),015043, Odia,124,55,69,0,0,0,124,55,69
C0116,28,542,802940,Rajam (NP),016000,16 PUNJABI ,2,0,2,0,0,0,2,0,2
C0116,28,542,802940,Rajam (NP),016038, Punjabi,2,0,2,0,0,0,2,0,2
C0116,28,542,802940,Rajam (NP),020000,20 TAMIL ,61,32,29,0,0,0,61,32,29
C0116,28,542,802940,Rajam (NP),020027, Tamil,61,32,29,0,0,0,61,32,29
C0116,28,542,802940,Rajam (NP),021000,21 TELUGU ,41596,20662,20934,0,0,0,41596,20662,20934
C0116,28,542,802940,Rajam (NP),021046, Telugu,41596,20662,20934,0,0,0,41596,20662,20934
C0116,28,542,802940,Rajam (NP),022000,22 URDU,108,54,54,0,0,0,108,54,54
C0116,28,542,802940,Rajam (NP),022015, Urdu,108,54,54,0,0,0,108,54,54
C0116,28,542,802940,Rajam (NP),040000,40 ENGLISH ,3,2,1,0,0,0,3,2,1
C0116,28,542,802940,Rajam (NP),040001, English,3,2,1,0,0,0,3,2,1
C0116,28,542,802941,Amadalavalasa (M),002000,2 BENGALI ,4,2,2,0,0,0,4,2,2
C0116,28,542,802941,Amadalavalasa (M),002007, Bengali,4,2,2,0,0,0,4,2,2
C0116,28,542,802941,Amadalavalasa (M),006000,6 HINDI ,75,38,37,0,0,0,75,38,37
C0116,28,542,802941,Amadalavalasa (M),006240, Hindi,57,29,28,0,0,0,57,29,28
C0116,28,542,802941,Amadalavalasa (M),006400, Marwari,15,7,8,0,0,0,15,7,8
C0116,28,542,802941,Amadalavalasa (M),006489, Rajasthani,3,2,1,0,0,0,3,2,1
C0116,28,542,802941,Amadalavalasa (M),011000,11 MALAYALAM,6,3,3,0,0,0,6,3,3
C0116,28,542,802941,Amadalavalasa (M),011016, Malayalam,6,3,3,0,0,0,6,3,3
C0116,28,542,802941,Amadalavalasa (M),015000,15 ODIA ,99,40,59,0,0,0,99,40,59
C0116,28,542,802941,Amadalavalasa (M),015043, Odia,99,40,59,0,0,0,99,40,59
C0116,28,542,802941,Amadalavalasa (M),021000,21 TELUGU ,39355,19524,19831,0,0,0,39355,19524,19831
C0116,28,542,802941,Amadalavalasa (M),021046, Telugu,39355,19524,19831,0,0,0,39355,19524,19831
C0116,28,542,802941,Amadalavalasa (M),022000,22 URDU,244,113,131,0,0,0,244,113,131
C0116,28,542,802941,Amadalavalasa (M),022015, Urdu,244,113,131,0,0,0,244,113,131
C0116,28,542,802941,Amadalavalasa (M),040000,40 ENGLISH ,15,8,7,0,0,0,15,8,7
C0116,28,542,802941,Amadalavalasa (M),040001, English,15,8,7,0,0,0,15,8,7
C0116,28,542,802941,Amadalavalasa (M),106000,106 SAVARA,1,1,0,0,0,0,1,1,0
C0116,28,542,802941,Amadalavalasa (M),106004, Savara,1,1,0,0,0,0,1,1,0
C0116,28,542,802942,Srikakulam (M + OG) (Part),002000,2 BENGALI ,108,59,49,0,0,0,108,59,49
C0116,28,542,802942,Srikakulam (M + OG) (Part),002007, Bengali,108,59,49,0,0,0,108,59,49
C0116,28,542,802942,Srikakulam (M + OG) (Part),005000,5 GUJARATI,48,23,25,0,0,0,48,23,25
C0116,28,542,802942,Srikakulam (M + OG) (Part),005018, Gujarati,45,21,24,0,0,0,45,21,24
C0116,28,542,802942,Srikakulam (M + OG) (Part),005999,5 Others,3,2,1,0,0,0,3,2,1
C0116,28,542,802942,Srikakulam (M + OG) (Part),006000,6 HINDI ,665,351,314,0,0,0,665,351,314
C0116,28,542,802942,Srikakulam (M + OG) (Part),006240, Hindi,556,294,262,0,0,0,556,294,262
C0116,28,542,802942,Srikakulam (M + OG) (Part),006400, Marwari,56,29,27,0,0,0,56,29,27
C0116,28,542,802942,Srikakulam (M + OG) (Part),006489, Rajasthani,50,27,23,0,0,0,50,27,23
C0116,28,542,802942,Srikakulam (M + OG) (Part),006541, Sugali,3,1,2,0,0,0,3,1,2
C0116,28,542,802942,Srikakulam (M + OG) (Part),007000,7 KANNADA,28,16,12,0,0,0,28,16,12
C0116,28,542,802942,Srikakulam (M + OG) (Part),007016, Kannada,28,16,12,0,0,0,28,16,12
C0116,28,542,802942,Srikakulam (M + OG) (Part),011000,11 MALAYALAM,36,16,20,0,0,0,36,16,20
C0116,28,542,802942,Srikakulam (M + OG) (Part),011016, Malayalam,36,16,20,0,0,0,36,16,20
C0116,28,542,802942,Srikakulam (M + OG) (Part),013000,13 MARATHI ,174,92,82,0,0,0,174,92,82
C0116,28,542,802942,Srikakulam (M + OG) (Part),013071, Marathi,174,92,82,0,0,0,174,92,82
C0116,28,542,802942,Srikakulam (M + OG) (Part),014000,14 NEPALI ,6,6,0,0,0,0,6,6,0
C0116,28,542,802942,Srikakulam (M + OG) (Part),014011, Nepali,6,6,0,0,0,0,6,6,0
C0116,28,542,802942,Srikakulam (M + OG) (Part),015000,15 ODIA ,1442,677,765,0,0,0,1442,677,765
C0116,28,542,802942,Srikakulam (M + OG) (Part),015043, Odia,1431,672,759,0,0,0,1431,672,759
C0116,28,542,802942,Srikakulam (M + OG) (Part),015055, Relli,3,2,1,0,0,0,3,2,1
C0116,28,542,802942,Srikakulam (M + OG) (Part),015999,15 Others,8,3,5,0,0,0,8,3,5
C0116,28,542,802942,Srikakulam (M + OG) (Part),016000,16 PUNJABI ,4,2,2,0,0,0,4,2,2
C0116,28,542,802942,Srikakulam (M + OG) (Part),016038, Punjabi,4,2,2,0,0,0,4,2,2
C0116,28,542,802942,Srikakulam (M + OG) (Part),017000,17 SANSKRIT ,3,1,2,0,0,0,3,1,2
C0116,28,542,802942,Srikakulam (M + OG) (Part),017002, Sanskrit,3,1,2,0,0,0,3,1,2
C0116,28,542,802942,Srikakulam (M + OG) (Part),020000,20 TAMIL ,43,23,20,0,0,0,43,23,20
C0116,28,542,802942,Srikakulam (M + OG) (Part),020027, Tamil,41,23,18,0,0,0,41,23,18
C0116,28,542,802942,Srikakulam (M + OG) (Part),020029, Yerukala/Yerukula,2,0,2,0,0,0,2,0,2
C0116,28,542,802942,Srikakulam (M + OG) (Part),021000,21 TELUGU ,133192,66058,67134,0,0,0,133192,66058,67134
C0116,28,542,802942,Srikakulam (M + OG) (Part),021046, Telugu,133192,66058,67134,0,0,0,133192,66058,67134
C0116,28,542,802942,Srikakulam (M + OG) (Part),022000,22 URDU,1999,970,1029,0,0,0,1999,970,1029
C0116,28,542,802942,Srikakulam (M + OG) (Part),022015, Urdu,1999,970,1029,0,0,0,1999,970,1029
C0116,28,542,802942,Srikakulam (M + OG) (Part),040000,40 ENGLISH ,18,10,8,0,0,0,18,10,8
C0116,28,542,802942,Srikakulam (M + OG) (Part),040001, English,18,10,8,0,0,0,18,10,8
C0116,28,542,802942,Srikakulam (M + OG) (Part),065000,65 KONDA,13,11,2,0,0,0,13,11,2
C0116,28,542,802942,Srikakulam (M + OG) (Part),065002, Kodu,13,11,2,0,0,0,13,11,2
C0116,28,542,802942,Srikakulam (M + OG) (Part),106000,106 SAVARA,157,139,18,0,0,0,157,139,18
C0116,28,542,802942,Srikakulam (M + OG) (Part),106004, Savara,157,139,18,0,0,0,157,139,18
C0116,28,542,802942,Srikakulam (M + OG) (Part),124000,124 OTHERS,8,3,5,0,0,0,8,3,5
C0116,28,542,580521,Sompeta (CT),002000,2 BENGALI ,34,20,14,0,0,0,34,20,14
C0116,28,542,580521,Sompeta (CT),002007, Bengali,34,20,14,0,0,0,34,20,14
C0116,28,542,580521,Sompeta (CT),006000,6 HINDI ,88,53,35,0,0,0,88,53,35
C0116,28,542,580521,Sompeta (CT),006102, Bhojpuri,11,6,5,0,0,0,11,6,5
C0116,28,542,580521,Sompeta (CT),006240, Hindi,77,47,30,0,0,0,77,47,30
C0116,28,542,580521,Sompeta (CT),007000,7 KANNADA,11,8,3,0,0,0,11,8,3
C0116,28,542,580521,Sompeta (CT),007016, Kannada,11,8,3,0,0,0,11,8,3
C0116,28,542,580521,Sompeta (CT),011000,11 MALAYALAM,11,7,4,0,0,0,11,7,4
C0116,28,542,580521,Sompeta (CT),011016, Malayalam,11,7,4,0,0,0,11,7,4
C0116,28,542,580521,Sompeta (CT),013000,13 MARATHI ,20,12,8,0,0,0,20,12,8
C0116,28,542,580521,Sompeta (CT),013071, Marathi,20,12,8,0,0,0,20,12,8
C0116,28,542,580521,Sompeta (CT),014000,14 NEPALI ,4,2,2,0,0,0,4,2,2
C0116,28,542,580521,Sompeta (CT),014011, Nepali,4,2,2,0,0,0,4,2,2
C0116,28,542,580521,Sompeta (CT),015000,15 ODIA ,2735,1295,1440,0,0,0,2735,1295,1440
C0116,28,542,580521,Sompeta (CT),015043, Odia,2735,1295,1440,0,0,0,2735,1295,1440
C0116,28,542,580521,Sompeta (CT),020000,20 TAMIL ,21,12,9,0,0,0,21,12,9
C0116,28,542,580521,Sompeta (CT),020027, Tamil,21,12,9,0,0,0,21,12,9
C0116,28,542,580521,Sompeta (CT),021000,21 TELUGU ,15712,7498,8214,0,0,0,15712,7498,8214
C0116,28,542,580521,Sompeta (CT),021046, Telugu,15712,7498,8214,0,0,0,15712,7498,8214
C0116,28,542,580521,Sompeta (CT),022000,22 URDU,113,58,55,0,0,0,113,58,55
C0116,28,542,580521,Sompeta (CT),022015, Urdu,113,58,55,0,0,0,113,58,55
C0116,28,542,580521,Sompeta (CT),106000,106 SAVARA,25,0,25,0,0,0,25,0,25
C0116,28,542,580521,Sompeta (CT),106004, Savara,25,0,25,0,0,0,25,0,25
C0116,28,542,580521,Sompeta (CT),124000,124 OTHERS,4,3,1,0,0,0,4,3,1
C0116,28,542,580732,Hiramandalam (CT),006000,6 HINDI ,25,14,11,0,0,0,25,14,11
C0116,28,542,580732,Hiramandalam (CT),006240, Hindi,24,13,11,0,0,0,24,13,11
C0116,28,542,580732,Hiramandalam (CT),006400, Marwari,1,1,0,0,0,0,1,1,0
C0116,28,542,580732,Hiramandalam (CT),007000,7 KANNADA,4,1,3,0,0,0,4,1,3
C0116,28,542,580732,Hiramandalam (CT),007016, Kannada,4,1,3,0,0,0,4,1,3
C0116,28,542,580732,Hiramandalam (CT),013000,13 MARATHI ,14,8,6,0,0,0,14,8,6
C0116,28,542,580732,Hiramandalam (CT),013071, Marathi,14,8,6,0,0,0,14,8,6
C0116,28,542,580732,Hiramandalam (CT),015000,15 ODIA ,69,35,34,0,0,0,69,35,34
C0116,28,542,580732,Hiramandalam (CT),015043, Odia,69,35,34,0,0,0,69,35,34
C0116,28,542,580732,Hiramandalam (CT),020000,20 TAMIL ,18,5,13,0,0,0,18,5,13
C0116,28,542,580732,Hiramandalam (CT),020027, Tamil,18,5,13,0,0,0,18,5,13
C0116,28,542,580732,Hiramandalam (CT),021000,21 TELUGU ,6469,3240,3229,0,0,0,6469,3240,3229
C0116,28,542,580732,Hiramandalam (CT),021046, Telugu,6469,3240,3229,0,0,0,6469,3240,3229
C0116,28,542,580732,Hiramandalam (CT),022000,22 URDU,4,2,2,0,0,0,4,2,2
C0116,28,542,580732,Hiramandalam (CT),022015, Urdu,4,2,2,0,0,0,4,2,2
C0116,28,542,580777,Palakonda (CT),002000,2 BENGALI ,1,1,0,0,0,0,1,1,0
C0116,28,542,580777,Palakonda (CT),002007, Bengali,1,1,0,0,0,0,1,1,0
C0116,28,542,580777,Palakonda (CT),005000,5 GUJARATI,2,1,1,0,0,0,2,1,1
C0116,28,542,580777,Palakonda (CT),005999,5 Others,2,1,1,0,0,0,2,1,1
C0116,28,542,580777,Palakonda (CT),006000,6 HINDI ,39,20,19,0,0,0,39,20,19
C0116,28,542,580777,Palakonda (CT),006240, Hindi,31,14,17,0,0,0,31,14,17
C0116,28,542,580777,Palakonda (CT),006489, Rajasthani,8,6,2,0,0,0,8,6,2
C0116,28,542,580777,Palakonda (CT),007000,7 KANNADA,3,3,0,0,0,0,3,3,0
C0116,28,542,580777,Palakonda (CT),007016, Kannada,3,3,0,0,0,0,3,3,0
C0116,28,542,580777,Palakonda (CT),011000,11 MALAYALAM,3,1,2,0,0,0,3,1,2
C0116,28,542,580777,Palakonda (CT),011016, Malayalam,3,1,2,0,0,0,3,1,2
C0116,28,542,580777,Palakonda (CT),013000,13 MARATHI ,10,4,6,0,0,0,10,4,6
C0116,28,542,580777,Palakonda (CT),013071, Marathi,10,4,6,0,0,0,10,4,6
C0116,28,542,580777,Palakonda (CT),015000,15 ODIA ,653,296,357,0,0,0,653,296,357
C0116,28,542,580777,Palakonda (CT),015043, Odia,173,79,94,0,0,0,173,79,94
C0116,28,542,580777,Palakonda (CT),015055, Relli,480,217,263,0,0,0,480,217,263
C0116,28,542,580777,Palakonda (CT),020000,20 TAMIL ,28,15,13,0,0,0,28,15,13
C0116,28,542,580777,Palakonda (CT),020027, Tamil,28,15,13,0,0,0,28,15,13
C0116,28,542,580777,Palakonda (CT),021000,21 TELUGU ,19956,9692,10264,0,0,0,19956,9692,10264
C0116,28,542,580777,Palakonda (CT),021046, Telugu,19956,9692,10264,0,0,0,19956,9692,10264
C0116,28,542,580777,Palakonda (CT),022000,22 URDU,19,11,8,0,0,0,19,11,8
C0116,28,542,580777,Palakonda (CT),022015, Urdu,19,11,8,0,0,0,19,11,8
C0116,28,542,580777,Palakonda (CT),106000,106 SAVARA,46,25,21,0,0,0,46,25,21
C0116,28,542,580777,Palakonda (CT),106004, Savara,46,25,21,0,0,0,46,25,21
C0116,28,542,581009,Tekkali (CT),002000,2 BENGALI ,10,6,4,0,0,0,10,6,4
C0116,28,542,581009,Tekkali (CT),002007, Bengali,10,6,4,0,0,0,10,6,4
C0116,28,542,581009,Tekkali (CT),005000,5 GUJARATI,6,4,2,0,0,0,6,4,2
C0116,28,542,581009,Tekkali (CT),005999,5 Others,6,4,2,0,0,0,6,4,2
C0116,28,542,581009,Tekkali (CT),006000,6 HINDI ,65,41,24,0,0,0,65,41,24
C0116,28,542,581009,Tekkali (CT),006240, Hindi,55,36,19,0,0,0,55,36,19
C0116,28,542,581009,Tekkali (CT),006353, Lamani/Lambadi,4,2,2,0,0,0,4,2,2
C0116,28,542,581009,Tekkali (CT),006400, Marwari,1,1,0,0,0,0,1,1,0
C0116,28,542,581009,Tekkali (CT),006489, Rajasthani,3,1,2,0,0,0,3,1,2
C0116,28,542,581009,Tekkali (CT),006999,6 Others,2,1,1,0,0,0,2,1,1
C0116,28,542,581009,Tekkali (CT),007000,7 KANNADA,3,1,2,0,0,0,3,1,2
C0116,28,542,581009,Tekkali (CT),007016, Kannada,3,1,2,0,0,0,3,1,2
C0116,28,542,581009,Tekkali (CT),011000,11 MALAYALAM,4,2,2,0,0,0,4,2,2
C0116,28,542,581009,Tekkali (CT),011016, Malayalam,3,2,1,0,0,0,3,2,1
C0116,28,542,581009,Tekkali (CT),011999,11 Others,1,0,1,0,0,0,1,0,1
C0116,28,542,581009,Tekkali (CT),013000,13 MARATHI ,25,13,12,0,0,0,25,13,12
C0116,28,542,581009,Tekkali (CT),013071, Marathi,25,13,12,0,0,0,25,13,12
C0116,28,542,581009,Tekkali (CT),015000,15 ODIA ,3503,1669,1834,0,0,0,3503,1669,1834
C0116,28,542,581009,Tekkali (CT),015043, Odia,3503,1669,1834,0,0,0,3503,1669,1834
C0116,28,542,581009,Tekkali (CT),020000,20 TAMIL ,205,116,89,0,0,0,205,116,89
C0116,28,542,581009,Tekkali (CT),020027, Tamil,205,116,89,0,0,0,205,116,89
C0116,28,542,581009,Tekkali (CT),021000,21 TELUGU ,24670,12015,12655,0,0,0,24670,12015,12655
C0116,28,542,581009,Tekkali (CT),021046, Telugu,24670,12015,12655,0,0,0,24670,12015,12655
C0116,28,542,581009,Tekkali (CT),022000,22 URDU,121,56,65,0,0,0,121,56,65
C0116,28,542,581009,Tekkali (CT),022015, Urdu,121,56,65,0,0,0,121,56,65
C0116,28,542,581009,Tekkali (CT),040000,40 ENGLISH ,9,5,4,0,0,0,9,5,4
C0116,28,542,581009,Tekkali (CT),040001, English,9,5,4,0,0,0,9,5,4
C0116,28,542,581009,Tekkali (CT),106000,106 SAVARA,8,5,3,0,0,0,8,5,3
C0116,28,542,581009,Tekkali (CT),106004, Savara,8,5,3,0,0,0,8,5,3
C0116,28,542,581009,Tekkali (CT),124000,124 OTHERS,2,1,1,0,0,0,2,1,1
C0116,28,542,581460,Narasannapeta (CT),002000,2 BENGALI ,39,27,12,0,0,0,39,27,12
C0116,28,542,581460,Narasannapeta (CT),002007, Bengali,39,27,12,0,0,0,39,27,12
C0116,28,542,581460,Narasannapeta (CT),005000,5 GUJARATI,2,0,2,0,0,0,2,0,2
C0116,28,542,581460,Narasannapeta (CT),005999,5 Others,2,0,2,0,0,0,2,0,2
C0116,28,542,581460,Narasannapeta (CT),006000,6 HINDI ,73,40,33,0,0,0,73,40,33
C0116,28,542,581460,Narasannapeta (CT),006240, Hindi,68,36,32,0,0,0,68,36,32
C0116,28,542,581460,Narasannapeta (CT),006489, Rajasthani,5,4,1,0,0,0,5,4,1
C0116,28,542,581460,Narasannapeta (CT),007000,7 KANNADA,5,3,2,0,0,0,5,3,2
C0116,28,542,581460,Narasannapeta (CT),007016, Kannada,5,3,2,0,0,0,5,3,2
C0116,28,542,581460,Narasannapeta (CT),011000,11 MALAYALAM,7,3,4,0,0,0,7,3,4
C0116,28,542,581460,Narasannapeta (CT),011016, Malayalam,7,3,4,0,0,0,7,3,4
C0116,28,542,581460,Narasannapeta (CT),013000,13 MARATHI ,54,32,22,0,0,0,54,32,22
C0116,28,542,581460,Narasannapeta (CT),013071, Marathi,54,32,22,0,0,0,54,32,22
C0116,28,542,581460,Narasannapeta (CT),015000,15 ODIA ,220,93,127,0,0,0,220,93,127
C0116,28,542,581460,Narasannapeta (CT),015043, Odia,220,93,127,0,0,0,220,93,127
C0116,28,542,581460,Narasannapeta (CT),020000,20 TAMIL ,10,3,7,0,0,0,10,3,7
C0116,28,542,581460,Narasannapeta (CT),020027, Tamil,10,3,7,0,0,0,10,3,7
C0116,28,542,581460,Narasannapeta (CT),021000,21 TELUGU ,25794,12653,13141,0,0,0,25794,12653,13141
C0116,28,542,581460,Narasannapeta (CT),021046, Telugu,25794,12653,13141,0,0,0,25794,12653,13141
C0116,28,542,581460,Narasannapeta (CT),022000,22 URDU,73,35,38,0,0,0,73,35,38
C0116,28,542,581460,Narasannapeta (CT),022015, Urdu,73,35,38,0,0,0,73,35,38
C0116,28,542,581460,Narasannapeta (CT),040000,40 ENGLISH ,3,1,2,0,0,0,3,1,2
C0116,28,542,581460,Narasannapeta (CT),040001, English,3,1,2,0,0,0,3,1,2
C0116,28,542,581553,Balaga (CT),002000,2 BENGALI ,5,1,4,0,0,0,5,1,4
C0116,28,542,581553,Balaga (CT),002007, Bengali,5,1,4,0,0,0,5,1,4
C0116,28,542,581553,Balaga (CT),006000,6 HINDI ,40,20,20,0,0,0,40,20,20
C0116,28,542,581553,Balaga (CT),006240, Hindi,39,20,19,0,0,0,39,20,19
C0116,28,542,581553,Balaga (CT),006400, Marwari,1,0,1,0,0,0,1,0,1
C0116,28,542,581553,Balaga (CT),007000,7 KANNADA,4,1,3,0,0,0,4,1,3
C0116,28,542,581553,Balaga (CT),007016, Kannada,4,1,3,0,0,0,4,1,3
C0116,28,542,581553,Balaga (CT),011000,11 MALAYALAM,4,3,1,0,0,0,4,3,1
C0116,28,542,581553,Balaga (CT),011016, Malayalam,4,3,1,0,0,0,4,3,1
C0116,28,542,581553,Balaga (CT),014000,14 NEPALI ,2,2,0,0,0,0,2,2,0
C0116,28,542,581553,Balaga (CT),014011, Nepali,2,2,0,0,0,0,2,2,0
C0116,28,542,581553,Balaga (CT),015000,15 ODIA ,52,28,24,0,0,0,52,28,24
C0116,28,542,581553,Balaga (CT),015043, Odia,52,28,24,0,0,0,52,28,24
C0116,28,542,581553,Balaga (CT),020000,20 TAMIL ,3,2,1,0,0,0,3,2,1
C0116,28,542,581553,Balaga (CT),020027, Tamil,3,2,1,0,0,0,3,2,1
C0116,28,542,581553,Balaga (CT),021000,21 TELUGU ,8895,4479,4416,0,0,0,8895,4479,4416
C0116,28,542,581553,Balaga (CT),021046, Telugu,8895,4479,4416,0,0,0,8895,4479,4416
C0116,28,542,581553,Balaga (CT),022000,22 URDU,64,34,30,0,0,0,64,34,30
C0116,28,542,581553,Balaga (CT),022015, Urdu,64,34,30,0,0,0,64,34,30
C0116,28,542,581553,Balaga (CT),106000,106 SAVARA,2,1,1,0,0,0,2,1,1
C0116,28,542,581553,Balaga (CT),106004, Savara,2,1,1,0,0,0,2,1,1
C0116,28,542,581592,Ponduru (CT),001000,1 ASSAMESE,2,1,1,0,0,0,2,1,1
C0116,28,542,581592,Ponduru (CT),001002, Assamese,2,1,1,0,0,0,2,1,1
C0116,28,542,581592,Ponduru (CT),006000,6 HINDI ,38,20,18,0,0,0,38,20,18
C0116,28,542,581592,Ponduru (CT),006240, Hindi,17,9,8,0,0,0,17,9,8
C0116,28,542,581592,Ponduru (CT),006400, Marwari,2,2,0,0,0,0,2,2,0
C0116,28,542,581592,Ponduru (CT),006489, Rajasthani,19,9,10,0,0,0,19,9,10
C0116,28,542,581592,Ponduru (CT),007000,7 KANNADA,2,1,1,0,0,0,2,1,1
C0116,28,542,581592,Ponduru (CT),007016, Kannada,2,1,1,0,0,0,2,1,1
C0116,28,542,581592,Ponduru (CT),015000,15 ODIA ,86,40,46,0,0,0,86,40,46
C0116,28,542,581592,Ponduru (CT),015043, Odia,86,40,46,0,0,0,86,40,46
C0116,28,542,581592,Ponduru (CT),020000,20 TAMIL ,177,90,87,0,0,0,177,90,87
C0116,28,542,581592,Ponduru (CT),020027, Tamil,24,12,12,0,0,0,24,12,12
C0116,28,542,581592,Ponduru (CT),020029, Yerukala/Yerukula,153,78,75,0,0,0,153,78,75
C0116,28,542,581592,Ponduru (CT),021000,21 TELUGU ,12222,5905,6317,0,0,0,12222,5905,6317
C0116,28,542,581592,Ponduru (CT),021046, Telugu,12222,5905,6317,0,0,0,12222,5905,6317
C0116,28,542,581592,Ponduru (CT),022000,22 URDU,111,53,58,0,0,0,111,53,58
C0116,28,542,581592,Ponduru (CT),022015, Urdu,111,53,58,0,0,0,111,53,58
C0116,28,542,581592,Ponduru (CT),040000,40 ENGLISH ,2,1,1,0,0,0,2,1,1
C0116,28,542,581592,Ponduru (CT),040001, English,2,1,1,0,0,0,2,1,1
C0116,28,543,000000,Vizianagaram,001000,1 ASSAMESE,5,5,0,0,0,0,5,5,0
C0116,28,543,000000,Vizianagaram,001002, Assamese,5,5,0,0,0,0,5,5,0
C0116,28,543,000000,Vizianagaram,002000,2 BENGALI ,222,136,86,0,0,0,222,136,86
C0116,28,543,000000,Vizianagaram,002007, Bengali,222,136,86,0,0,0,222,136,86
C0116,28,543,000000,Vizianagaram,003000,3 BODO ,1,0,1,0,0,0,1,0,1
C0116,28,543,000000,Vizianagaram,003003, Kachari,1,0,1,0,0,0,1,0,1
C0116,28,543,000000,Vizianagaram,004000,4 DOGRI ,1,1,0,0,0,0,1,1,0
C0116,28,543,000000,Vizianagaram,004001, Dogri,1,1,0,0,0,0,1,1,0
C0116,28,543,000000,Vizianagaram,005000,5 GUJARATI,297,151,146,0,0,0,297,151,146
C0116,28,543,000000,Vizianagaram,005018, Gujarati,268,141,127,0,0,0,268,141,127
C0116,28,543,000000,Vizianagaram,005999,5 Others,29,10,19,0,0,0,29,10,19
C0116,28,543,000000,Vizianagaram,006000,6 HINDI ,4448,2428,2020,0,0,0,4448,2428,2020
C0116,28,543,000000,Vizianagaram,006102, Bhojpuri,67,37,30,0,0,0,67,37,30
C0116,28,543,000000,Vizianagaram,006240, Hindi,3749,2045,1704,0,0,0,3749,2045,1704
C0116,28,543,000000,Vizianagaram,006353, Lamani/Lambadi,4,2,2,0,0,0,4,2,2
C0116,28,543,000000,Vizianagaram,006400, Marwari,461,253,208,0,0,0,461,253,208
C0116,28,543,000000,Vizianagaram,006489, Rajasthani,148,82,66,0,0,0,148,82,66
C0116,28,543,000000,Vizianagaram,006999,6 Others,19,9,10,0,0,0,19,9,10
C0116,28,543,000000,Vizianagaram,007000,7 KANNADA,72,41,31,0,0,0,72,41,31
C0116,28,543,000000,Vizianagaram,007016, Kannada,72,41,31,0,0,0,72,41,31
C0116,28,543,000000,Vizianagaram,009000,9 KONKANI,4,0,4,0,0,0,4,0,4
C0116,28,543,000000,Vizianagaram,009011, Konkani,4,0,4,0,0,0,4,0,4
C0116,28,543,000000,Vizianagaram,010000,10 MAITHILI ,11,7,4,0,0,0,11,7,4
C0116,28,543,000000,Vizianagaram,010008, Maithili,11,7,4,0,0,0,11,7,4
C0116,28,543,000000,Vizianagaram,011000,11 MALAYALAM,246,126,120,0,0,0,246,126,120
C0116,28,543,000000,Vizianagaram,011016, Malayalam,246,126,120,0,0,0,246,126,120
C0116,28,543,000000,Vizianagaram,012000,12 MANIPURI ,6,0,6,0,0,0,6,0,6
C0116,28,543,000000,Vizianagaram,012003, Manipuri,6,0,6,0,0,0,6,0,6
C0116,28,543,000000,Vizianagaram,013000,13 MARATHI ,495,262,233,0,0,0,495,262,233
C0116,28,543,000000,Vizianagaram,013071, Marathi,495,262,233,0,0,0,495,262,233
C0116,28,543,000000,Vizianagaram,014000,14 NEPALI ,63,30,33,0,0,0,63,30,33
C0116,28,543,000000,Vizianagaram,014011, Nepali,63,30,33,0,0,0,63,30,33
C0116,28,543,000000,Vizianagaram,015000,15 ODIA ,5156,2483,2673,0,0,0,5156,2483,2673
C0116,28,543,000000,Vizianagaram,015006, Bhatri,6,3,3,0,0,0,6,3,3
C0116,28,543,000000,Vizianagaram,015043, Odia,2450,1203,1247,0,0,0,2450,1203,1247
C0116,28,543,000000,Vizianagaram,015055, Relli,1663,794,869,0,0,0,1663,794,869
C0116,28,543,000000,Vizianagaram,015999,15 Others,1037,483,554,0,0,0,1037,483,554
C0116,28,543,000000,Vizianagaram,016000,16 PUNJABI ,160,79,81,0,0,0,160,79,81
C0116,28,543,000000,Vizianagaram,016038, Punjabi,160,79,81,0,0,0,160,79,81
C0116,28,543,000000,Vizianagaram,017000,17 SANSKRIT ,6,4,2,0,0,0,6,4,2
C0116,28,543,000000,Vizianagaram,017002, Sanskrit,6,4,2,0,0,0,6,4,2
C0116,28,543,000000,Vizianagaram,018000,18 SANTALI ,4,2,2,0,0,0,4,2,2
C0116,28,543,000000,Vizianagaram,018040, Santali,4,2,2,0,0,0,4,2,2
C0116,28,543,000000,Vizianagaram,019000,19 SINDHI,196,103,93,0,0,0,196,103,93
C0116,28,543,000000,Vizianagaram,019008, Kachchhi,33,16,17,0,0,0,33,16,17
C0116,28,543,000000,Vizianagaram,019014, Sindhi,163,87,76,0,0,0,163,87,76
C0116,28,543,000000,Vizianagaram,020000,20 TAMIL ,751,397,354,0,0,0,751,397,354
C0116,28,543,000000,Vizianagaram,020027, Tamil,524,287,237,0,0,0,524,287,237
C0116,28,543,000000,Vizianagaram,020029, Yerukala/Yerukula,226,109,117,0,0,0,226,109,117
C0116,28,543,000000,Vizianagaram,020999,20 Others,1,1,0,0,0,0,1,1,0
C0116,28,543,000000,Vizianagaram,021000,21 TELUGU ,470479,230643,239836,0,0,0,470479,230643,239836
C0116,28,543,000000,Vizianagaram,021046, Telugu,470479,230643,239836,0,0,0,470479,230643,239836
C0116,28,543,000000,Vizianagaram,022000,22 URDU,7977,3990,3987,0,0,0,7977,3990,3987
C0116,28,543,000000,Vizianagaram,022015, Urdu,7976,3990,3986,0,0,0,7976,3990,3986
C0116,28,543,000000,Vizianagaram,022999,22 Others,1,0,1,0,0,0,1,0,1
C0116,28,543,000000,Vizianagaram,028000,28 ARABIC/ARBI ,4,3,1,0,0,0,4,3,1
C0116,28,543,000000,Vizianagaram,028001, Arabic/Arbi,4,3,1,0,0,0,4,3,1
C0116,28,543,000000,Vizianagaram,040000,40 ENGLISH ,41,16,25,0,0,0,41,16,25
C0116,28,543,000000,Vizianagaram,040001, English,41,16,25,0,0,0,41,16,25
C0116,28,543,000000,Vizianagaram,041000,41 GADABA ,10,5,5,0,0,0,10,5,5
C0116,28,543,000000,Vizianagaram,041001, Gadaba,6,3,3,0,0,0,6,3,3
C0116,28,543,000000,Vizianagaram,041999,41 Others,4,2,2,0,0,0,4,2,2
C0116,28,543,000000,Vizianagaram,049000,49 JATAPU ,48,26,22,0,0,0,48,26,22
C0116,28,543,000000,Vizianagaram,049002, Jatapu,48,26,22,0,0,0,48,26,22
C0116,28,543,000000,Vizianagaram,065000,65 KONDA,7,6,1,0,0,0,7,6,1
C0116,28,543,000000,Vizianagaram,065003, Konda,7,6,1,0,0,0,7,6,1
C0116,28,543,000000,Vizianagaram,106000,106 SAVARA,59,36,23,0,0,0,59,36,23
C0116,28,543,000000,Vizianagaram,106004, Savara,59,36,23,0,0,0,59,36,23
C0116,28,543,000000,Vizianagaram,124000,124 OTHERS,142,69,73,0,0,0,142,69,73
C0116,28,543,802943,Parvathipuram (M),001000,1 ASSAMESE,4,4,0,0,0,0,4,4,0
C0116,28,543,802943,Parvathipuram (M),001002, Assamese,4,4,0,0,0,0,4,4,0
C0116,28,543,802943,Parvathipuram (M),002000,2 BENGALI ,16,9,7,0,0,0,16,9,7
C0116,28,543,802943,Parvathipuram (M),002007, Bengali,16,9,7,0,0,0,16,9,7
C0116,28,543,802943,Parvathipuram (M),004000,4 DOGRI ,1,1,0,0,0,0,1,1,0
C0116,28,543,802943,Parvathipuram (M),004001, Dogri,1,1,0,0,0,0,1,1,0
C0116,28,543,802943,Parvathipuram (M),005000,5 GUJARATI,110,64,46,0,0,0,110,64,46
C0116,28,543,802943,Parvathipuram (M),005018, Gujarati,107,62,45,0,0,0,107,62,45
C0116,28,543,802943,Parvathipuram (M),005999,5 Others,3,2,1,0,0,0,3,2,1
C0116,28,543,802943,Parvathipuram (M),006000,6 HINDI ,269,184,85,0,0,0,269,184,85
C0116,28,543,802943,Parvathipuram (M),006240, Hindi,246,172,74,0,0,0,246,172,74
C0116,28,543,802943,Parvathipuram (M),006400, Marwari,2,1,1,0,0,0,2,1,1
C0116,28,543,802943,Parvathipuram (M),006489, Rajasthani,21,11,10,0,0,0,21,11,10
C0116,28,543,802943,Parvathipuram (M),007000,7 KANNADA,4,3,1,0,0,0,4,3,1
C0116,28,543,802943,Parvathipuram (M),007016, Kannada,4,3,1,0,0,0,4,3,1
C0116,28,543,802943,Parvathipuram (M),011000,11 MALAYALAM,22,13,9,0,0,0,22,13,9
C0116,28,543,802943,Parvathipuram (M),011016, Malayalam,22,13,9,0,0,0,22,13,9
C0116,28,543,802943,Parvathipuram (M),013000,13 MARATHI ,5,3,2,0,0,0,5,3,2
C0116,28,543,802943,Parvathipuram (M),013071, Marathi,5,3,2,0,0,0,5,3,2
C0116,28,543,802943,Parvathipuram (M),014000,14 NEPALI ,1,1,0,0,0,0,1,1,0
C0116,28,543,802943,Parvathipuram (M),014011, Nepali,1,1,0,0,0,0,1,1,0
C0116,28,543,802943,Parvathipuram (M),015000,15 ODIA ,1773,882,891,0,0,0,1773,882,891
C0116,28,543,802943,Parvathipuram (M),015043, Odia,1118,565,553,0,0,0,1118,565,553
C0116,28,543,802943,Parvathipuram (M),015055, Relli,413,203,210,0,0,0,413,203,210
C0116,28,543,802943,Parvathipuram (M),015999,15 Others,242,114,128,0,0,0,242,114,128
C0116,28,543,802943,Parvathipuram (M),016000,16 PUNJABI ,5,5,0,0,0,0,5,5,0
C0116,28,543,802943,Parvathipuram (M),016038, Punjabi,5,5,0,0,0,0,5,5,0
C0116,28,543,802943,Parvathipuram (M),018000,18 SANTALI ,4,2,2,0,0,0,4,2,2
C0116,28,543,802943,Parvathipuram (M),018040, Santali,4,2,2,0,0,0,4,2,2
C0116,28,543,802943,Parvathipuram (M),020000,20 TAMIL ,42,21,21,0,0,0,42,21,21
C0116,28,543,802943,Parvathipuram (M),020027, Tamil,33,15,18,0,0,0,33,15,18
C0116,28,543,802943,Parvathipuram (M),020029, Yerukala/Yerukula,9,6,3,0,0,0,9,6,3
C0116,28,543,802943,Parvathipuram (M),021000,21 TELUGU ,51126,25375,25751,0,0,0,51126,25375,25751
C0116,28,543,802943,Parvathipuram (M),021046, Telugu,51126,25375,25751,0,0,0,51126,25375,25751
C0116,28,543,802943,Parvathipuram (M),022000,22 URDU,363,187,176,0,0,0,363,187,176
C0116,28,543,802943,Parvathipuram (M),022015, Urdu,363,187,176,0,0,0,363,187,176
C0116,28,543,802943,Parvathipuram (M),040000,40 ENGLISH ,1,0,1,0,0,0,1,0,1
C0116,28,543,802943,Parvathipuram (M),040001, English,1,0,1,0,0,0,1,0,1
C0116,28,543,802943,Parvathipuram (M),049000,49 JATAPU ,43,23,20,0,0,0,43,23,20
C0116,28,543,802943,Parvathipuram (M),049002, Jatapu,43,23,20,0,0,0,43,23,20
C0116,28,543,802943,Parvathipuram (M),065000,65 KONDA,1,1,0,0,0,0,1,1,0
C0116,28,543,802943,Parvathipuram (M),065003, Konda,1,1,0,0,0,0,1,1,0
C0116,28,543,802943,Parvathipuram (M),106000,106 SAVARA,54,33,21,0,0,0,54,33,21
C0116,28,543,802943,Parvathipuram (M),106004, Savara,54,33,21,0,0,0,54,33,21
C0116,28,543,802944,Bobbili (M),002000,2 BENGALI ,15,12,3,0,0,0,15,12,3
C0116,28,543,802944,Bobbili (M),002007, Bengali,15,12,3,0,0,0,15,12,3
C0116,28,543,802944,Bobbili (M),005000,5 GUJARATI,32,14,18,0,0,0,32,14,18
C0116,28,543,802944,Bobbili (M),005018, Gujarati,32,14,18,0,0,0,32,14,18
C0116,28,543,802944,Bobbili (M),006000,6 HINDI ,288,165,123,0,0,0,288,165,123
C0116,28,543,802944,Bobbili (M),006102, Bhojpuri,5,4,1,0,0,0,5,4,1
C0116,28,543,802944,Bobbili (M),006240, Hindi,271,155,116,0,0,0,271,155,116
C0116,28,543,802944,Bobbili (M),006400, Marwari,4,1,3,0,0,0,4,1,3
C0116,28,543,802944,Bobbili (M),006489, Rajasthani,8,5,3,0,0,0,8,5,3
C0116,28,543,802944,Bobbili (M),007000,7 KANNADA,17,8,9,0,0,0,17,8,9
C0116,28,543,802944,Bobbili (M),007016, Kannada,17,8,9,0,0,0,17,8,9
C0116,28,543,802944,Bobbili (M),011000,11 MALAYALAM,29,14,15,0,0,0,29,14,15
C0116,28,543,802944,Bobbili (M),011016, Malayalam,29,14,15,0,0,0,29,14,15
C0116,28,543,802944,Bobbili (M),013000,13 MARATHI ,16,7,9,0,0,0,16,7,9
C0116,28,543,802944,Bobbili (M),013071, Marathi,16,7,9,0,0,0,16,7,9
C0116,28,543,802944,Bobbili (M),015000,15 ODIA ,98,40,58,0,0,0,98,40,58
C0116,28,543,802944,Bobbili (M),015043, Odia,98,40,58,0,0,0,98,40,58
C0116,28,543,802944,Bobbili (M),019000,19 SINDHI,3,2,1,0,0,0,3,2,1
C0116,28,543,802944,Bobbili (M),019014, Sindhi,3,2,1,0,0,0,3,2,1
C0116,28,543,802944,Bobbili (M),020000,20 TAMIL ,41,20,21,0,0,0,41,20,21
C0116,28,543,802944,Bobbili (M),020027, Tamil,28,14,14,0,0,0,28,14,14
C0116,28,543,802944,Bobbili (M),020029, Yerukala/Yerukula,13,6,7,0,0,0,13,6,7
C0116,28,543,802944,Bobbili (M),021000,21 TELUGU ,55729,27725,28004,0,0,0,55729,27725,28004
C0116,28,543,802944,Bobbili (M),021046, Telugu,55729,27725,28004,0,0,0,55729,27725,28004
C0116,28,543,802944,Bobbili (M),022000,22 URDU,543,274,269,0,0,0,543,274,269
C0116,28,543,802944,Bobbili (M),022015, Urdu,543,274,269,0,0,0,543,274,269
C0116,28,543,802944,Bobbili (M),040000,40 ENGLISH ,8,4,4,0,0,0,8,4,4
C0116,28,543,802944,Bobbili (M),040001, English,8,4,4,0,0,0,8,4,4
C0116,28,543,802945,Salur (M),002000,2 BENGALI ,2,1,1,0,0,0,2,1,1
C0116,28,543,802945,Salur (M),002007, Bengali,2,1,1,0,0,0,2,1,1
C0116,28,543,802945,Salur (M),005000,5 GUJARATI,32,15,17,0,0,0,32,15,17
C0116,28,543,802945,Salur (M),005018, Gujarati,30,15,15,0,0,0,30,15,15
C0116,28,543,802945,Salur (M),005999,5 Others,2,0,2,0,0,0,2,0,2
C0116,28,543,802945,Salur (M),006000,6 HINDI ,144,79,65,0,0,0,144,79,65
C0116,28,543,802945,Salur (M),006102, Bhojpuri,5,3,2,0,0,0,5,3,2
C0116,28,543,802945,Salur (M),006240, Hindi,117,61,56,0,0,0,117,61,56
C0116,28,543,802945,Salur (M),006400, Marwari,8,6,2,0,0,0,8,6,2
C0116,28,543,802945,Salur (M),006489, Rajasthani,14,9,5,0,0,0,14,9,5
C0116,28,543,802945,Salur (M),007000,7 KANNADA,7,4,3,0,0,0,7,4,3
C0116,28,543,802945,Salur (M),007016, Kannada,7,4,3,0,0,0,7,4,3
C0116,28,543,802945,Salur (M),011000,11 MALAYALAM,45,20,25,0,0,0,45,20,25
C0116,28,543,802945,Salur (M),011016, Malayalam,45,20,25,0,0,0,45,20,25
C0116,28,543,802945,Salur (M),013000,13 MARATHI ,5,3,2,0,0,0,5,3,2
C0116,28,543,802945,Salur (M),013071, Marathi,5,3,2,0,0,0,5,3,2
C0116,28,543,802945,Salur (M),014000,14 NEPALI ,6,4,2,0,0,0,6,4,2
C0116,28,543,802945,Salur (M),014011, Nepali,6,4,2,0,0,0,6,4,2
C0116,28,543,802945,Salur (M),015000,15 ODIA ,779,363,416,0,0,0,779,363,416
C0116,28,543,802945,Salur (M),015043, Odia,314,151,163,0,0,0,314,151,163
C0116,28,543,802945,Salur (M),015999,15 Others,465,212,253,0,0,0,465,212,253
C0116,28,543,802945,Salur (M),019000,19 SINDHI,10,5,5,0,0,0,10,5,5
C0116,28,543,802945,Salur (M),019008, Kachchhi,10,5,5,0,0,0,10,5,5
C0116,28,543,802945,Salur (M),020000,20 TAMIL ,248,117,131,0,0,0,248,117,131
C0116,28,543,802945,Salur (M),020027, Tamil,60,28,32,0,0,0,60,28,32
C0116,28,543,802945,Salur (M),020029, Yerukala/Yerukula,188,89,99,0,0,0,188,89,99
C0116,28,543,802945,Salur (M),021000,21 TELUGU ,47636,23099,24537,0,0,0,47636,23099,24537
C0116,28,543,802945,Salur (M),021046, Telugu,47636,23099,24537,0,0,0,47636,23099,24537
C0116,28,543,802945,Salur (M),022000,22 URDU,464,254,210,0,0,0,464,254,210
C0116,28,543,802945,Salur (M),022015, Urdu,464,254,210,0,0,0,464,254,210
C0116,28,543,802945,Salur (M),040000,40 ENGLISH ,6,2,4,0,0,0,6,2,4
C0116,28,543,802945,Salur (M),040001, English,6,2,4,0,0,0,6,2,4
C0116,28,543,802945,Salur (M),049000,49 JATAPU ,5,3,2,0,0,0,5,3,2
C0116,28,543,802945,Salur (M),049002, Jatapu,5,3,2,0,0,0,5,3,2
C0116,28,543,802945,Salur (M),124000,124 OTHERS,111,52,59,0,0,0,111,52,59
C0116,28,543,802946,Vizianagaram (M + OG),002000,2 BENGALI ,149,92,57,0,0,0,149,92,57
C0116,28,543,802946,Vizianagaram (M + OG),002007, Bengali,149,92,57,0,0,0,149,92,57
C0116,28,543,802946,Vizianagaram (M + OG),003000,3 BODO ,1,0,1,0,0,0,1,0,1
C0116,28,543,802946,Vizianagaram (M + OG),003003, Kachari,1,0,1,0,0,0,1,0,1
C0116,28,543,802946,Vizianagaram (M + OG),005000,5 GUJARATI,113,52,61,0,0,0,113,52,61
C0116,28,543,802946,Vizianagaram (M + OG),005018, Gujarati,95,47,48,0,0,0,95,47,48
C0116,28,543,802946,Vizianagaram (M + OG),005999,5 Others,18,5,13,0,0,0,18,5,13
C0116,28,543,802946,Vizianagaram (M + OG),006000,6 HINDI ,2964,1573,1391,0,0,0,2964,1573,1391
C0116,28,543,802946,Vizianagaram (M + OG),006102, Bhojpuri,7,3,4,0,0,0,7,3,4
C0116,28,543,802946,Vizianagaram (M + OG),006240, Hindi,2445,1291,1154,0,0,0,2445,1291,1154
C0116,28,543,802946,Vizianagaram (M + OG),006353, Lamani/Lambadi,4,2,2,0,0,0,4,2,2
C0116,28,543,802946,Vizianagaram (M + OG),006400, Marwari,432,237,195,0,0,0,432,237,195
C0116,28,543,802946,Vizianagaram (M + OG),006489, Rajasthani,73,39,34,0,0,0,73,39,34
C0116,28,543,802946,Vizianagaram (M + OG),006999,6 Others,3,1,2,0,0,0,3,1,2
C0116,28,543,802946,Vizianagaram (M + OG),007000,7 KANNADA,39,21,18,0,0,0,39,21,18
C0116,28,543,802946,Vizianagaram (M + OG),007016, Kannada,39,21,18,0,0,0,39,21,18
C0116,28,543,802946,Vizianagaram (M + OG),009000,9 KONKANI,4,0,4,0,0,0,4,0,4
C0116,28,543,802946,Vizianagaram (M + OG),009011, Konkani,4,0,4,0,0,0,4,0,4
C0116,28,543,802946,Vizianagaram (M + OG),010000,10 MAITHILI ,2,1,1,0,0,0,2,1,1
C0116,28,543,802946,Vizianagaram (M + OG),010008, Maithili,2,1,1,0,0,0,2,1,1
C0116,28,543,802946,Vizianagaram (M + OG),011000,11 MALAYALAM,133,70,63,0,0,0,133,70,63
C0116,28,543,802946,Vizianagaram (M + OG),011016, Malayalam,133,70,63,0,0,0,133,70,63
C0116,28,543,802946,Vizianagaram (M + OG),013000,13 MARATHI ,418,221,197,0,0,0,418,221,197
C0116,28,543,802946,Vizianagaram (M + OG),013071, Marathi,418,221,197,0,0,0,418,221,197
C0116,28,543,802946,Vizianagaram (M + OG),014000,14 NEPALI ,41,20,21,0,0,0,41,20,21
C0116,28,543,802946,Vizianagaram (M + OG),014011, Nepali,41,20,21,0,0,0,41,20,21
C0116,28,543,802946,Vizianagaram (M + OG),015000,15 ODIA ,2161,1031,1130,0,0,0,2161,1031,1130
C0116,28,543,802946,Vizianagaram (M + OG),015006, Bhatri,6,3,3,0,0,0,6,3,3
C0116,28,543,802946,Vizianagaram (M + OG),015043, Odia,596,291,305,0,0,0,596,291,305
C0116,28,543,802946,Vizianagaram (M + OG),015055, Relli,1229,580,649,0,0,0,1229,580,649
C0116,28,543,802946,Vizianagaram (M + OG),015999,15 Others,330,157,173,0,0,0,330,157,173
C0116,28,543,802946,Vizianagaram (M + OG),016000,16 PUNJABI ,153,73,80,0,0,0,153,73,80
C0116,28,543,802946,Vizianagaram (M + OG),016038, Punjabi,153,73,80,0,0,0,153,73,80
C0116,28,543,802946,Vizianagaram (M + OG),017000,17 SANSKRIT ,6,4,2,0,0,0,6,4,2
C0116,28,543,802946,Vizianagaram (M + OG),017002, Sanskrit,6,4,2,0,0,0,6,4,2
C0116,28,543,802946,Vizianagaram (M + OG),019000,19 SINDHI,183,96,87,0,0,0,183,96,87
C0116,28,543,802946,Vizianagaram (M + OG),019008, Kachchhi,23,11,12,0,0,0,23,11,12
C0116,28,543,802946,Vizianagaram (M + OG),019014, Sindhi,160,85,75,0,0,0,160,85,75
C0116,28,543,802946,Vizianagaram (M + OG),020000,20 TAMIL ,323,190,133,0,0,0,323,190,133
C0116,28,543,802946,Vizianagaram (M + OG),020027, Tamil,306,181,125,0,0,0,306,181,125
C0116,28,543,802946,Vizianagaram (M + OG),020029, Yerukala/Yerukula,16,8,8,0,0,0,16,8,8
C0116,28,543,802946,Vizianagaram (M + OG),020999,20 Others,1,1,0,0,0,0,1,1,0
C0116,28,543,802946,Vizianagaram (M + OG),021000,21 TELUGU ,215951,105850,110101,0,0,0,215951,105850,110101
C0116,28,543,802946,Vizianagaram (M + OG),021046, Telugu,215951,105850,110101,0,0,0,215951,105850,110101
C0116,28,543,802946,Vizianagaram (M + OG),022000,22 URDU,6033,2972,3061,0,0,0,6033,2972,3061
C0116,28,543,802946,Vizianagaram (M + OG),022015, Urdu,6032,2972,3060,0,0,0,6032,2972,3060
C0116,28,543,802946,Vizianagaram (M + OG),022999,22 Others,1,0,1,0,0,0,1,0,1
C0116,28,543,802946,Vizianagaram (M + OG),028000,28 ARABIC/ARBI ,4,3,1,0,0,0,4,3,1
C0116,28,543,802946,Vizianagaram (M + OG),028001, Arabic/Arbi,4,3,1,0,0,0,4,3,1
C0116,28,543,802946,Vizianagaram (M + OG),040000,40 ENGLISH ,15,6,9,0,0,0,15,6,9
C0116,28,543,802946,Vizianagaram (M + OG),040001, English,15,6,9,0,0,0,15,6,9
C0116,28,543,802946,Vizianagaram (M + OG),041000,41 GADABA ,6,3,3,0,0,0,6,3,3
C0116,28,543,802946,Vizianagaram (M + OG),041001, Gadaba,6,3,3,0,0,0,6,3,3
C0116,28,543,802946,Vizianagaram (M + OG),106000,106 SAVARA,5,3,2,0,0,0,5,3,2
C0116,28,543,802946,Vizianagaram (M + OG),106004, Savara,5,3,2,0,0,0,5,3,2
C0116,28,543,802946,Vizianagaram (M + OG),124000,124 OTHERS,16,9,7,0,0,0,16,9,7
C0116,28,543,582763,Gajapathinagaram (CT),002000,2 BENGALI ,1,0,1,0,0,0,1,0,1
C0116,28,543,582763,Gajapathinagaram (CT),002007, Bengali,1,0,1,0,0,0,1,0,1
C0116,28,543,582763,Gajapathinagaram (CT),006000,6 HINDI ,12,7,5,0,0,0,12,7,5
C0116,28,543,582763,Gajapathinagaram (CT),006240, Hindi,5,2,3,0,0,0,5,2,3
C0116,28,543,582763,Gajapathinagaram (CT),006400, Marwari,6,4,2,0,0,0,6,4,2
C0116,28,543,582763,Gajapathinagaram (CT),006489, Rajasthani,1,1,0,0,0,0,1,1,0
C0116,28,543,582763,Gajapathinagaram (CT),013000,13 MARATHI ,2,1,1,0,0,0,2,1,1
C0116,28,543,582763,Gajapathinagaram (CT),013071, Marathi,2,1,1,0,0,0,2,1,1
C0116,28,543,582763,Gajapathinagaram (CT),015000,15 ODIA ,10,4,6,0,0,0,10,4,6
C0116,28,543,582763,Gajapathinagaram (CT),015043, Odia,10,4,6,0,0,0,10,4,6
C0116,28,543,582763,Gajapathinagaram (CT),021000,21 TELUGU ,5636,2822,2814,0,0,0,5636,2822,2814
C0116,28,543,582763,Gajapathinagaram (CT),021046, Telugu,5636,2822,2814,0,0,0,5636,2822,2814
C0116,28,543,582763,Gajapathinagaram (CT),022000,22 URDU,26,13,13,0,0,0,26,13,13
C0116,28,543,582763,Gajapathinagaram (CT),022015, Urdu,26,13,13,0,0,0,26,13,13
C0116,28,543,582798,Sriramnagar (CT),002000,2 BENGALI ,18,10,8,0,0,0,18,10,8
C0116,28,543,582798,Sriramnagar (CT),002007, Bengali,18,10,8,0,0,0,18,10,8
C0116,28,543,582798,Sriramnagar (CT),006000,6 HINDI ,276,150,126,0,0,0,276,150,126
C0116,28,543,582798,Sriramnagar (CT),006102, Bhojpuri,48,26,22,0,0,0,48,26,22
C0116,28,543,582798,Sriramnagar (CT),006240, Hindi,218,118,100,0,0,0,218,118,100
C0116,28,543,582798,Sriramnagar (CT),006999,6 Others,10,6,4,0,0,0,10,6,4
C0116,28,543,582798,Sriramnagar (CT),007000,7 KANNADA,2,2,0,0,0,0,2,2,0
C0116,28,543,582798,Sriramnagar (CT),007016, Kannada,2,2,0,0,0,0,2,2,0
C0116,28,543,582798,Sriramnagar (CT),010000,10 MAITHILI ,1,1,0,0,0,0,1,1,0
C0116,28,543,582798,Sriramnagar (CT),010008, Maithili,1,1,0,0,0,0,1,1,0
C0116,28,543,582798,Sriramnagar (CT),011000,11 MALAYALAM,1,1,0,0,0,0,1,1,0
C0116,28,543,582798,Sriramnagar (CT),011016, Malayalam,1,1,0,0,0,0,1,1,0
C0116,28,543,582798,Sriramnagar (CT),013000,13 MARATHI ,27,13,14,0,0,0,27,13,14
C0116,28,543,582798,Sriramnagar (CT),013071, Marathi,27,13,14,0,0,0,27,13,14
C0116,28,543,582798,Sriramnagar (CT),014000,14 NEPALI ,15,5,10,0,0,0,15,5,10
C0116,28,543,582798,Sriramnagar (CT),014011, Nepali,15,5,10,0,0,0,15,5,10
C0116,28,543,582798,Sriramnagar (CT),015000,15 ODIA ,72,34,38,0,0,0,72,34,38
C0116,28,543,582798,Sriramnagar (CT),015043, Odia,51,23,28,0,0,0,51,23,28
C0116,28,543,582798,Sriramnagar (CT),015055, Relli,21,11,10,0,0,0,21,11,10
C0116,28,543,582798,Sriramnagar (CT),016000,16 PUNJABI ,2,1,1,0,0,0,2,1,1
C0116,28,543,582798,Sriramnagar (CT),016038, Punjabi,2,1,1,0,0,0,2,1,1
C0116,28,543,582798,Sriramnagar (CT),020000,20 TAMIL ,19,12,7,0,0,0,19,12,7
C0116,28,543,582798,Sriramnagar (CT),020027, Tamil,19,12,7,0,0,0,19,12,7
C0116,28,543,582798,Sriramnagar (CT),021000,21 TELUGU ,18194,8984,9210,0,0,0,18194,8984,9210
C0116,28,543,582798,Sriramnagar (CT),021046, Telugu,18194,8984,9210,0,0,0,18194,8984,9210
C0116,28,543,582798,Sriramnagar (CT),022000,22 URDU,240,130,110,0,0,0,240,130,110
C0116,28,543,582798,Sriramnagar (CT),022015, Urdu,240,130,110,0,0,0,240,130,110
C0116,28,543,582798,Sriramnagar (CT),040000,40 ENGLISH ,4,1,3,0,0,0,4,1,3
C0116,28,543,582798,Sriramnagar (CT),040001, English,4,1,3,0,0,0,4,1,3
C0116,28,543,582798,Sriramnagar (CT),041000,41 GADABA ,4,2,2,0,0,0,4,2,2
C0116,28,543,582798,Sriramnagar (CT),041999,41 Others,4,2,2,0,0,0,4,2,2
C0116,28,543,582798,Sriramnagar (CT),065000,65 KONDA,6,5,1,0,0,0,6,5,1
C0116,28,543,582798,Sriramnagar (CT),065003, Konda,6,5,1,0,0,0,6,5,1
C0116,28,543,582798,Sriramnagar (CT),124000,124 OTHERS,12,6,6,0,0,0,12,6,6
C0116,28,543,582830,Cheepurupalle (CT),005000,5 GUJARATI,1,0,1,0,0,0,1,0,1
C0116,28,543,582830,Cheepurupalle (CT),005999,5 Others,1,0,1,0,0,0,1,0,1
C0116,28,543,582830,Cheepurupalle (CT),006000,6 HINDI ,144,81,63,0,0,0,144,81,63
C0116,28,543,582830,Cheepurupalle (CT),006240, Hindi,131,74,57,0,0,0,131,74,57
C0116,28,543,582830,Cheepurupalle (CT),006400, Marwari,9,4,5,0,0,0,9,4,5
C0116,28,543,582830,Cheepurupalle (CT),006489, Rajasthani,4,3,1,0,0,0,4,3,1
C0116,28,543,582830,Cheepurupalle (CT),007000,7 KANNADA,1,1,0,0,0,0,1,1,0
C0116,28,543,582830,Cheepurupalle (CT),007016, Kannada,1,1,0,0,0,0,1,1,0
C0116,28,543,582830,Cheepurupalle (CT),011000,11 MALAYALAM,1,0,1,0,0,0,1,0,1
C0116,28,543,582830,Cheepurupalle (CT),011016, Malayalam,1,0,1,0,0,0,1,0,1
C0116,28,543,582830,Cheepurupalle (CT),015000,15 ODIA ,8,3,5,0,0,0,8,3,5
C0116,28,543,582830,Cheepurupalle (CT),015043, Odia,8,3,5,0,0,0,8,3,5
C0116,28,543,582830,Cheepurupalle (CT),020000,20 TAMIL ,4,2,2,0,0,0,4,2,2
C0116,28,543,582830,Cheepurupalle (CT),020027, Tamil,4,2,2,0,0,0,4,2,2
C0116,28,543,582830,Cheepurupalle (CT),021000,21 TELUGU ,14627,6760,7867,0,0,0,14627,6760,7867
C0116,28,543,582830,Cheepurupalle (CT),021046, Telugu,14627,6760,7867,0,0,0,14627,6760,7867
C0116,28,543,582830,Cheepurupalle (CT),022000,22 URDU,59,30,29,0,0,0,59,30,29
C0116,28,543,582830,Cheepurupalle (CT),022015, Urdu,59,30,29,0,0,0,59,30,29
C0116,28,543,582830,Cheepurupalle (CT),040000,40 ENGLISH ,2,1,1,0,0,0,2,1,1
C0116,28,543,582830,Cheepurupalle (CT),040001, English,2,1,1,0,0,0,2,1,1
C0116,28,543,583085,Tummikapalle (CT),002000,2 BENGALI ,2,1,1,0,0,0,2,1,1
C0116,28,543,583085,Tummikapalle (CT),002007, Bengali,2,1,1,0,0,0,2,1,1
C0116,28,543,583085,Tummikapalle (CT),005000,5 GUJARATI,4,3,1,0,0,0,4,3,1
C0116,28,543,583085,Tummikapalle (CT),005018, Gujarati,4,3,1,0,0,0,4,3,1
C0116,28,543,583085,Tummikapalle (CT),006000,6 HINDI ,16,8,8,0,0,0,16,8,8
C0116,28,543,583085,Tummikapalle (CT),006240, Hindi,16,8,8,0,0,0,16,8,8
C0116,28,543,583085,Tummikapalle (CT),013000,13 MARATHI ,5,3,2,0,0,0,5,3,2
C0116,28,543,583085,Tummikapalle (CT),013071, Marathi,5,3,2,0,0,0,5,3,2
C0116,28,543,583085,Tummikapalle (CT),015000,15 ODIA ,117,56,61,0,0,0,117,56,61
C0116,28,543,583085,Tummikapalle (CT),015043, Odia,117,56,61,0,0,0,117,56,61
C0116,28,543,583085,Tummikapalle (CT),020000,20 TAMIL ,4,2,2,0,0,0,4,2,2
C0116,28,543,583085,Tummikapalle (CT),020027, Tamil,4,2,2,0,0,0,4,2,2
C0116,28,543,583085,Tummikapalle (CT),021000,21 TELUGU ,4744,2378,2366,0,0,0,4744,2378,2366
C0116,28,543,583085,Tummikapalle (CT),021046, Telugu,4744,2378,2366,0,0,0,4744,2378,2366
C0116,28,543,583085,Tummikapalle (CT),022000,22 URDU,19,10,9,0,0,0,19,10,9
C0116,28,543,583085,Tummikapalle (CT),022015, Urdu,19,10,9,0,0,0,19,10,9
C0116,28,543,583086,Kothavalasa (CT),002000,2 BENGALI ,5,2,3,0,0,0,5,2,3
C0116,28,543,583086,Kothavalasa (CT),002007, Bengali,5,2,3,0,0,0,5,2,3
C0116,28,543,583086,Kothavalasa (CT),005000,5 GUJARATI,5,3,2,0,0,0,5,3,2
C0116,28,543,583086,Kothavalasa (CT),005999,5 Others,5,3,2,0,0,0,5,3,2
C0116,28,543,583086,Kothavalasa (CT),006000,6 HINDI ,173,95,78,0,0,0,173,95,78
C0116,28,543,583086,Kothavalasa (CT),006102, Bhojpuri,2,1,1,0,0,0,2,1,1
C0116,28,543,583086,Kothavalasa (CT),006240, Hindi,138,78,60,0,0,0,138,78,60
C0116,28,543,583086,Kothavalasa (CT),006489, Rajasthani,27,14,13,0,0,0,27,14,13
C0116,28,543,583086,Kothavalasa (CT),006999,6 Others,6,2,4,0,0,0,6,2,4
C0116,28,543,583086,Kothavalasa (CT),007000,7 KANNADA,2,2,0,0,0,0,2,2,0
C0116,28,543,583086,Kothavalasa (CT),007016, Kannada,2,2,0,0,0,0,2,2,0
C0116,28,543,583086,Kothavalasa (CT),011000,11 MALAYALAM,4,2,2,0,0,0,4,2,2
C0116,28,543,583086,Kothavalasa (CT),011016, Malayalam,4,2,2,0,0,0,4,2,2
C0116,28,543,583086,Kothavalasa (CT),013000,13 MARATHI ,6,5,1,0,0,0,6,5,1
C0116,28,543,583086,Kothavalasa (CT),013071, Marathi,6,5,1,0,0,0,6,5,1
C0116,28,543,583086,Kothavalasa (CT),015000,15 ODIA ,80,40,40,0,0,0,80,40,40
C0116,28,543,583086,Kothavalasa (CT),015043, Odia,80,40,40,0,0,0,80,40,40
C0116,28,543,583086,Kothavalasa (CT),020000,20 TAMIL ,43,22,21,0,0,0,43,22,21
C0116,28,543,583086,Kothavalasa (CT),020027, Tamil,43,22,21,0,0,0,43,22,21
C0116,28,543,583086,Kothavalasa (CT),021000,21 TELUGU ,13883,6780,7103,0,0,0,13883,6780,7103
C0116,28,543,583086,Kothavalasa (CT),021046, Telugu,13883,6780,7103,0,0,0,13883,6780,7103
C0116,28,543,583086,Kothavalasa (CT),022000,22 URDU,117,62,55,0,0,0,117,62,55
C0116,28,543,583086,Kothavalasa (CT),022015, Urdu,117,62,55,0,0,0,117,62,55
C0116,28,543,583086,Kothavalasa (CT),124000,124 OTHERS,3,2,1,0,0,0,3,2,1
C0116,28,543,583130,Kanapaka (CT),001000,1 ASSAMESE,1,1,0,0,0,0,1,1,0
C0116,28,543,583130,Kanapaka (CT),001002, Assamese,1,1,0,0,0,0,1,1,0
C0116,28,543,583130,Kanapaka (CT),006000,6 HINDI ,2,0,2,0,0,0,2,0,2
C0116,28,543,583130,Kanapaka (CT),006240, Hindi,2,0,2,0,0,0,2,0,2
C0116,28,543,583130,Kanapaka (CT),015000,15 ODIA ,1,1,0,0,0,0,1,1,0
C0116,28,543,583130,Kanapaka (CT),015043, Odia,1,1,0,0,0,0,1,1,0
C0116,28,543,583130,Kanapaka (CT),021000,21 TELUGU ,5946,2902,3044,0,0,0,5946,2902,3044
C0116,28,543,583130,Kanapaka (CT),021046, Telugu,5946,2902,3044,0,0,0,5946,2902,3044
C0116,28,543,583130,Kanapaka (CT),022000,22 URDU,10,5,5,0,0,0,10,5,5
C0116,28,543,583130,Kanapaka (CT),022015, Urdu,10,5,5,0,0,0,10,5,5
C0116,28,543,583131,Malicherla (CT),002000,2 BENGALI ,4,3,1,0,0,0,4,3,1
C0116,28,543,583131,Malicherla (CT),002007, Bengali,4,3,1,0,0,0,4,3,1
C0116,28,543,583131,Malicherla (CT),006000,6 HINDI ,79,47,32,0,0,0,79,47,32
C0116,28,543,583131,Malicherla (CT),006240, Hindi,79,47,32,0,0,0,79,47,32
C0116,28,543,583131,Malicherla (CT),011000,11 MALAYALAM,5,4,1,0,0,0,5,4,1
C0116,28,543,583131,Malicherla (CT),011016, Malayalam,5,4,1,0,0,0,5,4,1
C0116,28,543,583131,Malicherla (CT),013000,13 MARATHI ,2,0,2,0,0,0,2,0,2
C0116,28,543,583131,Malicherla (CT),013071, Marathi,2,0,2,0,0,0,2,0,2
C0116,28,543,583131,Malicherla (CT),015000,15 ODIA ,17,8,9,0,0,0,17,8,9
C0116,28,543,583131,Malicherla (CT),015043, Odia,17,8,9,0,0,0,17,8,9
C0116,28,543,583131,Malicherla (CT),020000,20 TAMIL ,15,5,10,0,0,0,15,5,10
C0116,28,543,583131,Malicherla (CT),020027, Tamil,15,5,10,0,0,0,15,5,10
C0116,28,543,583131,Malicherla (CT),021000,21 TELUGU ,5107,2529,2578,0,0,0,5107,2529,2578
C0116,28,543,583131,Malicherla (CT),021046, Telugu,5107,2529,2578,0,0,0,5107,2529,2578
C0116,28,543,583163,Jarjapupeta (CT),015000,15 ODIA ,1,0,1,0,0,0,1,0,1
C0116,28,543,583163,Jarjapupeta (CT),015043, Odia,1,0,1,0,0,0,1,0,1
C0116,28,543,583163,Jarjapupeta (CT),021000,21 TELUGU ,5760,2922,2838,0,0,0,5760,2922,2838
C0116,28,543,583163,Jarjapupeta (CT),021046, Telugu,5760,2922,2838,0,0,0,5760,2922,2838
C0116,28,543,583164,Nellimarla (CT),002000,2 BENGALI ,10,6,4,0,0,0,10,6,4
C0116,28,543,583164,Nellimarla (CT),002007, Bengali,10,6,4,0,0,0,10,6,4
C0116,28,543,583164,Nellimarla (CT),006000,6 HINDI ,79,38,41,0,0,0,79,38,41
C0116,28,543,583164,Nellimarla (CT),006240, Hindi,79,38,41,0,0,0,79,38,41
C0116,28,543,583164,Nellimarla (CT),010000,10 MAITHILI ,8,5,3,0,0,0,8,5,3
C0116,28,543,583164,Nellimarla (CT),010008, Maithili,8,5,3,0,0,0,8,5,3
C0116,28,543,583164,Nellimarla (CT),011000,11 MALAYALAM,6,2,4,0,0,0,6,2,4
C0116,28,543,583164,Nellimarla (CT),011016, Malayalam,6,2,4,0,0,0,6,2,4
C0116,28,543,583164,Nellimarla (CT),012000,12 MANIPURI ,6,0,6,0,0,0,6,0,6
C0116,28,543,583164,Nellimarla (CT),012003, Manipuri,6,0,6,0,0,0,6,0,6
C0116,28,543,583164,Nellimarla (CT),013000,13 MARATHI ,7,5,2,0,0,0,7,5,2
C0116,28,543,583164,Nellimarla (CT),013071, Marathi,7,5,2,0,0,0,7,5,2
C0116,28,543,583164,Nellimarla (CT),015000,15 ODIA ,28,16,12,0,0,0,28,16,12
C0116,28,543,583164,Nellimarla (CT),015043, Odia,28,16,12,0,0,0,28,16,12
C0116,28,543,583164,Nellimarla (CT),020000,20 TAMIL ,12,6,6,0,0,0,12,6,6
C0116,28,543,583164,Nellimarla (CT),020027, Tamil,12,6,6,0,0,0,12,6,6
C0116,28,543,583164,Nellimarla (CT),021000,21 TELUGU ,20238,9546,10692,0,0,0,20238,9546,10692
C0116,28,543,583164,Nellimarla (CT),021046, Telugu,20238,9546,10692,0,0,0,20238,9546,10692
C0116,28,543,583164,Nellimarla (CT),022000,22 URDU,99,51,48,0,0,0,99,51,48
C0116,28,543,583164,Nellimarla (CT),022015, Urdu,99,51,48,0,0,0,99,51,48
C0116,28,543,583164,Nellimarla (CT),040000,40 ENGLISH ,5,2,3,0,0,0,5,2,3
C0116,28,543,583164,Nellimarla (CT),040001, English,5,2,3,0,0,0,5,2,3
C0116,28,543,583229,Chintalavalasa (CT),006000,6 HINDI ,2,1,1,0,0,0,2,1,1
C0116,28,543,583229,Chintalavalasa (CT),006240, Hindi,2,1,1,0,0,0,2,1,1
C0116,28,543,583229,Chintalavalasa (CT),013000,13 MARATHI ,2,1,1,0,0,0,2,1,1
C0116,28,543,583229,Chintalavalasa (CT),013071, Marathi,2,1,1,0,0,0,2,1,1
C0116,28,543,583229,Chintalavalasa (CT),015000,15 ODIA ,11,5,6,0,0,0,11,5,6
C0116,28,543,583229,Chintalavalasa (CT),015043, Odia,11,5,6,0,0,0,11,5,6
C0116,28,543,583229,Chintalavalasa (CT),021000,21 TELUGU ,5902,2971,2931,0,0,0,5902,2971,2931
C0116,28,543,583229,Chintalavalasa (CT),021046, Telugu,5902,2971,2931,0,0,0,5902,2971,2931
C0116,28,543,583229,Chintalavalasa (CT),022000,22 URDU,4,2,2,0,0,0,4,2,2
C0116,28,543,583229,Chintalavalasa (CT),022015, Urdu,4,2,2,0,0,0,4,2,2
C0116,28,544,000000,Visakhapatnam,001000,1 ASSAMESE,378,246,132,0,0,0,378,246,132
C0116,28,544,000000,Visakhapatnam,001002, Assamese,375,244,131,0,0,0,375,244,131
C0116,28,544,000000,Visakhapatnam,001999,1 Others,3,2,1,0,0,0,3,2,1
C0116,28,544,000000,Visakhapatnam,002000,2 BENGALI ,6284,3348,2936,0,0,0,6284,3348,2936
C0116,28,544,000000,Visakhapatnam,002007, Bengali,6283,3347,2936,0,0,0,6283,3347,2936
C0116,28,544,000000,Visakhapatnam,002999,2 Others,1,1,0,0,0,0,1,1,0
C0116,28,544,000000,Visakhapatnam,003000,3 BODO ,463,218,245,0,0,0,463,218,245
C0116,28,544,000000,Visakhapatnam,003001, Bodo/Boro,31,10,21,0,0,0,31,10,21
C0116,28,544,000000,Visakhapatnam,003003, Kachari,432,208,224,0,0,0,432,208,224
C0116,28,544,000000,Visakhapatnam,004000,4 DOGRI ,101,71,30,0,0,0,101,71,30
C0116,28,544,000000,Visakhapatnam,004001, Dogri,101,71,30,0,0,0,101,71,30
C0116,28,544,000000,Visakhapatnam,005000,5 GUJARATI,2065,1081,984,0,0,0,2065,1081,984
C0116,28,544,000000,Visakhapatnam,005018, Gujarati,1935,1019,916,0,0,0,1935,1019,916
C0116,28,544,000000,Visakhapatnam,005057, Saurashtra/Saurashtri,5,3,2,0,0,0,5,3,2
C0116,28,544,000000,Visakhapatnam,005999,5 Others,125,59,66,0,0,0,125,59,66
C0116,28,544,000000,Visakhapatnam,006000,6 HINDI ,43853,24791,19062,0,0,0,43853,24791,19062
C0116,28,544,000000,Visakhapatnam,006030, Awadhi,32,19,13,0,0,0,32,19,13
C0116,28,544,000000,Visakhapatnam,006040, Baghati/Baghati Pahari,2,2,0,0,0,0,2,2,0
C0116,28,544,000000,Visakhapatnam,006066, Banjari,17,9,8,0,0,0,17,9,8
C0116,28,544,000000,Visakhapatnam,006096, Bharmauri/Gaddi,1,1,0,0,0,0,1,1,0
C0116,28,544,000000,Visakhapatnam,006102, Bhojpuri,1215,646,569,0,0,0,1215,646,569
C0116,28,544,000000,Visakhapatnam,006123, Brajbhasha,1,1,0,0,0,0,1,1,0
C0116,28,544,000000,Visakhapatnam,006125, Bundeli/Bundel khandi,2,1,1,0,0,0,2,1,1
C0116,28,544,000000,Visakhapatnam,006133, Chambeali/Chamrali,2,1,1,0,0,0,2,1,1
C0116,28,544,000000,Visakhapatnam,006142, Chhattisgarhi,13,3,10,0,0,0,13,3,10
C0116,28,544,000000,Visakhapatnam,006173, Dhundhari,9,3,6,0,0,0,9,3,6
C0116,28,544,000000,Visakhapatnam,006195, Garhwali,43,28,15,0,0,0,43,28,15
C0116,28,544,000000,Visakhapatnam,006207, Gojri/Gujjari/Gujar,1,0,1,0,0,0,1,0,1
C0116,28,544,000000,Visakhapatnam,006235, Haryanvi,157,88,69,0,0,0,157,88,69
C0116,28,544,000000,Visakhapatnam,006240, Hindi,39200,22353,16847,0,0,0,39200,22353,16847
C0116,28,544,000000,Visakhapatnam,006291, Kangri,4,3,1,0,0,0,4,3,1
C0116,28,544,000000,Visakhapatnam,006320, Khortha/Khotta,1,1,0,0,0,0,1,1,0
C0116,28,544,000000,Visakhapatnam,006340, Kumauni,38,22,16,0,0,0,38,22,16
C0116,28,544,000000,Visakhapatnam,006353, Lamani/Lambadi,133,75,58,0,0,0,133,75,58
C0116,28,544,000000,Visakhapatnam,006376, Magadhi/Magahi,76,39,37,0,0,0,76,39,37
C0116,28,544,000000,Visakhapatnam,006400, Marwari,1828,908,920,0,0,0,1828,908,920
C0116,28,544,000000,Visakhapatnam,006420, Nagpuria,3,1,2,0,0,0,3,1,2
C0116,28,544,000000,Visakhapatnam,006439, Pahari,88,47,41,0,0,0,88,47,41
C0116,28,544,000000,Visakhapatnam,006489, Rajasthani,527,290,237,0,0,0,527,290,237
C0116,28,544,000000,Visakhapatnam,006503, Sadan/Sadri,29,14,15,0,0,0,29,14,15
C0116,28,544,000000,Visakhapatnam,006541, Sugali,32,13,19,0,0,0,32,13,19
C0116,28,544,000000,Visakhapatnam,006547, Surgujia,1,1,0,0,0,0,1,1,0
C0116,28,544,000000,Visakhapatnam,006999,6 Others,398,222,176,0,0,0,398,222,176
C0116,28,544,000000,Visakhapatnam,007000,7 KANNADA,1075,605,470,0,0,0,1075,605,470
C0116,28,544,000000,Visakhapatnam,007016, Kannada,1069,602,467,0,0,0,1069,602,467
C0116,28,544,000000,Visakhapatnam,007999,7 Others,6,3,3,0,0,0,6,3,3
C0116,28,544,000000,Visakhapatnam,008000,8 KASHMIRI ,29,21,8,0,0,0,29,21,8
C0116,28,544,000000,Visakhapatnam,008005, Kashmiri,29,21,8,0,0,0,29,21,8
C0116,28,544,000000,Visakhapatnam,009000,9 KONKANI,78,43,35,0,0,0,78,43,35
C0116,28,544,000000,Visakhapatnam,009011, Konkani,78,43,35,0,0,0,78,43,35
C0116,28,544,000000,Visakhapatnam,010000,10 MAITHILI ,230,113,117,0,0,0,230,113,117
C0116,28,544,000000,Visakhapatnam,010008, Maithili,230,113,117,0,0,0,230,113,117
C0116,28,544,000000,Visakhapatnam,011000,11 MALAYALAM,6524,3367,3157,0,0,0,6524,3367,3157
C0116,28,544,000000,Visakhapatnam,011016, Malayalam,6524,3367,3157,0,0,0,6524,3367,3157
C0116,28,544,000000,Visakhapatnam,012000,12 MANIPURI ,160,83,77,0,0,0,160,83,77
C0116,28,544,000000,Visakhapatnam,012003, Manipuri,160,83,77,0,0,0,160,83,77
C0116,28,544,000000,Visakhapatnam,013000,13 MARATHI ,2151,1184,967,0,0,0,2151,1184,967
C0116,28,544,000000,Visakhapatnam,013004, Are,5,4,1,0,0,0,5,4,1
C0116,28,544,000000,Visakhapatnam,013060, Koli,5,2,3,0,0,0,5,2,3
C0116,28,544,000000,Visakhapatnam,013071, Marathi,2135,1173,962,0,0,0,2135,1173,962
C0116,28,544,000000,Visakhapatnam,013999,13 Others,6,5,1,0,0,0,6,5,1
C0116,28,544,000000,Visakhapatnam,014000,14 NEPALI ,575,318,257,0,0,0,575,318,257
C0116,28,544,000000,Visakhapatnam,014011, Nepali,573,318,255,0,0,0,573,318,255
C0116,28,544,000000,Visakhapatnam,014999,14 Others,2,0,2,0,0,0,2,0,2
C0116,28,544,000000,Visakhapatnam,015000,15 ODIA ,20132,10668,9464,0,0,0,20132,10668,9464
C0116,28,544,000000,Visakhapatnam,015006, Bhatri,1,0,1,0,0,0,1,0,1
C0116,28,544,000000,Visakhapatnam,015043, Odia,18118,9675,8443,0,0,0,18118,9675,8443
C0116,28,544,000000,Visakhapatnam,015055, Relli,1462,719,743,0,0,0,1462,719,743
C0116,28,544,000000,Visakhapatnam,015999,15 Others,551,274,277,0,0,0,551,274,277
C0116,28,544,000000,Visakhapatnam,016000,16 PUNJABI ,1916,1037,879,0,0,0,1916,1037,879
C0116,28,544,000000,Visakhapatnam,016038, Punjabi,1916,1037,879,0,0,0,1916,1037,879
C0116,28,544,000000,Visakhapatnam,017000,17 SANSKRIT ,8,5,3,0,0,0,8,5,3
C0116,28,544,000000,Visakhapatnam,017002, Sanskrit,8,5,3,0,0,0,8,5,3
C0116,28,544,000000,Visakhapatnam,018000,18 SANTALI ,65,34,31,0,0,0,65,34,31
C0116,28,544,000000,Visakhapatnam,018040, Santali,65,34,31,0,0,0,65,34,31
C0116,28,544,000000,Visakhapatnam,019000,19 SINDHI,578,271,307,0,0,0,578,271,307
C0116,28,544,000000,Visakhapatnam,019014, Sindhi,578,271,307,0,0,0,578,271,307
C0116,28,544,000000,Visakhapatnam,020000,20 TAMIL ,6777,3627,3150,0,0,0,6777,3627,3150
C0116,28,544,000000,Visakhapatnam,020027, Tamil,6715,3597,3118,0,0,0,6715,3597,3118
C0116,28,544,000000,Visakhapatnam,020029, Yerukala/Yerukula,56,27,29,0,0,0,56,27,29
C0116,28,544,000000,Visakhapatnam,020999,20 Others,6,3,3,0,0,0,6,3,3
C0116,28,544,000000,Visakhapatnam,021000,21 TELUGU ,1887764,946111,941653,0,0,0,1887764,946111,941653
C0116,28,544,000000,Visakhapatnam,021046, Telugu,1887746,946098,941648,0,0,0,1887746,946098,941648
C0116,28,544,000000,Visakhapatnam,021999,21 Others,18,13,5,0,0,0,18,13,5
C0116,28,544,000000,Visakhapatnam,022000,22 URDU,51394,26356,25038,0,0,0,51394,26356,25038
C0116,28,544,000000,Visakhapatnam,022015, Urdu,51346,26323,25023,0,0,0,51346,26323,25023
C0116,28,544,000000,Visakhapatnam,022999,22 Others,48,33,15,0,0,0,48,33,15
C0116,28,544,000000,Visakhapatnam,026000,26 ANGAMI ,2,2,0,0,0,0,2,2,0
C0116,28,544,000000,Visakhapatnam,026002, Angami,2,2,0,0,0,0,2,2,0
C0116,28,544,000000,Visakhapatnam,028000,28 ARABIC/ARBI ,35,17,18,0,0,0,35,17,18
C0116,28,544,000000,Visakhapatnam,028001, Arabic/Arbi,35,17,18,0,0,0,35,17,18
C0116,28,544,000000,Visakhapatnam,030000,30 BHILI/BHILODI ,25,12,13,0,0,0,25,12,13
C0116,28,544,000000,Visakhapatnam,030035, Kokna/Kokni/Kukna,24,11,13,0,0,0,24,11,13
C0116,28,544,000000,Visakhapatnam,030999,30 Others,1,1,0,0,0,0,1,1,0
C0116,28,544,000000,Visakhapatnam,031000,31 BHOTIA ,1,1,0,0,0,0,1,1,0
C0116,28,544,000000,Visakhapatnam,031999,31 Others,1,1,0,0,0,0,1,1,0
C0116,28,544,000000,Visakhapatnam,037000,37 COORGI/KODAGU ,7,2,5,0,0,0,7,2,5
C0116,28,544,000000,Visakhapatnam,037001, Coorgi/Kodagu,7,2,5,0,0,0,7,2,5
C0116,28,544,000000,Visakhapatnam,039000,39 DIMASA ,2,2,0,0,0,0,2,2,0
C0116,28,544,000000,Visakhapatnam,039002, Dimasa,2,2,0,0,0,0,2,2,0
C0116,28,544,000000,Visakhapatnam,040000,40 ENGLISH ,1277,657,620,0,0,0,1277,657,620
C0116,28,544,000000,Visakhapatnam,040001, English,1277,657,620,0,0,0,1277,657,620
C0116,28,544,000000,Visakhapatnam,041000,41 GADABA ,41,29,12,0,0,0,41,29,12
C0116,28,544,000000,Visakhapatnam,041001, Gadaba,41,29,12,0,0,0,41,29,12
C0116,28,544,000000,Visakhapatnam,043000,43 GARO ,6,3,3,0,0,0,6,3,3
C0116,28,544,000000,Visakhapatnam,043005, Garo,6,3,3,0,0,0,6,3,3
C0116,28,544,000000,Visakhapatnam,044000,44 GONDI,2,1,1,0,0,0,2,1,1
C0116,28,544,000000,Visakhapatnam,044017, Maria/ Muria,2,1,1,0,0,0,2,1,1
C0116,28,544,000000,Visakhapatnam,047000,47 HMAR,3,2,1,0,0,0,3,2,1
C0116,28,544,000000,Visakhapatnam,047001, Hmar,3,2,1,0,0,0,3,2,1
C0116,28,544,000000,Visakhapatnam,048000,48 HO,12,8,4,0,0,0,12,8,4
C0116,28,544,000000,Visakhapatnam,048004, Ho,12,8,4,0,0,0,12,8,4
C0116,28,544,000000,Visakhapatnam,054000,54 KHARIA ,4,2,2,0,0,0,4,2,2
C0116,28,544,000000,Visakhapatnam,054005, Kharia,4,2,2,0,0,0,4,2,2
C0116,28,544,000000,Visakhapatnam,055000,55 KHASI ,6,4,2,0,0,0,6,4,2
C0116,28,544,000000,Visakhapatnam,055007, Khasi,4,2,2,0,0,0,4,2,2
C0116,28,544,000000,Visakhapatnam,055012, Pnar/Synteng,2,2,0,0,0,0,2,2,0
C0116,28,544,000000,Visakhapatnam,058000,58 KHOND/KONDH ,68,41,27,0,0,0,68,41,27
C0116,28,544,000000,Visakhapatnam,058001, Khond/Kondh,44,27,17,0,0,0,44,27,17
C0116,28,544,000000,Visakhapatnam,058006, Kuvi,24,14,10,0,0,0,24,14,10
C0116,28,544,000000,Visakhapatnam,059000,59 KINNAURI ,1,0,1,0,0,0,1,0,1
C0116,28,544,000000,Visakhapatnam,059999,59 Others,1,0,1,0,0,0,1,0,1
C0116,28,544,000000,Visakhapatnam,065000,65 KONDA,1110,906,204,0,0,0,1110,906,204
C0116,28,544,000000,Visakhapatnam,065002, Kodu,1055,855,200,0,0,0,1055,855,200
C0116,28,544,000000,Visakhapatnam,065003, Konda,42,40,2,0,0,0,42,40,2
C0116,28,544,000000,Visakhapatnam,065999,65 Others ,13,11,2,0,0,0,13,11,2
C0116,28,544,000000,Visakhapatnam,069000,69 KOYA ,51,24,27,0,0,0,51,24,27
C0116,28,544,000000,Visakhapatnam,069002, Koya,51,24,27,0,0,0,51,24,27
C0116,28,544,000000,Visakhapatnam,070000,70 KUI ,10,6,4,0,0,0,10,6,4
C0116,28,544,000000,Visakhapatnam,070001, Kui,10,6,4,0,0,0,10,6,4
C0116,28,544,000000,Visakhapatnam,071000,71 KUKI,5,3,2,0,0,0,5,3,2
C0116,28,544,000000,Visakhapatnam,071008, Kuki,5,3,2,0,0,0,5,3,2
C0116,28,544,000000,Visakhapatnam,072000,72 KURUKH/ORAON ,17,9,8,0,0,0,17,9,8
C0116,28,544,000000,Visakhapatnam,072024, Kurukh/Oraon,17,9,8,0,0,0,17,9,8
C0116,28,544,000000,Visakhapatnam,073000,73 LADAKHI ,1,1,0,0,0,0,1,1,0
C0116,28,544,000000,Visakhapatnam,073003, Ladakhi,1,1,0,0,0,0,1,1,0
C0116,28,544,000000,Visakhapatnam,076000,76 LAKHER,1,1,0,0,0,0,1,1,0
C0116,28,544,000000,Visakhapatnam,076002, Mara,1,1,0,0,0,0,1,1,0
C0116,28,544,000000,Visakhapatnam,082000,82 LUSHAI/MIZO ,22,17,5,0,0,0,22,17,5
C0116,28,544,000000,Visakhapatnam,082005, Lushai/Mizo,22,17,5,0,0,0,22,17,5
C0116,28,544,000000,Visakhapatnam,084000,84 MAO,6,3,3,0,0,0,6,3,3
C0116,28,544,000000,Visakhapatnam,084001, Mao,2,1,1,0,0,0,2,1,1
C0116,28,544,000000,Visakhapatnam,084999,84 Others ,4,2,2,0,0,0,4,2,2
C0116,28,544,000000,Visakhapatnam,091000,91 MUNDA,39,18,21,0,0,0,39,18,21
C0116,28,544,000000,Visakhapatnam,091009, Munda,32,14,18,0,0,0,32,14,18
C0116,28,544,000000,Visakhapatnam,091999,91 Others ,7,4,3,0,0,0,7,4,3
C0116,28,544,000000,Visakhapatnam,092000,92 MUNDARI ,23,15,8,0,0,0,23,15,8
C0116,28,544,000000,Visakhapatnam,092005, Mundari,23,15,8,0,0,0,23,15,8
C0116,28,544,000000,Visakhapatnam,093000,93 NICOBARESE ,5,4,1,0,0,0,5,4,1
C0116,28,544,000000,Visakhapatnam,093001, Nicobarese,5,4,1,0,0,0,5,4,1
C0116,28,544,000000,Visakhapatnam,094000,94 NISSI/DAFLA ,2,0,2,0,0,0,2,0,2
C0116,28,544,000000,Visakhapatnam,094001, Apatani,1,0,1,0,0,0,1,0,1
C0116,28,544,000000,Visakhapatnam,094999,94 Others ,1,0,1,0,0,0,1,0,1
C0116,28,544,000000,Visakhapatnam,096000,96 PAITE,3,1,2,0,0,0,3,1,2
C0116,28,544,000000,Visakhapatnam,096002, Paite,3,1,2,0,0,0,3,1,2
C0116,28,544,000000,Visakhapatnam,097000,97 PARJI ,16,16,0,0,0,0,16,16,0
C0116,28,544,000000,Visakhapatnam,097999,97 Others ,16,16,0,0,0,0,16,16,0
C0116,28,544,000000,Visakhapatnam,106000,106 SAVARA,10,4,6,0,0,0,10,4,6
C0116,28,544,000000,Visakhapatnam,106004, Savara,10,4,6,0,0,0,10,4,6
C0116,28,544,000000,Visakhapatnam,114000,114 THADO ,1,1,0,0,0,0,1,1,0
C0116,28,544,000000,Visakhapatnam,114015, Thado,1,1,0,0,0,0,1,1,0
C0116,28,544,000000,Visakhapatnam,115000,115 TIBETAN ,3,1,2,0,0,0,3,1,2
C0116,28,544,000000,Visakhapatnam,115008, Tibetan,2,0,2,0,0,0,2,0,2
C0116,28,544,000000,Visakhapatnam,115999,115 Others,1,1,0,0,0,0,1,1,0
C0116,28,544,000000,Visakhapatnam,117000,117 TULU ,34,16,18,0,0,0,34,16,18
C0116,28,544,000000,Visakhapatnam,117009, Tulu,29,12,17,0,0,0,29,12,17
C0116,28,544,000000,Visakhapatnam,117999,117 Others ,5,4,1,0,0,0,5,4,1
C0116,28,544,000000,Visakhapatnam,124000,124 OTHERS,471,249,222,0,0,0,471,249,222
C0116,28,544,802947,GVMC (Part),001000,1 ASSAMESE,5,2,3,0,0,0,5,2,3
C0116,28,544,802947,GVMC (Part),001002, Assamese,5,2,3,0,0,0,5,2,3
C0116,28,544,802947,GVMC (Part),006000,6 HINDI ,16,7,9,0,0,0,16,7,9
C0116,28,544,802947,GVMC (Part),006240, Hindi,7,3,4,0,0,0,7,3,4
C0116,28,544,802947,GVMC (Part),006999,6 Others,9,4,5,0,0,0,9,4,5
C0116,28,544,802947,GVMC (Part),019000,19 SINDHI,4,2,2,0,0,0,4,2,2
C0116,28,544,802947,GVMC (Part),019014, Sindhi,4,2,2,0,0,0,4,2,2
C0116,28,544,802947,GVMC (Part),021000,21 TELUGU ,4550,2327,2223,0,0,0,4550,2327,2223
C0116,28,544,802947,GVMC (Part),021046, Telugu,4550,2327,2223,0,0,0,4550,2327,2223
C0116,28,544,802947,GVMC (Part),022000,22 URDU,46,23,23,0,0,0,46,23,23
C0116,28,544,802947,GVMC (Part),022015, Urdu,46,23,23,0,0,0,46,23,23
C0116,28,544,802947,GVMC (Part),002000,2 BENGALI ,84,42,42,0,0,0,84,42,42
C0116,28,544,802947,GVMC (Part),002007, Bengali,84,42,42,0,0,0,84,42,42
C0116,28,544,802947,GVMC (Part),005000,5 GUJARATI,31,17,14,0,0,0,31,17,14
C0116,28,544,802947,GVMC (Part),005018, Gujarati,28,15,13,0,0,0,28,15,13
C0116,28,544,802947,GVMC (Part),005999,5 Others,3,2,1,0,0,0,3,2,1
C0116,28,544,802947,GVMC (Part),006000,6 HINDI ,608,329,279,0,0,0,608,329,279
C0116,28,544,802947,GVMC (Part),006102, Bhojpuri,17,11,6,0,0,0,17,11,6
C0116,28,544,802947,GVMC (Part),006240, Hindi,534,287,247,0,0,0,534,287,247
C0116,28,544,802947,GVMC (Part),006353, Lamani/Lambadi,6,5,1,0,0,0,6,5,1
C0116,28,544,802947,GVMC (Part),006400, Marwari,11,5,6,0,0,0,11,5,6
C0116,28,544,802947,GVMC (Part),006489, Rajasthani,24,12,12,0,0,0,24,12,12
C0116,28,544,802947,GVMC (Part),006541, Sugali,5,2,3,0,0,0,5,2,3
C0116,28,544,802947,GVMC (Part),006999,6 Others,11,7,4,0,0,0,11,7,4
C0116,28,544,802947,GVMC (Part),007000,7 KANNADA,10,6,4,0,0,0,10,6,4
C0116,28,544,802947,GVMC (Part),007016, Kannada,10,6,4,0,0,0,10,6,4
C0116,28,544,802947,GVMC (Part),009000,9 KONKANI,3,2,1,0,0,0,3,2,1
C0116,28,544,802947,GVMC (Part),009011, Konkani,3,2,1,0,0,0,3,2,1
C0116,28,544,802947,GVMC (Part),011000,11 MALAYALAM,161,77,84,0,0,0,161,77,84
C0116,28,544,802947,GVMC (Part),011016, Malayalam,161,77,84,0,0,0,161,77,84
C0116,28,544,802947,GVMC (Part),013000,13 MARATHI ,25,13,12,0,0,0,25,13,12
C0116,28,544,802947,GVMC (Part),013071, Marathi,25,13,12,0,0,0,25,13,12
C0116,28,544,802947,GVMC (Part),014000,14 NEPALI ,72,38,34,0,0,0,72,38,34
C0116,28,544,802947,GVMC (Part),014011, Nepali,72,38,34,0,0,0,72,38,34
C0116,28,544,802947,GVMC (Part),015000,15 ODIA ,427,222,205,0,0,0,427,222,205
C0116,28,544,802947,GVMC (Part),015043, Odia,391,202,189,0,0,0,391,202,189
C0116,28,544,802947,GVMC (Part),015055, Relli,36,20,16,0,0,0,36,20,16
C0116,28,544,802947,GVMC (Part),016000,16 PUNJABI ,50,31,19,0,0,0,50,31,19
C0116,28,544,802947,GVMC (Part),016038, Punjabi,50,31,19,0,0,0,50,31,19
C0116,28,544,802947,GVMC (Part),019000,19 SINDHI,4,1,3,0,0,0,4,1,3
C0116,28,544,802947,GVMC (Part),019014, Sindhi,4,1,3,0,0,0,4,1,3
C0116,28,544,802947,GVMC (Part),020000,20 TAMIL ,256,138,118,0,0,0,256,138,118
C0116,28,544,802947,GVMC (Part),020027, Tamil,254,136,118,0,0,0,254,136,118
C0116,28,544,802947,GVMC (Part),020029, Yerukala/Yerukula,2,2,0,0,0,0,2,2,0
C0116,28,544,802947,GVMC (Part),021000,21 TELUGU ,111306,55819,55487,0,0,0,111306,55819,55487
C0116,28,544,802947,GVMC (Part),021046, Telugu,111306,55819,55487,0,0,0,111306,55819,55487
C0116,28,544,802947,GVMC (Part),022000,22 URDU,1149,592,557,0,0,0,1149,592,557
C0116,28,544,802947,GVMC (Part),022015, Urdu,1149,592,557,0,0,0,1149,592,557
C0116,28,544,802947,GVMC (Part),030000,30 BHILI/BHILODI ,11,4,7,0,0,0,11,4,7
C0116,28,544,802947,GVMC (Part),030035, Kokna/Kokni/Kukna,11,4,7,0,0,0,11,4,7
C0116,28,544,802947,GVMC (Part),040000,40 ENGLISH ,67,31,36,0,0,0,67,31,36
C0116,28,544,802947,GVMC (Part),040001, English,67,31,36,0,0,0,67,31,36
C0116,28,544,802947,GVMC (Part),124000,124 OTHERS,6,2,4,0,0,0,6,2,4
C0116,28,544,802948,Bheemunipatnam (M + OG),002000,2 BENGALI ,30,18,12,0,0,0,30,18,12
C0116,28,544,802948,Bheemunipatnam (M + OG),002007, Bengali,30,18,12,0,0,0,30,18,12
C0116,28,544,802948,Bheemunipatnam (M + OG),006000,6 HINDI ,235,128,107,0,0,0,235,128,107
C0116,28,544,802948,Bheemunipatnam (M + OG),006240, Hindi,166,90,76,0,0,0,166,90,76
C0116,28,544,802948,Bheemunipatnam (M + OG),006400, Marwari,44,26,18,0,0,0,44,26,18
C0116,28,544,802948,Bheemunipatnam (M + OG),006489, Rajasthani,24,12,12,0,0,0,24,12,12
C0116,28,544,802948,Bheemunipatnam (M + OG),006541, Sugali,1,0,1,0,0,0,1,0,1
C0116,28,544,802948,Bheemunipatnam (M + OG),007000,7 KANNADA,7,3,4,0,0,0,7,3,4
C0116,28,544,802948,Bheemunipatnam (M + OG),007016, Kannada,7,3,4,0,0,0,7,3,4
C0116,28,544,802948,Bheemunipatnam (M + OG),011000,11 MALAYALAM,56,15,41,0,0,0,56,15,41
C0116,28,544,802948,Bheemunipatnam (M + OG),011016, Malayalam,56,15,41,0,0,0,56,15,41
C0116,28,544,802948,Bheemunipatnam (M + OG),013000,13 MARATHI ,11,8,3,0,0,0,11,8,3
C0116,28,544,802948,Bheemunipatnam (M + OG),013071, Marathi,11,8,3,0,0,0,11,8,3
C0116,28,544,802948,Bheemunipatnam (M + OG),015000,15 ODIA ,98,51,47,0,0,0,98,51,47
C0116,28,544,802948,Bheemunipatnam (M + OG),015043, Odia,97,51,46,0,0,0,97,51,46
C0116,28,544,802948,Bheemunipatnam (M + OG),015055, Relli,1,0,1,0,0,0,1,0,1
C0116,28,544,802948,Bheemunipatnam (M + OG),016000,16 PUNJABI ,7,3,4,0,0,0,7,3,4
C0116,28,544,802948,Bheemunipatnam (M + OG),016038, Punjabi,7,3,4,0,0,0,7,3,4
C0116,28,544,802948,Bheemunipatnam (M + OG),020000,20 TAMIL ,44,26,18,0,0,0,44,26,18
C0116,28,544,802948,Bheemunipatnam (M + OG),020027, Tamil,44,26,18,0,0,0,44,26,18
C0116,28,544,802948,Bheemunipatnam (M + OG),021000,21 TELUGU ,54099,25953,28146,0,0,0,54099,25953,28146
C0116,28,544,802948,Bheemunipatnam (M + OG),021046, Telugu,54099,25953,28146,0,0,0,54099,25953,28146
C0116,28,544,802948,Bheemunipatnam (M + OG),022000,22 URDU,486,257,229,0,0,0,486,257,229
C0116,28,544,802948,Bheemunipatnam (M + OG),022015, Urdu,486,257,229,0,0,0,486,257,229
C0116,28,544,802948,Bheemunipatnam (M + OG),040000,40 ENGLISH ,8,3,5,0,0,0,8,3,5
C0116,28,544,802948,Bheemunipatnam (M + OG),040001, English,8,3,5,0,0,0,8,3,5
C0116,28,544,802948,Bheemunipatnam (M + OG),124000,124 OTHERS,1,1,0,0,0,0,1,1,0
C0116,28,544,802947,GVMC (Part),001000,1 ASSAMESE,13,9,4,0,0,0,13,9,4
C0116,28,544,802947,GVMC (Part),001002, Assamese,13,9,4,0,0,0,13,9,4
C0116,28,544,802947,GVMC (Part),002000,2 BENGALI ,229,116,113,0,0,0,229,116,113
C0116,28,544,802947,GVMC (Part),002007, Bengali,229,116,113,0,0,0,229,116,113
C0116,28,544,802947,GVMC (Part),004000,4 DOGRI ,2,2,0,0,0,0,2,2,0
C0116,28,544,802947,GVMC (Part),004001, Dogri,2,2,0,0,0,0,2,2,0
C0116,28,544,802947,GVMC (Part),005000,5 GUJARATI,314,176,138,0,0,0,314,176,138
C0116,28,544,802947,GVMC (Part),005018, Gujarati,312,175,137,0,0,0,312,175,137
C0116,28,544,802947,GVMC (Part),005999,5 Others,2,1,1,0,0,0,2,1,1
C0116,28,544,802947,GVMC (Part),006000,6 HINDI ,1296,720,576,0,0,0,1296,720,576
C0116,28,544,802947,GVMC (Part),006240, Hindi,1254,697,557,0,0,0,1254,697,557
C0116,28,544,802947,GVMC (Part),006340, Kumauni,6,4,2,0,0,0,6,4,2
C0116,28,544,802947,GVMC (Part),006353, Lamani/Lambadi,13,8,5,0,0,0,13,8,5
C0116,28,544,802947,GVMC (Part),006400, Marwari,12,6,6,0,0,0,12,6,6
C0116,28,544,802947,GVMC (Part),006489, Rajasthani,3,1,2,0,0,0,3,1,2
C0116,28,544,802947,GVMC (Part),006541, Sugali,3,1,2,0,0,0,3,1,2
C0116,28,544,802947,GVMC (Part),006999,6 Others,5,3,2,0,0,0,5,3,2
C0116,28,544,802947,GVMC (Part),007000,7 KANNADA,33,14,19,0,0,0,33,14,19
C0116,28,544,802947,GVMC (Part),007016, Kannada,33,14,19,0,0,0,33,14,19
C0116,28,544,802947,GVMC (Part),008000,8 KASHMIRI ,2,1,1,0,0,0,2,1,1
C0116,28,544,802947,GVMC (Part),008005, Kashmiri,2,1,1,0,0,0,2,1,1
C0116,28,544,802947,GVMC (Part),009000,9 KONKANI,5,3,2,0,0,0,5,3,2
C0116,28,544,802947,GVMC (Part),009011, Konkani,5,3,2,0,0,0,5,3,2
C0116,28,544,802947,GVMC (Part),011000,11 MALAYALAM,356,190,166,0,0,0,356,190,166
C0116,28,544,802947,GVMC (Part),011016, Malayalam,356,190,166,0,0,0,356,190,166
C0116,28,544,802947,GVMC (Part),012000,12 MANIPURI ,1,1,0,0,0,0,1,1,0
C0116,28,544,802947,GVMC (Part),012003, Manipuri,1,1,0,0,0,0,1,1,0
C0116,28,544,802947,GVMC (Part),013000,13 MARATHI ,51,27,24,0,0,0,51,27,24
C0116,28,544,802947,GVMC (Part),013071, Marathi,51,27,24,0,0,0,51,27,24
C0116,28,544,802947,GVMC (Part),014000,14 NEPALI ,31,19,12,0,0,0,31,19,12
C0116,28,544,802947,GVMC (Part),014011, Nepali,31,19,12,0,0,0,31,19,12
C0116,28,544,802947,GVMC (Part),015000,15 ODIA ,1421,744,677,0,0,0,1421,744,677
C0116,28,544,802947,GVMC (Part),015043, Odia,1342,708,634,0,0,0,1342,708,634
C0116,28,544,802947,GVMC (Part),015055, Relli,79,36,43,0,0,0,79,36,43
C0116,28,544,802947,GVMC (Part),016000,16 PUNJABI ,23,13,10,0,0,0,23,13,10
C0116,28,544,802947,GVMC (Part),016038, Punjabi,23,13,10,0,0,0,23,13,10
C0116,28,544,802947,GVMC (Part),017000,17 SANSKRIT ,2,1,1,0,0,0,2,1,1
C0116,28,544,802947,GVMC (Part),017002, Sanskrit,2,1,1,0,0,0,2,1,1
C0116,28,544,802947,GVMC (Part),019000,19 SINDHI,23,15,8,0,0,0,23,15,8
C0116,28,544,802947,GVMC (Part),019014, Sindhi,23,15,8,0,0,0,23,15,8
C0116,28,544,802947,GVMC (Part),020000,20 TAMIL ,368,203,165,0,0,0,368,203,165
C0116,28,544,802947,GVMC (Part),020027, Tamil,368,203,165,0,0,0,368,203,165
C0116,28,544,802947,GVMC (Part),021000,21 TELUGU ,250860,126628,124232,0,0,0,250860,126628,124232
C0116,28,544,802947,GVMC (Part),021046, Telugu,250860,126628,124232,0,0,0,250860,126628,124232
C0116,28,544,802947,GVMC (Part),022000,22 URDU,4990,2508,2482,0,0,0,4990,2508,2482
C0116,28,544,802947,GVMC (Part),022015, Urdu,4990,2508,2482,0,0,0,4990,2508,2482
C0116,28,544,802947,GVMC (Part),028000,28 ARABIC/ARBI ,5,3,2,0,0,0,5,3,2
C0116,28,544,802947,GVMC (Part),028001, Arabic/Arbi,5,3,2,0,0,0,5,3,2
C0116,28,544,802947,GVMC (Part),040000,40 ENGLISH ,160,79,81,0,0,0,160,79,81
C0116,28,544,802947,GVMC (Part),040001, English,160,79,81,0,0,0,160,79,81
C0116,28,544,802947,GVMC (Part),065000,65 KONDA,5,3,2,0,0,0,5,3,2
C0116,28,544,802947,GVMC (Part),065002, Kodu,2,1,1,0,0,0,2,1,1
C0116,28,544,802947,GVMC (Part),065003, Konda,3,2,1,0,0,0,3,2,1
C0116,28,544,802947,GVMC (Part),124000,124 OTHERS,2,2,0,0,0,0,2,2,0
C0116,28,544,802947,GVMC (Part),001000,1 ASSAMESE,258,144,114,0,0,0,258,144,114
C0116,28,544,802947,GVMC (Part),001002, Assamese,255,142,113,0,0,0,255,142,113
C0116,28,544,802947,GVMC (Part),001999,1 Others,3,2,1,0,0,0,3,2,1
C0116,28,544,802947,GVMC (Part),002000,2 BENGALI ,4221,2213,2008,0,0,0,4221,2213,2008
C0116,28,544,802947,GVMC (Part),002007, Bengali,4221,2213,2008,0,0,0,4221,2213,2008
C0116,28,544,802947,GVMC (Part),003000,3 BODO ,26,4,22,0,0,0,26,4,22
C0116,28,544,802947,GVMC (Part),003001, Bodo/Boro,23,2,21,0,0,0,23,2,21
C0116,28,544,802947,GVMC (Part),003003, Kachari,3,2,1,0,0,0,3,2,1
C0116,28,544,802947,GVMC (Part),004000,4 DOGRI ,98,68,30,0,0,0,98,68,30
C0116,28,544,802947,GVMC (Part),004001, Dogri,98,68,30,0,0,0,98,68,30
C0116,28,544,802947,GVMC (Part),005000,5 GUJARATI,1175,607,568,0,0,0,1175,607,568
C0116,28,544,802947,GVMC (Part),005018, Gujarati,1084,568,516,0,0,0,1084,568,516
C0116,28,544,802947,GVMC (Part),005057, Saurashtra/Saurashtri,1,1,0,0,0,0,1,1,0
C0116,28,544,802947,GVMC (Part),005999,5 Others,90,38,52,0,0,0,90,38,52
C0116,28,544,802947,GVMC (Part),006000,6 HINDI ,32723,18513,14210,0,0,0,32723,18513,14210
C0116,28,544,802947,GVMC (Part),006030, Awadhi,32,19,13,0,0,0,32,19,13
C0116,28,544,802947,GVMC (Part),006066, Banjari,13,6,7,0,0,0,13,6,7
C0116,28,544,802947,GVMC (Part),006096, Bharmauri/Gaddi,1,1,0,0,0,0,1,1,0
C0116,28,544,802947,GVMC (Part),006102, Bhojpuri,912,480,432,0,0,0,912,480,432
C0116,28,544,802947,GVMC (Part),006123, Brajbhasha,1,1,0,0,0,0,1,1,0
C0116,28,544,802947,GVMC (Part),006125, Bundeli/Bundel khandi,2,1,1,0,0,0,2,1,1
C0116,28,544,802947,GVMC (Part),006142, Chhattisgarhi,8,1,7,0,0,0,8,1,7
C0116,28,544,802947,GVMC (Part),006173, Dhundhari,8,3,5,0,0,0,8,3,5
C0116,28,544,802947,GVMC (Part),006195, Garhwali,43,28,15,0,0,0,43,28,15
C0116,28,544,802947,GVMC (Part),006207, Gojri/Gujjari/Gujar,1,0,1,0,0,0,1,0,1
C0116,28,544,802947,GVMC (Part),006235, Haryanvi,157,88,69,0,0,0,157,88,69
C0116,28,544,802947,GVMC (Part),006240, Hindi,29274,16731,12543,0,0,0,29274,16731,12543
C0116,28,544,802947,GVMC (Part),006291, Kangri,4,3,1,0,0,0,4,3,1
C0116,28,544,802947,GVMC (Part),006340, Kumauni,31,17,14,0,0,0,31,17,14
C0116,28,544,802947,GVMC (Part),006353, Lamani/Lambadi,35,21,14,0,0,0,35,21,14
C0116,28,544,802947,GVMC (Part),006376, Magadhi/Magahi,72,36,36,0,0,0,72,36,36
C0116,28,544,802947,GVMC (Part),006400, Marwari,1540,761,779,0,0,0,1540,761,779
C0116,28,544,802947,GVMC (Part),006420, Nagpuria,3,1,2,0,0,0,3,1,2
C0116,28,544,802947,GVMC (Part),006439, Pahari,88,47,41,0,0,0,88,47,41
C0116,28,544,802947,GVMC (Part),006489, Rajasthani,325,177,148,0,0,0,325,177,148
C0116,28,544,802947,GVMC (Part),006503, Sadan/Sadri,3,0,3,0,0,0,3,0,3
C0116,28,544,802947,GVMC (Part),006541, Sugali,9,4,5,0,0,0,9,4,5
C0116,28,544,802947,GVMC (Part),006999,6 Others,161,87,74,0,0,0,161,87,74
C0116,28,544,802947,GVMC (Part),007000,7 KANNADA,708,401,307,0,0,0,708,401,307
C0116,28,544,802947,GVMC (Part),007016, Kannada,707,401,306,0,0,0,707,401,306
C0116,28,544,802947,GVMC (Part),007999,7 Others,1,0,1,0,0,0,1,0,1
C0116,28,544,802947,GVMC (Part),008000,8 KASHMIRI ,26,19,7,0,0,0,26,19,7
C0116,28,544,802947,GVMC (Part),008005, Kashmiri,26,19,7,0,0,0,26,19,7
C0116,28,544,802947,GVMC (Part),009000,9 KONKANI,54,29,25,0,0,0,54,29,25
C0116,28,544,802947,GVMC (Part),009011, Konkani,54,29,25,0,0,0,54,29,25
C0116,28,544,802947,GVMC (Part),010000,10 MAITHILI ,151,71,80,0,0,0,151,71,80
C0116,28,544,802947,GVMC (Part),010008, Maithili,151,71,80,0,0,0,151,71,80
C0116,28,544,802947,GVMC (Part),011000,11 MALAYALAM,4433,2291,2142,0,0,0,4433,2291,2142
C0116,28,544,802947,GVMC (Part),011016, Malayalam,4433,2291,2142,0,0,0,4433,2291,2142
C0116,28,544,802947,GVMC (Part),012000,12 MANIPURI ,148,71,77,0,0,0,148,71,77
C0116,28,544,802947,GVMC (Part),012003, Manipuri,148,71,77,0,0,0,148,71,77
C0116,28,544,802947,GVMC (Part),013000,13 MARATHI ,1519,840,679,0,0,0,1519,840,679
C0116,28,544,802947,GVMC (Part),013071, Marathi,1517,839,678,0,0,0,1517,839,678
C0116,28,544,802947,GVMC (Part),013999,13 Others,2,1,1,0,0,0,2,1,1
C0116,28,544,802947,GVMC (Part),014000,14 NEPALI ,323,179,144,0,0,0,323,179,144
C0116,28,544,802947,GVMC (Part),014011, Nepali,321,179,142,0,0,0,321,179,142
C0116,28,544,802947,GVMC (Part),014999,14 Others,2,0,2,0,0,0,2,0,2
C0116,28,544,802947,GVMC (Part),015000,15 ODIA ,11324,5986,5338,0,0,0,11324,5986,5338
C0116,28,544,802947,GVMC (Part),015006, Bhatri,1,0,1,0,0,0,1,0,1
C0116,28,544,802947,GVMC (Part),015043, Odia,10991,5821,5170,0,0,0,10991,5821,5170
C0116,28,544,802947,GVMC (Part),015055, Relli,322,160,162,0,0,0,322,160,162
C0116,28,544,802947,GVMC (Part),015999,15 Others,10,5,5,0,0,0,10,5,5
C0116,28,544,802947,GVMC (Part),016000,16 PUNJABI ,1539,815,724,0,0,0,1539,815,724
C0116,28,544,802947,GVMC (Part),016038, Punjabi,1539,815,724,0,0,0,1539,815,724
C0116,28,544,802947,GVMC (Part),017000,17 SANSKRIT ,4,3,1,0,0,0,4,3,1
C0116,28,544,802947,GVMC (Part),017002, Sanskrit,4,3,1,0,0,0,4,3,1
C0116,28,544,802947,GVMC (Part),018000,18 SANTALI ,29,15,14,0,0,0,29,15,14
C0116,28,544,802947,GVMC (Part),018040, Santali,29,15,14,0,0,0,29,15,14
C0116,28,544,802947,GVMC (Part),019000,19 SINDHI,512,238,274,0,0,0,512,238,274
C0116,28,544,802947,GVMC (Part),019014, Sindhi,512,238,274,0,0,0,512,238,274
C0116,28,544,802947,GVMC (Part),020000,20 TAMIL ,4206,2247,1959,0,0,0,4206,2247,1959
C0116,28,544,802947,GVMC (Part),020027, Tamil,4192,2240,1952,0,0,0,4192,2240,1952
C0116,28,544,802947,GVMC (Part),020029, Yerukala/Yerukula,8,4,4,0,0,0,8,4,4
C0116,28,544,802947,GVMC (Part),020999,20 Others,6,3,3,0,0,0,6,3,3
C0116,28,544,802947,GVMC (Part),021000,21 TELUGU ,883354,442387,440967,0,0,0,883354,442387,440967
C0116,28,544,802947,GVMC (Part),021046, Telugu,883347,442385,440962,0,0,0,883347,442385,440962
C0116,28,544,802947,GVMC (Part),021999,21 Others,7,2,5,0,0,0,7,2,5
C0116,28,544,802947,GVMC (Part),022000,22 URDU,29600,15179,14421,0,0,0,29600,15179,14421
C0116,28,544,802947,GVMC (Part),022015, Urdu,29561,15154,14407,0,0,0,29561,15154,14407
C0116,28,544,802947,GVMC (Part),022999,22 Others,39,25,14,0,0,0,39,25,14
C0116,28,544,802947,GVMC (Part),026000,26 ANGAMI ,2,2,0,0,0,0,2,2,0
C0116,28,544,802947,GVMC (Part),026002, Angami,2,2,0,0,0,0,2,2,0
C0116,28,544,802947,GVMC (Part),028000,28 ARABIC/ARBI ,22,9,13,0,0,0,22,9,13
C0116,28,544,802947,GVMC (Part),028001, Arabic/Arbi,22,9,13,0,0,0,22,9,13
C0116,28,544,802947,GVMC (Part),030000,30 BHILI/BHILODI ,14,8,6,0,0,0,14,8,6
C0116,28,544,802947,GVMC (Part),030035, Kokna/Kokni/Kukna,13,7,6,0,0,0,13,7,6
C0116,28,544,802947,GVMC (Part),030999,30 Others,1,1,0,0,0,0,1,1,0
C0116,28,544,802947,GVMC (Part),031000,31 BHOTIA ,1,1,0,0,0,0,1,1,0
C0116,28,544,802947,GVMC (Part),031999,31 Others,1,1,0,0,0,0,1,1,0
C0116,28,544,802947,GVMC (Part),037000,37 COORGI/KODAGU ,3,0,3,0,0,0,3,0,3
C0116,28,544,802947,GVMC (Part),037001, Coorgi/Kodagu,3,0,3,0,0,0,3,0,3
C0116,28,544,802947,GVMC (Part),040000,40 ENGLISH ,968,508,460,0,0,0,968,508,460
C0116,28,544,802947,GVMC (Part),040001, English,968,508,460,0,0,0,968,508,460
C0116,28,544,802947,GVMC (Part),041000,41 GADABA ,9,3,6,0,0,0,9,3,6
C0116,28,544,802947,GVMC (Part),041001, Gadaba,9,3,6,0,0,0,9,3,6
C0116,28,544,802947,GVMC (Part),043000,43 GARO ,6,3,3,0,0,0,6,3,3
C0116,28,544,802947,GVMC (Part),043005, Garo,6,3,3,0,0,0,6,3,3
C0116,28,544,802947,GVMC (Part),044000,44 GONDI,2,1,1,0,0,0,2,1,1
C0116,28,544,802947,GVMC (Part),044017, Maria/ Muria,2,1,1,0,0,0,2,1,1
C0116,28,544,802947,GVMC (Part),047000,47 HMAR,3,2,1,0,0,0,3,2,1
C0116,28,544,802947,GVMC (Part),047001, Hmar,3,2,1,0,0,0,3,2,1
C0116,28,544,802947,GVMC (Part),055000,55 KHASI ,4,2,2,0,0,0,4,2,2
C0116,28,544,802947,GVMC (Part),055007, Khasi,4,2,2,0,0,0,4,2,2
C0116,28,544,802947,GVMC (Part),059000,59 KINNAURI ,1,0,1,0,0,0,1,0,1
C0116,28,544,802947,GVMC (Part),059999,59 Others,1,0,1,0,0,0,1,0,1
C0116,28,544,802947,GVMC (Part),065000,65 KONDA,7,3,4,0,0,0,7,3,4
C0116,28,544,802947,GVMC (Part),065002, Kodu,6,2,4,0,0,0,6,2,4
C0116,28,544,802947,GVMC (Part),065003, Konda,1,1,0,0,0,0,1,1,0
C0116,28,544,802947,GVMC (Part),069000,69 KOYA ,4,1,3,0,0,0,4,1,3
C0116,28,544,802947,GVMC (Part),069002, Koya,4,1,3,0,0,0,4,1,3
C0116,28,544,802947,GVMC (Part),071000,71 KUKI,5,3,2,0,0,0,5,3,2
C0116,28,544,802947,GVMC (Part),071008, Kuki,5,3,2,0,0,0,5,3,2
C0116,28,544,802947,GVMC (Part),072000,72 KURUKH/ORAON ,4,3,1,0,0,0,4,3,1
C0116,28,544,802947,GVMC (Part),072024, Kurukh/Oraon,4,3,1,0,0,0,4,3,1
C0116,28,544,802947,GVMC (Part),073000,73 LADAKHI ,1,1,0,0,0,0,1,1,0
C0116,28,544,802947,GVMC (Part),073003, Ladakhi,1,1,0,0,0,0,1,1,0
C0116,28,544,802947,GVMC (Part),076000,76 LAKHER,1,1,0,0,0,0,1,1,0
C0116,28,544,802947,GVMC (Part),076002, Mara,1,1,0,0,0,0,1,1,0
C0116,28,544,802947,GVMC (Part),082000,82 LUSHAI/MIZO ,22,17,5,0,0,0,22,17,5
C0116,28,544,802947,GVMC (Part),082005, Lushai/Mizo,22,17,5,0,0,0,22,17,5
C0116,28,544,802947,GVMC (Part),084000,84 MAO,6,3,3,0,0,0,6,3,3
C0116,28,544,802947,GVMC (Part),084001, Mao,2,1,1,0,0,0,2,1,1
C0116,28,544,802947,GVMC (Part),084999,84 Others ,4,2,2,0,0,0,4,2,2
C0116,28,544,802947,GVMC (Part),091000,91 MUNDA,23,10,13,0,0,0,23,10,13
C0116,28,544,802947,GVMC (Part),091009, Munda,16,6,10,0,0,0,16,6,10
C0116,28,544,802947,GVMC (Part),091999,91 Others ,7,4,3,0,0,0,7,4,3
C0116,28,544,802947,GVMC (Part),092000,92 MUNDARI ,5,3,2,0,0,0,5,3,2
C0116,28,544,802947,GVMC (Part),092005, Mundari,5,3,2,0,0,0,5,3,2
C0116,28,544,802947,GVMC (Part),093000,93 NICOBARESE ,5,4,1,0,0,0,5,4,1
C0116,28,544,802947,GVMC (Part),093001, Nicobarese,5,4,1,0,0,0,5,4,1
C0116,28,544,802947,GVMC (Part),094000,94 NISSI/DAFLA ,2,0,2,0,0,0,2,0,2
C0116,28,544,802947,GVMC (Part),094001, Apatani,1,0,1,0,0,0,1,0,1
C0116,28,544,802947,GVMC (Part),094999,94 Others ,1,0,1,0,0,0,1,0,1
C0116,28,544,802947,GVMC (Part),096000,96 PAITE,3,1,2,0,0,0,3,1,2
C0116,28,544,802947,GVMC (Part),096002, Paite,3,1,2,0,0,0,3,1,2
C0116,28,544,802947,GVMC (Part),106000,106 SAVARA,10,4,6,0,0,0,10,4,6
C0116,28,544,802947,GVMC (Part),106004, Savara,10,4,6,0,0,0,10,4,6
C0116,28,544,802947,GVMC (Part),114000,114 THADO ,1,1,0,0,0,0,1,1,0
C0116,28,544,802947,GVMC (Part),114015, Thado,1,1,0,0,0,0,1,1,0
C0116,28,544,802947,GVMC (Part),115000,115 TIBETAN ,3,1,2,0,0,0,3,1,2
C0116,28,544,802947,GVMC (Part),115008, Tibetan,2,0,2,0,0,0,2,0,2
C0116,28,544,802947,GVMC (Part),115999,115 Others,1,1,0,0,0,0,1,1,0
C0116,28,544,802947,GVMC (Part),117000,117 TULU ,16,6,10,0,0,0,16,6,10
C0116,28,544,802947,GVMC (Part),117009, Tulu,16,6,10,0,0,0,16,6,10
C0116,28,544,802947,GVMC (Part),124000,124 OTHERS,187,94,93,0,0,0,187,94,93
C0116,28,544,802947,GVMC (Part),001000,1 ASSAMESE,3,2,1,0,0,0,3,2,1
C0116,28,544,802947,GVMC (Part),001002, Assamese,3,2,1,0,0,0,3,2,1
C0116,28,544,802947,GVMC (Part),002000,2 BENGALI ,350,188,162,0,0,0,350,188,162
C0116,28,544,802947,GVMC (Part),002007, Bengali,350,188,162,0,0,0,350,188,162
C0116,28,544,802947,GVMC (Part),005000,5 GUJARATI,8,6,2,0,0,0,8,6,2
C0116,28,544,802947,GVMC (Part),005999,5 Others,8,6,2,0,0,0,8,6,2
C0116,28,544,802947,GVMC (Part),006000,6 HINDI ,2735,1538,1197,0,0,0,2735,1538,1197
C0116,28,544,802947,GVMC (Part),006102, Bhojpuri,220,119,101,0,0,0,220,119,101
C0116,28,544,802947,GVMC (Part),006240, Hindi,2330,1316,1014,0,0,0,2330,1316,1014
C0116,28,544,802947,GVMC (Part),006400, Marwari,8,4,4,0,0,0,8,4,4
C0116,28,544,802947,GVMC (Part),006503, Sadan/Sadri,26,14,12,0,0,0,26,14,12
C0116,28,544,802947,GVMC (Part),006999,6 Others,151,85,66,0,0,0,151,85,66
C0116,28,544,802947,GVMC (Part),007000,7 KANNADA,12,8,4,0,0,0,12,8,4
C0116,28,544,802947,GVMC (Part),007016, Kannada,12,8,4,0,0,0,12,8,4
C0116,28,544,802947,GVMC (Part),010000,10 MAITHILI ,22,13,9,0,0,0,22,13,9
C0116,28,544,802947,GVMC (Part),010008, Maithili,22,13,9,0,0,0,22,13,9
C0116,28,544,802947,GVMC (Part),011000,11 MALAYALAM,344,189,155,0,0,0,344,189,155
C0116,28,544,802947,GVMC (Part),011016, Malayalam,344,189,155,0,0,0,344,189,155
C0116,28,544,802947,GVMC (Part),013000,13 MARATHI ,28,17,11,0,0,0,28,17,11
C0116,28,544,802947,GVMC (Part),013004, Are,5,4,1,0,0,0,5,4,1
C0116,28,544,802947,GVMC (Part),013060, Koli,5,2,3,0,0,0,5,2,3
C0116,28,544,802947,GVMC (Part),013071, Marathi,15,8,7,0,0,0,15,8,7
C0116,28,544,802947,GVMC (Part),013999,13 Others,3,3,0,0,0,0,3,3,0
C0116,28,544,802947,GVMC (Part),014000,14 NEPALI ,31,17,14,0,0,0,31,17,14
C0116,28,544,802947,GVMC (Part),014011, Nepali,31,17,14,0,0,0,31,17,14
C0116,28,544,802947,GVMC (Part),015000,15 ODIA ,952,510,442,0,0,0,952,510,442
C0116,28,544,802947,GVMC (Part),015043, Odia,952,510,442,0,0,0,952,510,442
C0116,28,544,802947,GVMC (Part),016000,16 PUNJABI ,36,19,17,0,0,0,36,19,17
C0116,28,544,802947,GVMC (Part),016038, Punjabi,36,19,17,0,0,0,36,19,17
C0116,28,544,802947,GVMC (Part),018000,18 SANTALI ,12,6,6,0,0,0,12,6,6
C0116,28,544,802947,GVMC (Part),018040, Santali,12,6,6,0,0,0,12,6,6
C0116,28,544,802947,GVMC (Part),019000,19 SINDHI,6,4,2,0,0,0,6,4,2
C0116,28,544,802947,GVMC (Part),019014, Sindhi,6,4,2,0,0,0,6,4,2
C0116,28,544,802947,GVMC (Part),020000,20 TAMIL ,164,94,70,0,0,0,164,94,70
C0116,28,544,802947,GVMC (Part),020027, Tamil,164,94,70,0,0,0,164,94,70
C0116,28,544,802947,GVMC (Part),021000,21 TELUGU ,86259,43946,42313,0,0,0,86259,43946,42313
C0116,28,544,802947,GVMC (Part),021046, Telugu,86259,43946,42313,0,0,0,86259,43946,42313
C0116,28,544,802947,GVMC (Part),022000,22 URDU,4081,2104,1977,0,0,0,4081,2104,1977
C0116,28,544,802947,GVMC (Part),022015, Urdu,4080,2104,1976,0,0,0,4080,2104,1976
C0116,28,544,802947,GVMC (Part),022999,22 Others,1,0,1,0,0,0,1,0,1
C0116,28,544,802947,GVMC (Part),040000,40 ENGLISH ,8,4,4,0,0,0,8,4,4
C0116,28,544,802947,GVMC (Part),040001, English,8,4,4,0,0,0,8,4,4
C0116,28,544,802947,GVMC (Part),048000,48 HO,2,2,0,0,0,0,2,2,0
C0116,28,544,802947,GVMC (Part),048004, Ho,2,2,0,0,0,0,2,2,0
C0116,28,544,802947,GVMC (Part),072000,72 KURUKH/ORAON ,13,6,7,0,0,0,13,6,7
C0116,28,544,802947,GVMC (Part),072024, Kurukh/Oraon,13,6,7,0,0,0,13,6,7
C0116,28,544,802947,GVMC (Part),091000,91 MUNDA,8,4,4,0,0,0,8,4,4
C0116,28,544,802947,GVMC (Part),091009, Munda,8,4,4,0,0,0,8,4,4
C0116,28,544,802947,GVMC (Part),092000,92 MUNDARI ,13,9,4,0,0,0,13,9,4
C0116,28,544,802947,GVMC (Part),092005, Mundari,13,9,4,0,0,0,13,9,4
C0116,28,544,802947,GVMC (Part),124000,124 OTHERS,204,111,93,0,0,0,204,111,93
C0116,28,544,802947,GVMC (Part),001000,1 ASSAMESE,82,75,7,0,0,0,82,75,7
C0116,28,544,802947,GVMC (Part),001002, Assamese,82,75,7,0,0,0,82,75,7
C0116,28,544,802947,GVMC (Part),002000,2 BENGALI ,960,529,431,0,0,0,960,529,431
C0116,28,544,802947,GVMC (Part),002007, Bengali,960,529,431,0,0,0,960,529,431
C0116,28,544,802947,GVMC (Part),003000,3 BODO ,8,8,0,0,0,0,8,8,0
C0116,28,544,802947,GVMC (Part),003001, Bodo/Boro,8,8,0,0,0,0,8,8,0
C0116,28,544,802947,GVMC (Part),005000,5 GUJARATI,331,177,154,0,0,0,331,177,154
C0116,28,544,802947,GVMC (Part),005018, Gujarati,313,166,147,0,0,0,313,166,147
C0116,28,544,802947,GVMC (Part),005057, Saurashtra/Saurashtri,4,2,2,0,0,0,4,2,2
C0116,28,544,802947,GVMC (Part),005999,5 Others,14,9,5,0,0,0,14,9,5
C0116,28,544,802947,GVMC (Part),006000,6 HINDI ,4249,2407,1842,0,0,0,4249,2407,1842
C0116,28,544,802947,GVMC (Part),006066, Banjari,4,3,1,0,0,0,4,3,1
C0116,28,544,802947,GVMC (Part),006102, Bhojpuri,56,32,24,0,0,0,56,32,24
C0116,28,544,802947,GVMC (Part),006133, Chambeali/Chamrali,2,1,1,0,0,0,2,1,1
C0116,28,544,802947,GVMC (Part),006142, Chhattisgarhi,5,2,3,0,0,0,5,2,3
C0116,28,544,802947,GVMC (Part),006173, Dhundhari,1,0,1,0,0,0,1,0,1
C0116,28,544,802947,GVMC (Part),006240, Hindi,3857,2196,1661,0,0,0,3857,2196,1661
C0116,28,544,802947,GVMC (Part),006353, Lamani/Lambadi,66,34,32,0,0,0,66,34,32
C0116,28,544,802947,GVMC (Part),006376, Magadhi/Magahi,4,3,1,0,0,0,4,3,1
C0116,28,544,802947,GVMC (Part),006400, Marwari,104,49,55,0,0,0,104,49,55
C0116,28,544,802947,GVMC (Part),006489, Rajasthani,84,51,33,0,0,0,84,51,33
C0116,28,544,802947,GVMC (Part),006541, Sugali,12,5,7,0,0,0,12,5,7
C0116,28,544,802947,GVMC (Part),006999,6 Others,54,31,23,0,0,0,54,31,23
C0116,28,544,802947,GVMC (Part),007000,7 KANNADA,200,107,93,0,0,0,200,107,93
C0116,28,544,802947,GVMC (Part),007016, Kannada,195,104,91,0,0,0,195,104,91
C0116,28,544,802947,GVMC (Part),007999,7 Others,5,3,2,0,0,0,5,3,2
C0116,28,544,802947,GVMC (Part),009000,9 KONKANI,11,6,5,0,0,0,11,6,5
C0116,28,544,802947,GVMC (Part),009011, Konkani,11,6,5,0,0,0,11,6,5
C0116,28,544,802947,GVMC (Part),010000,10 MAITHILI ,46,22,24,0,0,0,46,22,24
C0116,28,544,802947,GVMC (Part),010008, Maithili,46,22,24,0,0,0,46,22,24
C0116,28,544,802947,GVMC (Part),011000,11 MALAYALAM,980,505,475,0,0,0,980,505,475
C0116,28,544,802947,GVMC (Part),011016, Malayalam,980,505,475,0,0,0,980,505,475
C0116,28,544,802947,GVMC (Part),012000,12 MANIPURI ,11,11,0,0,0,0,11,11,0
C0116,28,544,802947,GVMC (Part),012003, Manipuri,11,11,0,0,0,0,11,11,0
C0116,28,544,802947,GVMC (Part),013000,13 MARATHI ,261,135,126,0,0,0,261,135,126
C0116,28,544,802947,GVMC (Part),013071, Marathi,261,135,126,0,0,0,261,135,126
C0116,28,544,802947,GVMC (Part),014000,14 NEPALI ,68,40,28,0,0,0,68,40,28
C0116,28,544,802947,GVMC (Part),014011, Nepali,68,40,28,0,0,0,68,40,28
C0116,28,544,802947,GVMC (Part),015000,15 ODIA ,1931,1052,879,0,0,0,1931,1052,879
C0116,28,544,802947,GVMC (Part),015043, Odia,1874,1021,853,0,0,0,1874,1021,853
C0116,28,544,802947,GVMC (Part),015055, Relli,51,26,25,0,0,0,51,26,25
C0116,28,544,802947,GVMC (Part),015999,15 Others,6,5,1,0,0,0,6,5,1
C0116,28,544,802947,GVMC (Part),016000,16 PUNJABI ,239,141,98,0,0,0,239,141,98
C0116,28,544,802947,GVMC (Part),016038, Punjabi,239,141,98,0,0,0,239,141,98
C0116,28,544,802947,GVMC (Part),018000,18 SANTALI ,24,13,11,0,0,0,24,13,11
C0116,28,544,802947,GVMC (Part),018040, Santali,24,13,11,0,0,0,24,13,11
C0116,28,544,802947,GVMC (Part),019000,19 SINDHI,23,9,14,0,0,0,23,9,14
C0116,28,544,802947,GVMC (Part),019014, Sindhi,23,9,14,0,0,0,23,9,14
C0116,28,544,802947,GVMC (Part),020000,20 TAMIL ,1027,533,494,0,0,0,1027,533,494
C0116,28,544,802947,GVMC (Part),020027, Tamil,998,521,477,0,0,0,998,521,477
C0116,28,544,802947,GVMC (Part),020029, Yerukala/Yerukula,29,12,17,0,0,0,29,12,17
C0116,28,544,802947,GVMC (Part),021000,21 TELUGU ,231973,117683,114290,0,0,0,231973,117683,114290
C0116,28,544,802947,GVMC (Part),021046, Telugu,231973,117683,114290,0,0,0,231973,117683,114290
C0116,28,544,802947,GVMC (Part),022000,22 URDU,7905,4072,3833,0,0,0,7905,4072,3833
C0116,28,544,802947,GVMC (Part),022015, Urdu,7897,4064,3833,0,0,0,7897,4064,3833
C0116,28,544,802947,GVMC (Part),022999,22 Others,8,8,0,0,0,0,8,8,0
C0116,28,544,802947,GVMC (Part),028000,28 ARABIC/ARBI ,3,2,1,0,0,0,3,2,1
C0116,28,544,802947,GVMC (Part),028001, Arabic/Arbi,3,2,1,0,0,0,3,2,1
C0116,28,544,802947,GVMC (Part),037000,37 COORGI/KODAGU ,4,2,2,0,0,0,4,2,2
C0116,28,544,802947,GVMC (Part),037001, Coorgi/Kodagu,4,2,2,0,0,0,4,2,2
C0116,28,544,802947,GVMC (Part),039000,39 DIMASA ,2,2,0,0,0,0,2,2,0
C0116,28,544,802947,GVMC (Part),039002, Dimasa,2,2,0,0,0,0,2,2,0
C0116,28,544,802947,GVMC (Part),040000,40 ENGLISH ,44,20,24,0,0,0,44,20,24
C0116,28,544,802947,GVMC (Part),040001, English,44,20,24,0,0,0,44,20,24
C0116,28,544,802947,GVMC (Part),048000,48 HO,6,4,2,0,0,0,6,4,2
C0116,28,544,802947,GVMC (Part),048004, Ho,6,4,2,0,0,0,6,4,2
C0116,28,544,802947,GVMC (Part),054000,54 KHARIA ,4,2,2,0,0,0,4,2,2
C0116,28,544,802947,GVMC (Part),054005, Kharia,4,2,2,0,0,0,4,2,2
C0116,28,544,802947,GVMC (Part),055000,55 KHASI ,2,2,0,0,0,0,2,2,0
C0116,28,544,802947,GVMC (Part),055012, Pnar/Synteng,2,2,0,0,0,0,2,2,0
C0116,28,544,802947,GVMC (Part),091000,91 MUNDA,7,3,4,0,0,0,7,3,4
C0116,28,544,802947,GVMC (Part),091009, Munda,7,3,4,0,0,0,7,3,4
C0116,28,544,802947,GVMC (Part),092000,92 MUNDARI ,5,3,2,0,0,0,5,3,2
C0116,28,544,802947,GVMC (Part),092005, Mundari,5,3,2,0,0,0,5,3,2
C0116,28,544,802947,GVMC (Part),117000,117 TULU ,7,5,2,0,0,0,7,5,2
C0116,28,544,802947,GVMC (Part),117009, Tulu,2,1,1,0,0,0,2,1,1
C0116,28,544,802947,GVMC (Part),117999,117 Others ,5,4,1,0,0,0,5,4,1
C0116,28,544,802947,GVMC (Part),124000,124 OTHERS,10,7,3,0,0,0,10,7,3
C0116,28,544,802947,GVMC (Part),001000,1 ASSAMESE,3,1,2,0,0,0,3,1,2
C0116,28,544,802947,GVMC (Part),001002, Assamese,3,1,2,0,0,0,3,1,2
C0116,28,544,802947,GVMC (Part),002000,2 BENGALI ,298,159,139,0,0,0,298,159,139
C0116,28,544,802947,GVMC (Part),002007, Bengali,298,159,139,0,0,0,298,159,139
C0116,28,544,802947,GVMC (Part),005000,5 GUJARATI,1,1,0,0,0,0,1,1,0
C0116,28,544,802947,GVMC (Part),005018, Gujarati,1,1,0,0,0,0,1,1,0
C0116,28,544,802947,GVMC (Part),006000,6 HINDI ,565,308,257,0,0,0,565,308,257
C0116,28,544,802947,GVMC (Part),006102, Bhojpuri,2,1,1,0,0,0,2,1,1
C0116,28,544,802947,GVMC (Part),006240, Hindi,553,301,252,0,0,0,553,301,252
C0116,28,544,802947,GVMC (Part),006353, Lamani/Lambadi,3,2,1,0,0,0,3,2,1
C0116,28,544,802947,GVMC (Part),006400, Marwari,3,1,2,0,0,0,3,1,2
C0116,28,544,802947,GVMC (Part),006999,6 Others,4,3,1,0,0,0,4,3,1
C0116,28,544,802947,GVMC (Part),007000,7 KANNADA,34,16,18,0,0,0,34,16,18
C0116,28,544,802947,GVMC (Part),007016, Kannada,34,16,18,0,0,0,34,16,18
C0116,28,544,802947,GVMC (Part),009000,9 KONKANI,5,3,2,0,0,0,5,3,2
C0116,28,544,802947,GVMC (Part),009011, Konkani,5,3,2,0,0,0,5,3,2
C0116,28,544,802947,GVMC (Part),010000,10 MAITHILI ,11,7,4,0,0,0,11,7,4
C0116,28,544,802947,GVMC (Part),010008, Maithili,11,7,4,0,0,0,11,7,4
C0116,28,544,802947,GVMC (Part),011000,11 MALAYALAM,101,54,47,0,0,0,101,54,47
C0116,28,544,802947,GVMC (Part),011016, Malayalam,101,54,47,0,0,0,101,54,47
C0116,28,544,802947,GVMC (Part),013000,13 MARATHI ,27,19,8,0,0,0,27,19,8
C0116,28,544,802947,GVMC (Part),013071, Marathi,27,19,8,0,0,0,27,19,8
C0116,28,544,802947,GVMC (Part),014000,14 NEPALI ,3,2,1,0,0,0,3,2,1
C0116,28,544,802947,GVMC (Part),014011, Nepali,3,2,1,0,0,0,3,2,1
C0116,28,544,802947,GVMC (Part),015000,15 ODIA ,402,213,189,0,0,0,402,213,189
C0116,28,544,802947,GVMC (Part),015043, Odia,402,213,189,0,0,0,402,213,189
C0116,28,544,802947,GVMC (Part),016000,16 PUNJABI ,7,3,4,0,0,0,7,3,4
C0116,28,544,802947,GVMC (Part),016038, Punjabi,7,3,4,0,0,0,7,3,4
C0116,28,544,802947,GVMC (Part),020000,20 TAMIL ,177,98,79,0,0,0,177,98,79
C0116,28,544,802947,GVMC (Part),020027, Tamil,173,95,78,0,0,0,173,95,78
C0116,28,544,802947,GVMC (Part),020029, Yerukala/Yerukula,4,3,1,0,0,0,4,3,1
C0116,28,544,802947,GVMC (Part),021000,21 TELUGU ,23776,12042,11734,0,0,0,23776,12042,11734
C0116,28,544,802947,GVMC (Part),021046, Telugu,23776,12042,11734,0,0,0,23776,12042,11734
C0116,28,544,802947,GVMC (Part),022000,22 URDU,141,76,65,0,0,0,141,76,65
C0116,28,544,802947,GVMC (Part),022015, Urdu,141,76,65,0,0,0,141,76,65
C0116,28,544,802947,GVMC (Part),040000,40 ENGLISH ,4,3,1,0,0,0,4,3,1
C0116,28,544,802947,GVMC (Part),040001, English,4,3,1,0,0,0,4,3,1
C0116,28,544,802947,GVMC (Part),048000,48 HO,4,2,2,0,0,0,4,2,2
C0116,28,544,802947,GVMC (Part),048004, Ho,4,2,2,0,0,0,4,2,2
C0116,28,544,802947,GVMC (Part),091000,91 MUNDA,1,1,0,0,0,0,1,1,0
C0116,28,544,802947,GVMC (Part),091009, Munda,1,1,0,0,0,0,1,1,0
C0116,28,544,802949,Anakapalle (M),001000,1 ASSAMESE,1,0,1,0,0,0,1,0,1
C0116,28,544,802949,Anakapalle (M),001002, Assamese,1,0,1,0,0,0,1,0,1
C0116,28,544,802949,Anakapalle (M),002000,2 BENGALI ,62,48,14,0,0,0,62,48,14
C0116,28,544,802949,Anakapalle (M),002007, Bengali,62,48,14,0,0,0,62,48,14
C0116,28,544,802949,Anakapalle (M),005000,5 GUJARATI,165,78,87,0,0,0,165,78,87
C0116,28,544,802949,Anakapalle (M),005018, Gujarati,164,78,86,0,0,0,164,78,86
C0116,28,544,802949,Anakapalle (M),005999,5 Others,1,0,1,0,0,0,1,0,1
C0116,28,544,802949,Anakapalle (M),006000,6 HINDI ,751,411,340,0,0,0,751,411,340
C0116,28,544,802949,Anakapalle (M),006240, Hindi,657,361,296,0,0,0,657,361,296
C0116,28,544,802949,Anakapalle (M),006400, Marwari,74,38,36,0,0,0,74,38,36
C0116,28,544,802949,Anakapalle (M),006489, Rajasthani,17,10,7,0,0,0,17,10,7
C0116,28,544,802949,Anakapalle (M),006999,6 Others,3,2,1,0,0,0,3,2,1
C0116,28,544,802949,Anakapalle (M),007000,7 KANNADA,27,18,9,0,0,0,27,18,9
C0116,28,544,802949,Anakapalle (M),007016, Kannada,27,18,9,0,0,0,27,18,9
C0116,28,544,802949,Anakapalle (M),011000,11 MALAYALAM,13,8,5,0,0,0,13,8,5
C0116,28,544,802949,Anakapalle (M),011016, Malayalam,13,8,5,0,0,0,13,8,5
C0116,28,544,802949,Anakapalle (M),013000,13 MARATHI ,113,63,50,0,0,0,113,63,50
C0116,28,544,802949,Anakapalle (M),013071, Marathi,113,63,50,0,0,0,113,63,50
C0116,28,544,802949,Anakapalle (M),015000,15 ODIA ,411,205,206,0,0,0,411,205,206
C0116,28,544,802949,Anakapalle (M),015043, Odia,71,39,32,0,0,0,71,39,32
C0116,28,544,802949,Anakapalle (M),015055, Relli,340,166,174,0,0,0,340,166,174
C0116,28,544,802949,Anakapalle (M),019000,19 SINDHI,5,1,4,0,0,0,5,1,4
C0116,28,544,802949,Anakapalle (M),019014, Sindhi,5,1,4,0,0,0,5,1,4
C0116,28,544,802949,Anakapalle (M),020000,20 TAMIL ,94,45,49,0,0,0,94,45,49
C0116,28,544,802949,Anakapalle (M),020027, Tamil,94,45,49,0,0,0,94,45,49
C0116,28,544,802949,Anakapalle (M),021000,21 TELUGU ,83983,41742,42241,0,0,0,83983,41742,42241
C0116,28,544,802949,Anakapalle (M),021046, Telugu,83983,41742,42241,0,0,0,83983,41742,42241
C0116,28,544,802949,Anakapalle (M),022000,22 URDU,881,473,408,0,0,0,881,473,408
C0116,28,544,802949,Anakapalle (M),022015, Urdu,881,473,408,0,0,0,881,473,408
C0116,28,544,802949,Anakapalle (M),028000,28 ARABIC/ARBI ,5,3,2,0,0,0,5,3,2
C0116,28,544,802949,Anakapalle (M),028001, Arabic/Arbi,5,3,2,0,0,0,5,3,2
C0116,28,544,802949,Anakapalle (M),040000,40 ENGLISH ,8,5,3,0,0,0,8,5,3
C0116,28,544,802949,Anakapalle (M),040001, English,8,5,3,0,0,0,8,5,3
C0116,28,544,584103,Kantabamsuguda (CT),006000,6 HINDI ,67,35,32,0,0,0,67,35,32
C0116,28,544,584103,Kantabamsuguda (CT),006040, Baghati/Baghati Pahari,1,1,0,0,0,0,1,1,0
C0116,28,544,584103,Kantabamsuguda (CT),006240, Hindi,64,33,31,0,0,0,64,33,31
C0116,28,544,584103,Kantabamsuguda (CT),006400, Marwari,1,0,1,0,0,0,1,0,1
C0116,28,544,584103,Kantabamsuguda (CT),006489, Rajasthani,1,1,0,0,0,0,1,1,0
C0116,28,544,584103,Kantabamsuguda (CT),013000,13 MARATHI ,6,5,1,0,0,0,6,5,1
C0116,28,544,584103,Kantabamsuguda (CT),013071, Marathi,5,4,1,0,0,0,5,4,1
C0116,28,544,584103,Kantabamsuguda (CT),013999,13 Others,1,1,0,0,0,0,1,1,0
C0116,28,544,584103,Kantabamsuguda (CT),015000,15 ODIA ,808,514,294,0,0,0,808,514,294
C0116,28,544,584103,Kantabamsuguda (CT),015043, Odia,808,514,294,0,0,0,808,514,294
C0116,28,544,584103,Kantabamsuguda (CT),017000,17 SANSKRIT ,2,1,1,0,0,0,2,1,1
C0116,28,544,584103,Kantabamsuguda (CT),017002, Sanskrit,2,1,1,0,0,0,2,1,1
C0116,28,544,584103,Kantabamsuguda (CT),020000,20 TAMIL ,4,3,1,0,0,0,4,3,1
C0116,28,544,584103,Kantabamsuguda (CT),020027, Tamil,4,3,1,0,0,0,4,3,1
C0116,28,544,584103,Kantabamsuguda (CT),021000,21 TELUGU ,5215,2794,2421,0,0,0,5215,2794,2421
C0116,28,544,584103,Kantabamsuguda (CT),021046, Telugu,5204,2783,2421,0,0,0,5204,2783,2421
C0116,28,544,584103,Kantabamsuguda (CT),021999,21 Others,11,11,0,0,0,0,11,11,0
C0116,28,544,584103,Kantabamsuguda (CT),022000,22 URDU,34,18,16,0,0,0,34,18,16
C0116,28,544,584103,Kantabamsuguda (CT),022015, Urdu,34,18,16,0,0,0,34,18,16
C0116,28,544,584103,Kantabamsuguda (CT),041000,41 GADABA ,3,3,0,0,0,0,3,3,0
C0116,28,544,584103,Kantabamsuguda (CT),041001, Gadaba,3,3,0,0,0,0,3,3,0
C0116,28,544,584103,Kantabamsuguda (CT),058000,58 KHOND/KONDH ,34,20,14,0,0,0,34,20,14
C0116,28,544,584103,Kantabamsuguda (CT),058001, Khond/Kondh,34,20,14,0,0,0,34,20,14
C0116,28,544,584103,Kantabamsuguda (CT),065000,65 KONDA,536,523,13,0,0,0,536,523,13
C0116,28,544,584103,Kantabamsuguda (CT),065002, Kodu,490,479,11,0,0,0,490,479,11
C0116,28,544,584103,Kantabamsuguda (CT),065003, Konda,33,33,0,0,0,0,33,33,0
C0116,28,544,584103,Kantabamsuguda (CT),065999,65 Others ,13,11,2,0,0,0,13,11,2
C0116,28,544,584103,Kantabamsuguda (CT),069000,69 KOYA ,1,1,0,0,0,0,1,1,0
C0116,28,544,584103,Kantabamsuguda (CT),069002, Koya,1,1,0,0,0,0,1,1,0
C0116,28,544,584103,Kantabamsuguda (CT),097000,97 PARJI ,1,1,0,0,0,0,1,1,0
C0116,28,544,584103,Kantabamsuguda (CT),097999,97 Others ,1,1,0,0,0,0,1,1,0
C0116,28,544,584103,Kantabamsuguda (CT),124000,124 OTHERS,3,3,0,0,0,0,3,3,0
C0116,28,544,584800,Gudivada (CT),001000,1 ASSAMESE,7,7,0,0,0,0,7,7,0
C0116,28,544,584800,Gudivada (CT),001002, Assamese,7,7,0,0,0,0,7,7,0
C0116,28,544,584800,Gudivada (CT),002000,2 BENGALI ,4,4,0,0,0,0,4,4,0
C0116,28,544,584800,Gudivada (CT),002007, Bengali,4,4,0,0,0,0,4,4,0
C0116,28,544,584800,Gudivada (CT),004000,4 DOGRI ,1,1,0,0,0,0,1,1,0
C0116,28,544,584800,Gudivada (CT),004001, Dogri,1,1,0,0,0,0,1,1,0
C0116,28,544,584800,Gudivada (CT),005000,5 GUJARATI,4,2,2,0,0,0,4,2,2
C0116,28,544,584800,Gudivada (CT),005018, Gujarati,2,2,0,0,0,0,2,2,0
C0116,28,544,584800,Gudivada (CT),005999,5 Others,2,0,2,0,0,0,2,0,2
C0116,28,544,584800,Gudivada (CT),006000,6 HINDI ,136,94,42,0,0,0,136,94,42
C0116,28,544,584800,Gudivada (CT),006240, Hindi,130,91,39,0,0,0,130,91,39
C0116,28,544,584800,Gudivada (CT),006400, Marwari,5,3,2,0,0,0,5,3,2
C0116,28,544,584800,Gudivada (CT),006541, Sugali,1,0,1,0,0,0,1,0,1
C0116,28,544,584800,Gudivada (CT),007000,7 KANNADA,3,2,1,0,0,0,3,2,1
C0116,28,544,584800,Gudivada (CT),007016, Kannada,3,2,1,0,0,0,3,2,1
C0116,28,544,584800,Gudivada (CT),011000,11 MALAYALAM,21,9,12,0,0,0,21,9,12
C0116,28,544,584800,Gudivada (CT),011016, Malayalam,21,9,12,0,0,0,21,9,12
C0116,28,544,584800,Gudivada (CT),013000,13 MARATHI ,5,5,0,0,0,0,5,5,0
C0116,28,544,584800,Gudivada (CT),013071, Marathi,5,5,0,0,0,0,5,5,0
C0116,28,544,584800,Gudivada (CT),014000,14 NEPALI ,3,1,2,0,0,0,3,1,2
C0116,28,544,584800,Gudivada (CT),014011, Nepali,3,1,2,0,0,0,3,1,2
C0116,28,544,584800,Gudivada (CT),015000,15 ODIA ,19,11,8,0,0,0,19,11,8
C0116,28,544,584800,Gudivada (CT),015043, Odia,19,11,8,0,0,0,19,11,8
C0116,28,544,584800,Gudivada (CT),016000,16 PUNJABI ,3,3,0,0,0,0,3,3,0
C0116,28,544,584800,Gudivada (CT),016038, Punjabi,3,3,0,0,0,0,3,3,0
C0116,28,544,584800,Gudivada (CT),020000,20 TAMIL ,23,14,9,0,0,0,23,14,9
C0116,28,544,584800,Gudivada (CT),020027, Tamil,22,14,8,0,0,0,22,14,8
C0116,28,544,584800,Gudivada (CT),020029, Yerukala/Yerukula,1,0,1,0,0,0,1,0,1
C0116,28,544,584800,Gudivada (CT),021000,21 TELUGU ,8339,4237,4102,0,0,0,8339,4237,4102
C0116,28,544,584800,Gudivada (CT),021046, Telugu,8339,4237,4102,0,0,0,8339,4237,4102
C0116,28,544,584800,Gudivada (CT),022000,22 URDU,81,48,33,0,0,0,81,48,33
C0116,28,544,584800,Gudivada (CT),022015, Urdu,81,48,33,0,0,0,81,48,33
C0116,28,544,584800,Gudivada (CT),058000,58 KHOND/KONDH ,25,14,11,0,0,0,25,14,11
C0116,28,544,584800,Gudivada (CT),058001, Khond/Kondh,4,3,1,0,0,0,4,3,1
C0116,28,544,584800,Gudivada (CT),058006, Kuvi,21,11,10,0,0,0,21,11,10
C0116,28,544,584800,Gudivada (CT),065000,65 KONDA,59,40,19,0,0,0,59,40,19
C0116,28,544,584800,Gudivada (CT),065002, Kodu,54,36,18,0,0,0,54,36,18
C0116,28,544,584800,Gudivada (CT),065003, Konda,5,4,1,0,0,0,5,4,1
C0116,28,544,584800,Gudivada (CT),069000,69 KOYA ,44,21,23,0,0,0,44,21,23
C0116,28,544,584800,Gudivada (CT),069002, Koya,44,21,23,0,0,0,44,21,23
C0116,28,544,584800,Gudivada (CT),070000,70 KUI ,10,6,4,0,0,0,10,6,4
C0116,28,544,584800,Gudivada (CT),070001, Kui,10,6,4,0,0,0,10,6,4
C0116,28,544,585377,Chintapalle (CT),001000,1 ASSAMESE,2,2,0,0,0,0,2,2,0
C0116,28,544,585377,Chintapalle (CT),001002, Assamese,2,2,0,0,0,0,2,2,0
C0116,28,544,585377,Chintapalle (CT),002000,2 BENGALI ,7,7,0,0,0,0,7,7,0
C0116,28,544,585377,Chintapalle (CT),002007, Bengali,6,6,0,0,0,0,6,6,0
C0116,28,544,585377,Chintapalle (CT),002999,2 Others,1,1,0,0,0,0,1,1,0
C0116,28,544,585377,Chintapalle (CT),005000,5 GUJARATI,2,2,0,0,0,0,2,2,0
C0116,28,544,585377,Chintapalle (CT),005018, Gujarati,2,2,0,0,0,0,2,2,0
C0116,28,544,585377,Chintapalle (CT),006000,6 HINDI ,77,68,9,0,0,0,77,68,9
C0116,28,544,585377,Chintapalle (CT),006040, Baghati/Baghati Pahari,1,1,0,0,0,0,1,1,0
C0116,28,544,585377,Chintapalle (CT),006240, Hindi,66,58,8,0,0,0,66,58,8
C0116,28,544,585377,Chintapalle (CT),006340, Kumauni,1,1,0,0,0,0,1,1,0
C0116,28,544,585377,Chintapalle (CT),006489, Rajasthani,8,7,1,0,0,0,8,7,1
C0116,28,544,585377,Chintapalle (CT),006547, Surgujia,1,1,0,0,0,0,1,1,0
C0116,28,544,585377,Chintapalle (CT),007000,7 KANNADA,2,2,0,0,0,0,2,2,0
C0116,28,544,585377,Chintapalle (CT),007016, Kannada,2,2,0,0,0,0,2,2,0
C0116,28,544,585377,Chintapalle (CT),008000,8 KASHMIRI ,1,1,0,0,0,0,1,1,0
C0116,28,544,585377,Chintapalle (CT),008005, Kashmiri,1,1,0,0,0,0,1,1,0
C0116,28,544,585377,Chintapalle (CT),011000,11 MALAYALAM,5,1,4,0,0,0,5,1,4
C0116,28,544,585377,Chintapalle (CT),011016, Malayalam,5,1,4,0,0,0,5,1,4
C0116,28,544,585377,Chintapalle (CT),013000,13 MARATHI ,3,3,0,0,0,0,3,3,0
C0116,28,544,585377,Chintapalle (CT),013071, Marathi,3,3,0,0,0,0,3,3,0
C0116,28,544,585377,Chintapalle (CT),015000,15 ODIA ,102,58,44,0,0,0,102,58,44
C0116,28,544,585377,Chintapalle (CT),015043, Odia,102,58,44,0,0,0,102,58,44
C0116,28,544,585377,Chintapalle (CT),016000,16 PUNJABI ,5,5,0,0,0,0,5,5,0
C0116,28,544,585377,Chintapalle (CT),016038, Punjabi,5,5,0,0,0,0,5,5,0
C0116,28,544,585377,Chintapalle (CT),020000,20 TAMIL ,25,9,16,0,0,0,25,9,16
C0116,28,544,585377,Chintapalle (CT),020027, Tamil,25,9,16,0,0,0,25,9,16
C0116,28,544,585377,Chintapalle (CT),021000,21 TELUGU ,7079,3645,3434,0,0,0,7079,3645,3434
C0116,28,544,585377,Chintapalle (CT),021046, Telugu,7079,3645,3434,0,0,0,7079,3645,3434
C0116,28,544,585377,Chintapalle (CT),022000,22 URDU,22,11,11,0,0,0,22,11,11
C0116,28,544,585377,Chintapalle (CT),022015, Urdu,22,11,11,0,0,0,22,11,11
C0116,28,544,585377,Chintapalle (CT),041000,41 GADABA ,28,23,5,0,0,0,28,23,5
C0116,28,544,585377,Chintapalle (CT),041001, Gadaba,28,23,5,0,0,0,28,23,5
C0116,28,544,585377,Chintapalle (CT),058000,58 KHOND/KONDH ,9,7,2,0,0,0,9,7,2
C0116,28,544,585377,Chintapalle (CT),058001, Khond/Kondh,6,4,2,0,0,0,6,4,2
C0116,28,544,585377,Chintapalle (CT),058006, Kuvi,3,3,0,0,0,0,3,3,0
C0116,28,544,585377,Chintapalle (CT),065000,65 KONDA,502,336,166,0,0,0,502,336,166
C0116,28,544,585377,Chintapalle (CT),065002, Kodu,502,336,166,0,0,0,502,336,166
C0116,28,544,585377,Chintapalle (CT),097000,97 PARJI ,15,15,0,0,0,0,15,15,0
C0116,28,544,585377,Chintapalle (CT),097999,97 Others ,15,15,0,0,0,0,15,15,0
C0116,28,544,585377,Chintapalle (CT),124000,124 OTHERS,2,1,1,0,0,0,2,1,1
C0116,28,544,585551,"Upper Sileru Project 
Site Camp (CT)",001000,1 ASSAMESE,1,1,0,0,0,0,1,1,0
C0116,28,544,585551,"Upper Sileru Project 
Site Camp (CT)",001002, Assamese,1,1,0,0,0,0,1,1,0
C0116,28,544,585551,"Upper Sileru Project 
Site Camp (CT)",002000,2 BENGALI ,19,13,6,0,0,0,19,13,6
C0116,28,544,585551,"Upper Sileru Project 
Site Camp (CT)",002007, Bengali,19,13,6,0,0,0,19,13,6
C0116,28,544,585551,"Upper Sileru Project 
Site Camp (CT)",006000,6 HINDI ,48,36,12,0,0,0,48,36,12
C0116,28,544,585551,"Upper Sileru Project 
Site Camp (CT)",006240, Hindi,45,35,10,0,0,0,45,35,10
C0116,28,544,585551,"Upper Sileru Project 
Site Camp (CT)",006353, Lamani/Lambadi,3,1,2,0,0,0,3,1,2
C0116,28,544,585551,"Upper Sileru Project 
Site Camp (CT)",007000,7 KANNADA,3,3,0,0,0,0,3,3,0
C0116,28,544,585551,"Upper Sileru Project 
Site Camp (CT)",007016, Kannada,3,3,0,0,0,0,3,3,0
C0116,28,544,585551,"Upper Sileru Project 
Site Camp (CT)",011000,11 MALAYALAM,9,8,1,0,0,0,9,8,1
C0116,28,544,585551,"Upper Sileru Project 
Site Camp (CT)",011016, Malayalam,9,8,1,0,0,0,9,8,1
C0116,28,544,585551,"Upper Sileru Project 
Site Camp (CT)",014000,14 NEPALI ,23,10,13,0,0,0,23,10,13
C0116,28,544,585551,"Upper Sileru Project 
Site Camp (CT)",014011, Nepali,23,10,13,0,0,0,23,10,13
C0116,28,544,585551,"Upper Sileru Project 
Site Camp (CT)",015000,15 ODIA ,985,489,496,0,0,0,985,489,496
C0116,28,544,585551,"Upper Sileru Project 
Site Camp (CT)",015043, Odia,983,489,494,0,0,0,983,489,494
C0116,28,544,585551,"Upper Sileru Project 
Site Camp (CT)",015055, Relli,2,0,2,0,0,0,2,0,2
C0116,28,544,585551,"Upper Sileru Project 
Site Camp (CT)",016000,16 PUNJABI ,1,0,1,0,0,0,1,0,1
C0116,28,544,585551,"Upper Sileru Project 
Site Camp (CT)",016038, Punjabi,1,0,1,0,0,0,1,0,1
C0116,28,544,585551,"Upper Sileru Project 
Site Camp (CT)",020000,20 TAMIL ,75,51,24,0,0,0,75,51,24
C0116,28,544,585551,"Upper Sileru Project 
Site Camp (CT)",020027, Tamil,75,51,24,0,0,0,75,51,24
C0116,28,544,585551,"Upper Sileru Project 
Site Camp (CT)",021000,21 TELUGU ,3334,1938,1396,0,0,0,3334,1938,1396
C0116,28,544,585551,"Upper Sileru Project 
Site Camp (CT)",021046, Telugu,3334,1938,1396,0,0,0,3334,1938,1396
C0116,28,544,585551,"Upper Sileru Project 
Site Camp (CT)",022000,22 URDU,131,66,65,0,0,0,131,66,65
C0116,28,544,585551,"Upper Sileru Project 
Site Camp (CT)",022015, Urdu,131,66,65,0,0,0,131,66,65
C0116,28,544,585551,"Upper Sileru Project 
Site Camp (CT)",065000,65 KONDA,1,1,0,0,0,0,1,1,0
C0116,28,544,585551,"Upper Sileru Project 
Site Camp (CT)",065002, Kodu,1,1,0,0,0,0,1,1,0
C0116,28,544,585551,"Upper Sileru Project 
Site Camp (CT)",069000,69 KOYA ,2,1,1,0,0,0,2,1,1
C0116,28,544,585551,"Upper Sileru Project 
Site Camp (CT)",069002, Koya,2,1,1,0,0,0,2,1,1
C0116,28,544,585801,Narsipatnam (CT),005000,5 GUJARATI,1,0,1,0,0,0,1,0,1
C0116,28,544,585801,Narsipatnam (CT),005018, Gujarati,1,0,1,0,0,0,1,0,1
C0116,28,544,585801,Narsipatnam (CT),006000,6 HINDI ,133,76,57,0,0,0,133,76,57
C0116,28,544,585801,Narsipatnam (CT),006102, Bhojpuri,8,3,5,0,0,0,8,3,5
C0116,28,544,585801,Narsipatnam (CT),006240, Hindi,98,60,38,0,0,0,98,60,38
C0116,28,544,585801,Narsipatnam (CT),006353, Lamani/Lambadi,5,2,3,0,0,0,5,2,3
C0116,28,544,585801,Narsipatnam (CT),006400, Marwari,3,1,2,0,0,0,3,1,2
C0116,28,544,585801,Narsipatnam (CT),006489, Rajasthani,18,9,9,0,0,0,18,9,9
C0116,28,544,585801,Narsipatnam (CT),006541, Sugali,1,1,0,0,0,0,1,1,0
C0116,28,544,585801,Narsipatnam (CT),007000,7 KANNADA,17,11,6,0,0,0,17,11,6
C0116,28,544,585801,Narsipatnam (CT),007016, Kannada,17,11,6,0,0,0,17,11,6
C0116,28,544,585801,Narsipatnam (CT),011000,11 MALAYALAM,13,7,6,0,0,0,13,7,6
C0116,28,544,585801,Narsipatnam (CT),011016, Malayalam,13,7,6,0,0,0,13,7,6
C0116,28,544,585801,Narsipatnam (CT),013000,13 MARATHI ,38,20,18,0,0,0,38,20,18
C0116,28,544,585801,Narsipatnam (CT),013071, Marathi,38,20,18,0,0,0,38,20,18
C0116,28,544,585801,Narsipatnam (CT),014000,14 NEPALI ,7,4,3,0,0,0,7,4,3
C0116,28,544,585801,Narsipatnam (CT),014011, Nepali,7,4,3,0,0,0,7,4,3
C0116,28,544,585801,Narsipatnam (CT),015000,15 ODIA ,4,2,2,0,0,0,4,2,2
C0116,28,544,585801,Narsipatnam (CT),015055, Relli,4,2,2,0,0,0,4,2,2
C0116,28,544,585801,Narsipatnam (CT),016000,16 PUNJABI ,2,2,0,0,0,0,2,2,0
C0116,28,544,585801,Narsipatnam (CT),016038, Punjabi,2,2,0,0,0,0,2,2,0
C0116,28,544,585801,Narsipatnam (CT),020000,20 TAMIL ,182,98,84,0,0,0,182,98,84
C0116,28,544,585801,Narsipatnam (CT),020027, Tamil,181,98,83,0,0,0,181,98,83
C0116,28,544,585801,Narsipatnam (CT),020029, Yerukala/Yerukula,1,0,1,0,0,0,1,0,1
C0116,28,544,585801,Narsipatnam (CT),021000,21 TELUGU ,32772,15562,17210,0,0,0,32772,15562,17210
C0116,28,544,585801,Narsipatnam (CT),021046, Telugu,32772,15562,17210,0,0,0,32772,15562,17210
C0116,28,544,585801,Narsipatnam (CT),022000,22 URDU,584,292,292,0,0,0,584,292,292
C0116,28,544,585801,Narsipatnam (CT),022015, Urdu,584,292,292,0,0,0,584,292,292
C0116,28,544,585801,Narsipatnam (CT),040000,40 ENGLISH ,1,0,1,0,0,0,1,0,1
C0116,28,544,585801,Narsipatnam (CT),040001, English,1,0,1,0,0,0,1,0,1
C0116,28,544,585801,Narsipatnam (CT),117000,117 TULU ,3,2,1,0,0,0,3,2,1
C0116,28,544,585801,Narsipatnam (CT),117009, Tulu,3,2,1,0,0,0,3,2,1
C0116,28,544,585802,Peda Boddepalle (CT),005000,5 GUJARATI,2,1,1,0,0,0,2,1,1
C0116,28,544,585802,Peda Boddepalle (CT),005999,5 Others,2,1,1,0,0,0,2,1,1
C0116,28,544,585802,Peda Boddepalle (CT),006000,6 HINDI ,11,6,5,0,0,0,11,6,5
C0116,28,544,585802,Peda Boddepalle (CT),006240, Hindi,7,4,3,0,0,0,7,4,3
C0116,28,544,585802,Peda Boddepalle (CT),006489, Rajasthani,4,2,2,0,0,0,4,2,2
C0116,28,544,585802,Peda Boddepalle (CT),007000,7 KANNADA,1,0,1,0,0,0,1,0,1
C0116,28,544,585802,Peda Boddepalle (CT),007016, Kannada,1,0,1,0,0,0,1,0,1
C0116,28,544,585802,Peda Boddepalle (CT),011000,11 MALAYALAM,4,2,2,0,0,0,4,2,2
C0116,28,544,585802,Peda Boddepalle (CT),011016, Malayalam,4,2,2,0,0,0,4,2,2
C0116,28,544,585802,Peda Boddepalle (CT),013000,13 MARATHI ,1,0,1,0,0,0,1,0,1
C0116,28,544,585802,Peda Boddepalle (CT),013071, Marathi,1,0,1,0,0,0,1,0,1
C0116,28,544,585802,Peda Boddepalle (CT),014000,14 NEPALI ,4,2,2,0,0,0,4,2,2
C0116,28,544,585802,Peda Boddepalle (CT),014011, Nepali,4,2,2,0,0,0,4,2,2
C0116,28,544,585802,Peda Boddepalle (CT),015000,15 ODIA ,15,8,7,0,0,0,15,8,7
C0116,28,544,585802,Peda Boddepalle (CT),015043, Odia,15,8,7,0,0,0,15,8,7
C0116,28,544,585802,Peda Boddepalle (CT),020000,20 TAMIL ,17,7,10,0,0,0,17,7,10
C0116,28,544,585802,Peda Boddepalle (CT),020027, Tamil,17,7,10,0,0,0,17,7,10
C0116,28,544,585802,Peda Boddepalle (CT),021000,21 TELUGU ,12627,6387,6240,0,0,0,12627,6387,6240
C0116,28,544,585802,Peda Boddepalle (CT),021046, Telugu,12627,6387,6240,0,0,0,12627,6387,6240
C0116,28,544,585802,Peda Boddepalle (CT),022000,22 URDU,93,47,46,0,0,0,93,47,46
C0116,28,544,585802,Peda Boddepalle (CT),022015, Urdu,93,47,46,0,0,0,93,47,46
C0116,28,544,585802,Peda Boddepalle (CT),040000,40 ENGLISH ,1,1,0,0,0,0,1,1,0
C0116,28,544,585802,Peda Boddepalle (CT),040001, English,1,1,0,0,0,0,1,1,0
C0116,28,544,585802,Peda Boddepalle (CT),124000,124 OTHERS,5,3,2,0,0,0,5,3,2
C0116,28,544,586150,Mulakuddu (CT),006000,6 HINDI ,2,1,1,0,0,0,2,1,1
C0116,28,544,586150,Mulakuddu (CT),006240, Hindi,1,0,1,0,0,0,1,0,1
C0116,28,544,586150,Mulakuddu (CT),006353, Lamani/Lambadi,1,1,0,0,0,0,1,1,0
C0116,28,544,586150,Mulakuddu (CT),015000,15 ODIA ,239,128,111,0,0,0,239,128,111
C0116,28,544,586150,Mulakuddu (CT),015055, Relli,239,128,111,0,0,0,239,128,111
C0116,28,544,586150,Mulakuddu (CT),021000,21 TELUGU ,4266,2124,2142,0,0,0,4266,2124,2142
C0116,28,544,586150,Mulakuddu (CT),021046, Telugu,4266,2124,2142,0,0,0,4266,2124,2142
C0116,28,544,586150,Mulakuddu (CT),022000,22 URDU,6,2,4,0,0,0,6,2,4
C0116,28,544,586150,Mulakuddu (CT),022015, Urdu,6,2,4,0,0,0,6,2,4
C0116,28,544,586202,Bowluvada (CT),006000,6 HINDI ,21,13,8,0,0,0,21,13,8
C0116,28,544,586202,Bowluvada (CT),006240, Hindi,21,13,8,0,0,0,21,13,8
C0116,28,544,586202,Bowluvada (CT),011000,11 MALAYALAM,5,2,3,0,0,0,5,2,3
C0116,28,544,586202,Bowluvada (CT),011016, Malayalam,5,2,3,0,0,0,5,2,3
C0116,28,544,586202,Bowluvada (CT),015000,15 ODIA ,36,14,22,0,0,0,36,14,22
C0116,28,544,586202,Bowluvada (CT),015043, Odia,36,14,22,0,0,0,36,14,22
C0116,28,544,586202,Bowluvada (CT),020000,20 TAMIL ,13,6,7,0,0,0,13,6,7
C0116,28,544,586202,Bowluvada (CT),020027, Tamil,13,6,7,0,0,0,13,6,7
C0116,28,544,586202,Bowluvada (CT),021000,21 TELUGU ,4866,2364,2502,0,0,0,4866,2364,2502
C0116,28,544,586202,Bowluvada (CT),021046, Telugu,4866,2364,2502,0,0,0,4866,2364,2502
C0116,28,544,586202,Bowluvada (CT),022000,22 URDU,59,28,31,0,0,0,59,28,31
C0116,28,544,586202,Bowluvada (CT),022015, Urdu,59,28,31,0,0,0,59,28,31
C0116,28,544,586202,Bowluvada (CT),041000,41 GADABA ,1,0,1,0,0,0,1,0,1
C0116,28,544,586202,Bowluvada (CT),041001, Gadaba,1,0,1,0,0,0,1,0,1
C0116,28,544,586233,Chodavaram (CT),001000,1 ASSAMESE,2,2,0,0,0,0,2,2,0
C0116,28,544,586233,Chodavaram (CT),001002, Assamese,2,2,0,0,0,0,2,2,0
C0116,28,544,586233,Chodavaram (CT),002000,2 BENGALI ,6,5,1,0,0,0,6,5,1
C0116,28,544,586233,Chodavaram (CT),002007, Bengali,6,5,1,0,0,0,6,5,1
C0116,28,544,586233,Chodavaram (CT),005000,5 GUJARATI,1,1,0,0,0,0,1,1,0
C0116,28,544,586233,Chodavaram (CT),005999,5 Others,1,1,0,0,0,0,1,1,0
C0116,28,544,586233,Chodavaram (CT),006000,6 HINDI ,78,45,33,0,0,0,78,45,33
C0116,28,544,586233,Chodavaram (CT),006240, Hindi,60,36,24,0,0,0,60,36,24
C0116,28,544,586233,Chodavaram (CT),006400, Marwari,10,7,3,0,0,0,10,7,3
C0116,28,544,586233,Chodavaram (CT),006489, Rajasthani,8,2,6,0,0,0,8,2,6
C0116,28,544,586233,Chodavaram (CT),007000,7 KANNADA,6,5,1,0,0,0,6,5,1
C0116,28,544,586233,Chodavaram (CT),007016, Kannada,6,5,1,0,0,0,6,5,1
C0116,28,544,586233,Chodavaram (CT),011000,11 MALAYALAM,6,3,3,0,0,0,6,3,3
C0116,28,544,586233,Chodavaram (CT),011016, Malayalam,6,3,3,0,0,0,6,3,3
C0116,28,544,586233,Chodavaram (CT),013000,13 MARATHI ,28,11,17,0,0,0,28,11,17
C0116,28,544,586233,Chodavaram (CT),013071, Marathi,28,11,17,0,0,0,28,11,17
C0116,28,544,586233,Chodavaram (CT),014000,14 NEPALI ,2,1,1,0,0,0,2,1,1
C0116,28,544,586233,Chodavaram (CT),014011, Nepali,2,1,1,0,0,0,2,1,1
C0116,28,544,586233,Chodavaram (CT),015000,15 ODIA ,371,173,198,0,0,0,371,173,198
C0116,28,544,586233,Chodavaram (CT),015055, Relli,371,173,198,0,0,0,371,173,198
C0116,28,544,586233,Chodavaram (CT),020000,20 TAMIL ,16,8,8,0,0,0,16,8,8
C0116,28,544,586233,Chodavaram (CT),020027, Tamil,5,2,3,0,0,0,5,2,3
C0116,28,544,586233,Chodavaram (CT),020029, Yerukala/Yerukula,11,6,5,0,0,0,11,6,5
C0116,28,544,586233,Chodavaram (CT),021000,21 TELUGU ,19628,9553,10075,0,0,0,19628,9553,10075
C0116,28,544,586233,Chodavaram (CT),021046, Telugu,19628,9553,10075,0,0,0,19628,9553,10075
C0116,28,544,586233,Chodavaram (CT),022000,22 URDU,107,61,46,0,0,0,107,61,46
C0116,28,544,586233,Chodavaram (CT),022015, Urdu,107,61,46,0,0,0,107,61,46
C0116,28,544,586424,Yelamanchili (CT),001000,1 ASSAMESE,1,1,0,0,0,0,1,1,0
C0116,28,544,586424,Yelamanchili (CT),001002, Assamese,1,1,0,0,0,0,1,1,0
C0116,28,544,586424,Yelamanchili (CT),002000,2 BENGALI ,8,2,6,0,0,0,8,2,6
C0116,28,544,586424,Yelamanchili (CT),002007, Bengali,8,2,6,0,0,0,8,2,6
C0116,28,544,586424,Yelamanchili (CT),005000,5 GUJARATI,2,1,1,0,0,0,2,1,1
C0116,28,544,586424,Yelamanchili (CT),005999,5 Others,2,1,1,0,0,0,2,1,1
C0116,28,544,586424,Yelamanchili (CT),006000,6 HINDI ,42,24,18,0,0,0,42,24,18
C0116,28,544,586424,Yelamanchili (CT),006240, Hindi,33,19,14,0,0,0,33,19,14
C0116,28,544,586424,Yelamanchili (CT),006400, Marwari,9,5,4,0,0,0,9,5,4
C0116,28,544,586424,Yelamanchili (CT),007000,7 KANNADA,8,7,1,0,0,0,8,7,1
C0116,28,544,586424,Yelamanchili (CT),007016, Kannada,8,7,1,0,0,0,8,7,1
C0116,28,544,586424,Yelamanchili (CT),011000,11 MALAYALAM,4,2,2,0,0,0,4,2,2
C0116,28,544,586424,Yelamanchili (CT),011016, Malayalam,4,2,2,0,0,0,4,2,2
C0116,28,544,586424,Yelamanchili (CT),013000,13 MARATHI ,23,10,13,0,0,0,23,10,13
C0116,28,544,586424,Yelamanchili (CT),013071, Marathi,23,10,13,0,0,0,23,10,13
C0116,28,544,586424,Yelamanchili (CT),015000,15 ODIA ,22,10,12,0,0,0,22,10,12
C0116,28,544,586424,Yelamanchili (CT),015043, Odia,22,10,12,0,0,0,22,10,12
C0116,28,544,586424,Yelamanchili (CT),016000,16 PUNJABI ,4,2,2,0,0,0,4,2,2
C0116,28,544,586424,Yelamanchili (CT),016038, Punjabi,4,2,2,0,0,0,4,2,2
C0116,28,544,586424,Yelamanchili (CT),019000,19 SINDHI,1,1,0,0,0,0,1,1,0
C0116,28,544,586424,Yelamanchili (CT),019014, Sindhi,1,1,0,0,0,0,1,1,0
C0116,28,544,586424,Yelamanchili (CT),020000,20 TAMIL ,44,22,22,0,0,0,44,22,22
C0116,28,544,586424,Yelamanchili (CT),020027, Tamil,44,22,22,0,0,0,44,22,22
C0116,28,544,586424,Yelamanchili (CT),021000,21 TELUGU ,26755,13110,13645,0,0,0,26755,13110,13645
C0116,28,544,586424,Yelamanchili (CT),021046, Telugu,26755,13110,13645,0,0,0,26755,13110,13645
C0116,28,544,586424,Yelamanchili (CT),022000,22 URDU,335,166,169,0,0,0,335,166,169
C0116,28,544,586424,Yelamanchili (CT),022015, Urdu,335,166,169,0,0,0,335,166,169
C0116,28,544,586424,Yelamanchili (CT),040000,40 ENGLISH ,6,3,3,0,0,0,6,3,3
C0116,28,544,586424,Yelamanchili (CT),040001, English,6,3,3,0,0,0,6,3,3
C0116,28,544,586424,Yelamanchili (CT),117000,117 TULU ,8,3,5,0,0,0,8,3,5
C0116,28,544,586424,Yelamanchili (CT),117009, Tulu,8,3,5,0,0,0,8,3,5
C0116,28,544,586424,Yelamanchili (CT),124000,124 OTHERS,2,1,1,0,0,0,2,1,1
C0116,28,544,586455,Nakkapalle (CT),006000,6 HINDI ,12,7,5,0,0,0,12,7,5
C0116,28,544,586455,Nakkapalle (CT),006240, Hindi,1,1,0,0,0,0,1,1,0
C0116,28,544,586455,Nakkapalle (CT),006489, Rajasthani,11,6,5,0,0,0,11,6,5
C0116,28,544,586455,Nakkapalle (CT),011000,11 MALAYALAM,3,3,0,0,0,0,3,3,0
C0116,28,544,586455,Nakkapalle (CT),011016, Malayalam,3,3,0,0,0,0,3,3,0
C0116,28,544,586455,Nakkapalle (CT),020000,20 TAMIL ,25,16,9,0,0,0,25,16,9
C0116,28,544,586455,Nakkapalle (CT),020027, Tamil,25,16,9,0,0,0,25,16,9
C0116,28,544,586455,Nakkapalle (CT),021000,21 TELUGU ,7513,3497,4016,0,0,0,7513,3497,4016
C0116,28,544,586455,Nakkapalle (CT),021046, Telugu,7513,3497,4016,0,0,0,7513,3497,4016
C0116,28,544,586455,Nakkapalle (CT),022000,22 URDU,50,28,22,0,0,0,50,28,22
C0116,28,544,586455,Nakkapalle (CT),022015, Urdu,50,28,22,0,0,0,50,28,22
C0116,28,544,586474,Payakaraopeta (CT),002000,2 BENGALI ,6,4,2,0,0,0,6,4,2
C0116,28,544,586474,Payakaraopeta (CT),002007, Bengali,6,4,2,0,0,0,6,4,2
C0116,28,544,586474,Payakaraopeta (CT),003000,3 BODO ,429,206,223,0,0,0,429,206,223
C0116,28,544,586474,Payakaraopeta (CT),003003, Kachari,429,206,223,0,0,0,429,206,223
C0116,28,544,586474,Payakaraopeta (CT),005000,5 GUJARATI,28,12,16,0,0,0,28,12,16
C0116,28,544,586474,Payakaraopeta (CT),005018, Gujarati,28,12,16,0,0,0,28,12,16
C0116,28,544,586474,Payakaraopeta (CT),006000,6 HINDI ,48,25,23,0,0,0,48,25,23
C0116,28,544,586474,Payakaraopeta (CT),006240, Hindi,42,21,21,0,0,0,42,21,21
C0116,28,544,586474,Payakaraopeta (CT),006320, Khortha/Khotta,1,1,0,0,0,0,1,1,0
C0116,28,544,586474,Payakaraopeta (CT),006353, Lamani/Lambadi,1,1,0,0,0,0,1,1,0
C0116,28,544,586474,Payakaraopeta (CT),006400, Marwari,4,2,2,0,0,0,4,2,2
C0116,28,544,586474,Payakaraopeta (CT),007000,7 KANNADA,4,2,2,0,0,0,4,2,2
C0116,28,544,586474,Payakaraopeta (CT),007016, Kannada,4,2,2,0,0,0,4,2,2
C0116,28,544,586474,Payakaraopeta (CT),011000,11 MALAYALAM,10,1,9,0,0,0,10,1,9
C0116,28,544,586474,Payakaraopeta (CT),011016, Malayalam,10,1,9,0,0,0,10,1,9
C0116,28,544,586474,Payakaraopeta (CT),013000,13 MARATHI ,12,8,4,0,0,0,12,8,4
C0116,28,544,586474,Payakaraopeta (CT),013071, Marathi,12,8,4,0,0,0,12,8,4
C0116,28,544,586474,Payakaraopeta (CT),014000,14 NEPALI ,8,5,3,0,0,0,8,5,3
C0116,28,544,586474,Payakaraopeta (CT),014011, Nepali,8,5,3,0,0,0,8,5,3
C0116,28,544,586474,Payakaraopeta (CT),015000,15 ODIA ,565,278,287,0,0,0,565,278,287
C0116,28,544,586474,Payakaraopeta (CT),015043, Odia,13,6,7,0,0,0,13,6,7
C0116,28,544,586474,Payakaraopeta (CT),015055, Relli,17,8,9,0,0,0,17,8,9
C0116,28,544,586474,Payakaraopeta (CT),015999,15 Others,535,264,271,0,0,0,535,264,271
C0116,28,544,586474,Payakaraopeta (CT),020000,20 TAMIL ,17,9,8,0,0,0,17,9,8
C0116,28,544,586474,Payakaraopeta (CT),020027, Tamil,17,9,8,0,0,0,17,9,8
C0116,28,544,586474,Payakaraopeta (CT),021000,21 TELUGU ,25210,12373,12837,0,0,0,25210,12373,12837
C0116,28,544,586474,Payakaraopeta (CT),021046, Telugu,25210,12373,12837,0,0,0,25210,12373,12837
C0116,28,544,586474,Payakaraopeta (CT),022000,22 URDU,613,305,308,0,0,0,613,305,308
C0116,28,544,586474,Payakaraopeta (CT),022015, Urdu,613,305,308,0,0,0,613,305,308
C0116,28,544,586474,Payakaraopeta (CT),040000,40 ENGLISH ,2,0,2,0,0,0,2,0,2
C0116,28,544,586474,Payakaraopeta (CT),040001, English,2,0,2,0,0,0,2,0,2
C0116,28,544,586474,Payakaraopeta (CT),124000,124 OTHERS,49,24,25,0,0,0,49,24,25
C0116,28,545,000000,East Godavari,001000,1 ASSAMESE,88,45,43,0,0,0,88,45,43
C0116,28,545,000000,East Godavari,001002, Assamese,88,45,43,0,0,0,88,45,43
C0116,28,545,000000,East Godavari,002000,2 BENGALI ,703,391,312,0,0,0,703,391,312
C0116,28,545,000000,East Godavari,002007, Bengali,703,391,312,0,0,0,703,391,312
C0116,28,545,000000,East Godavari,003000,3 BODO ,1,0,1,0,0,0,1,0,1
C0116,28,545,000000,East Godavari,003003, Kachari,1,0,1,0,0,0,1,0,1
C0116,28,545,000000,East Godavari,004000,4 DOGRI ,4,1,3,0,0,0,4,1,3
C0116,28,545,000000,East Godavari,004001, Dogri,4,1,3,0,0,0,4,1,3
C0116,28,545,000000,East Godavari,005000,5 GUJARATI,329,162,167,0,0,0,329,162,167
C0116,28,545,000000,East Godavari,005018, Gujarati,304,149,155,0,0,0,304,149,155
C0116,28,545,000000,East Godavari,005057, Saurashtra/Saurashtri,4,2,2,0,0,0,4,2,2
C0116,28,545,000000,East Godavari,005999,5 Others,21,11,10,0,0,0,21,11,10
C0116,28,545,000000,East Godavari,006000,6 HINDI ,9738,5266,4472,0,0,0,9738,5266,4472
C0116,28,545,000000,East Godavari,006066, Banjari,8,5,3,0,0,0,8,5,3
C0116,28,545,000000,East Godavari,006102, Bhojpuri,44,26,18,0,0,0,44,26,18
C0116,28,545,000000,East Godavari,006235, Haryanvi,6,5,1,0,0,0,6,5,1
C0116,28,545,000000,East Godavari,006240, Hindi,5895,3223,2672,0,0,0,5895,3223,2672
C0116,28,545,000000,East Godavari,006320, Khortha/Khotta,1,0,1,0,0,0,1,0,1
C0116,28,545,000000,East Godavari,006353, Lamani/Lambadi,81,44,37,0,0,0,81,44,37
C0116,28,545,000000,East Godavari,006400, Marwari,3336,1766,1570,0,0,0,3336,1766,1570
C0116,28,545,000000,East Godavari,006489, Rajasthani,321,171,150,0,0,0,321,171,150
C0116,28,545,000000,East Godavari,006541, Sugali,10,5,5,0,0,0,10,5,5
C0116,28,545,000000,East Godavari,006999,6 Others,36,21,15,0,0,0,36,21,15
C0116,28,545,000000,East Godavari,007000,7 KANNADA,477,246,231,0,0,0,477,246,231
C0116,28,545,000000,East Godavari,007016, Kannada,477,246,231,0,0,0,477,246,231
C0116,28,545,000000,East Godavari,009000,9 KONKANI,44,24,20,0,0,0,44,24,20
C0116,28,545,000000,East Godavari,009011, Konkani,44,24,20,0,0,0,44,24,20
C0116,28,545,000000,East Godavari,010000,10 MAITHILI ,26,15,11,0,0,0,26,15,11
C0116,28,545,000000,East Godavari,010008, Maithili,26,15,11,0,0,0,26,15,11
C0116,28,545,000000,East Godavari,011000,11 MALAYALAM,1076,320,756,0,0,0,1076,320,756
C0116,28,545,000000,East Godavari,011016, Malayalam,1076,320,756,0,0,0,1076,320,756
C0116,28,545,000000,East Godavari,012000,12 MANIPURI ,89,2,87,0,0,0,89,2,87
C0116,28,545,000000,East Godavari,012003, Manipuri,89,2,87,0,0,0,89,2,87
C0116,28,545,000000,East Godavari,013000,13 MARATHI ,764,405,359,0,0,0,764,405,359
C0116,28,545,000000,East Godavari,013071, Marathi,764,405,359,0,0,0,764,405,359
C0116,28,545,000000,East Godavari,014000,14 NEPALI ,177,101,76,0,0,0,177,101,76
C0116,28,545,000000,East Godavari,014011, Nepali,177,101,76,0,0,0,177,101,76
C0116,28,545,000000,East Godavari,015000,15 ODIA ,2722,1378,1344,0,0,0,2722,1378,1344
C0116,28,545,000000,East Godavari,015043, Odia,1880,973,907,0,0,0,1880,973,907
C0116,28,545,000000,East Godavari,015055, Relli,809,393,416,0,0,0,809,393,416
C0116,28,545,000000,East Godavari,015999,15 Others,33,12,21,0,0,0,33,12,21
C0116,28,545,000000,East Godavari,016000,16 PUNJABI ,283,146,137,0,0,0,283,146,137
C0116,28,545,000000,East Godavari,016038, Punjabi,283,146,137,0,0,0,283,146,137
C0116,28,545,000000,East Godavari,017000,17 SANSKRIT ,29,19,10,0,0,0,29,19,10
C0116,28,545,000000,East Godavari,017002, Sanskrit,29,19,10,0,0,0,29,19,10
C0116,28,545,000000,East Godavari,018000,18 SANTALI ,8,3,5,0,0,0,8,3,5
C0116,28,545,000000,East Godavari,018040, Santali,8,3,5,0,0,0,8,3,5
C0116,28,545,000000,East Godavari,019000,19 SINDHI,263,127,136,0,0,0,263,127,136
C0116,28,545,000000,East Godavari,019008, Kachchhi,9,4,5,0,0,0,9,4,5
C0116,28,545,000000,East Godavari,019014, Sindhi,254,123,131,0,0,0,254,123,131
C0116,28,545,000000,East Godavari,020000,20 TAMIL ,2137,1106,1031,0,0,0,2137,1106,1031
C0116,28,545,000000,East Godavari,020027, Tamil,2100,1085,1015,0,0,0,2100,1085,1015
C0116,28,545,000000,East Godavari,020029, Yerukala/Yerukula,34,18,16,0,0,0,34,18,16
C0116,28,545,000000,East Godavari,020999,20 Others,3,3,0,0,0,0,3,3,0
C0116,28,545,000000,East Godavari,021000,21 TELUGU ,1255404,617942,637462,0,0,0,1255404,617942,637462
C0116,28,545,000000,East Godavari,021046, Telugu,1255404,617942,637462,0,0,0,1255404,617942,637462
C0116,28,545,000000,East Godavari,022000,22 URDU,38982,19431,19551,0,0,0,38982,19431,19551
C0116,28,545,000000,East Godavari,022015, Urdu,38979,19429,19550,0,0,0,38979,19429,19550
C0116,28,545,000000,East Godavari,022999,22 Others,3,2,1,0,0,0,3,2,1
C0116,28,545,000000,East Godavari,023000,23 ADI ,1,0,1,0,0,0,1,0,1
C0116,28,545,000000,East Godavari,023040, Talgalo,1,0,1,0,0,0,1,0,1
C0116,28,545,000000,East Godavari,024000,24 AFGHANI/KABULI/PASHTO ,1,0,1,0,0,0,1,0,1
C0116,28,545,000000,East Godavari,024001, Afghani/Kabuli/Pashto,1,0,1,0,0,0,1,0,1
C0116,28,545,000000,East Godavari,028000,28 ARABIC/ARBI ,33,17,16,0,0,0,33,17,16
C0116,28,545,000000,East Godavari,028001, Arabic/Arbi,33,17,16,0,0,0,33,17,16
C0116,28,545,000000,East Godavari,030000,30 BHILI/BHILODI ,10,4,6,0,0,0,10,4,6
C0116,28,545,000000,East Godavari,030035, Kokna/Kokni/Kukna,10,4,6,0,0,0,10,4,6
C0116,28,545,000000,East Godavari,039000,39 DIMASA ,10,7,3,0,0,0,10,7,3
C0116,28,545,000000,East Godavari,039999,39 Others,10,7,3,0,0,0,10,7,3
C0116,28,545,000000,East Godavari,040000,40 ENGLISH ,366,175,191,0,0,0,366,175,191
C0116,28,545,000000,East Godavari,040001, English,366,175,191,0,0,0,366,175,191
C0116,28,545,000000,East Godavari,051000,51 KABUI ,21,0,21,0,0,0,21,0,21
C0116,28,545,000000,East Godavari,051003, Kabui,2,0,2,0,0,0,2,0,2
C0116,28,545,000000,East Godavari,051005, Rongmei,19,0,19,0,0,0,19,0,19
C0116,28,545,000000,East Godavari,054000,54 KHARIA ,3,3,0,0,0,0,3,3,0
C0116,28,545,000000,East Godavari,054005, Kharia,3,3,0,0,0,0,3,3,0
C0116,28,545,000000,East Godavari,067000,67 KORKU ,1,1,0,0,0,0,1,1,0
C0116,28,545,000000,East Godavari,067001, Korku,1,1,0,0,0,0,1,1,0
C0116,28,545,000000,East Godavari,071000,71 KUKI,6,0,6,0,0,0,6,0,6
C0116,28,545,000000,East Godavari,071008, Kuki,6,0,6,0,0,0,6,0,6
C0116,28,545,000000,East Godavari,076000,76 LAKHER,1,0,1,0,0,0,1,0,1
C0116,28,545,000000,East Godavari,076002, Mara,1,0,1,0,0,0,1,0,1
C0116,28,545,000000,East Godavari,082000,82 LUSHAI/MIZO ,8,0,8,0,0,0,8,0,8
C0116,28,545,000000,East Godavari,082005, Lushai/Mizo,8,0,8,0,0,0,8,0,8
C0116,28,545,000000,East Godavari,088000,88 MISHMI ,1,0,1,0,0,0,1,0,1
C0116,28,545,000000,East Godavari,088007, Mishmi,1,0,1,0,0,0,1,0,1
C0116,28,545,000000,East Godavari,096000,96 PAITE,2,0,2,0,0,0,2,0,2
C0116,28,545,000000,East Godavari,096002, Paite,2,0,2,0,0,0,2,0,2
C0116,28,545,000000,East Godavari,113000,113 TANGSA,3,0,3,0,0,0,3,0,3
C0116,28,545,000000,East Godavari,113999,113 Others,3,0,3,0,0,0,3,0,3
C0116,28,545,000000,East Godavari,114000,114 THADO ,2,0,2,0,0,0,2,0,2
C0116,28,545,000000,East Godavari,114015, Thado,2,0,2,0,0,0,2,0,2
C0116,28,545,000000,East Godavari,115000,115 TIBETAN ,8,0,8,0,0,0,8,0,8
C0116,28,545,000000,East Godavari,115008, Tibetan,8,0,8,0,0,0,8,0,8
C0116,28,545,000000,East Godavari,117000,117 TULU ,38,21,17,0,0,0,38,21,17
C0116,28,545,000000,East Godavari,117009, Tulu,38,21,17,0,0,0,38,21,17
C0116,28,545,000000,East Godavari,118000,118 VAIPHEI ,4,0,4,0,0,0,4,0,4
C0116,28,545,000000,East Godavari,118002, Vaiphei,4,0,4,0,0,0,4,0,4
C0116,28,545,000000,East Godavari,123000,123 ZOU ,19,1,18,0,0,0,19,1,18
C0116,28,545,000000,East Godavari,123001, Zou,19,1,18,0,0,0,19,1,18
C0116,28,545,000000,East Godavari,124000,124 OTHERS,90,36,54,0,0,0,90,36,54
C0116,28,545,802950,Tuni (M),002000,2 BENGALI ,13,5,8,0,0,0,13,5,8
C0116,28,545,802950,Tuni (M),002007, Bengali,13,5,8,0,0,0,13,5,8
C0116,28,545,802950,Tuni (M),005000,5 GUJARATI,2,1,1,0,0,0,2,1,1
C0116,28,545,802950,Tuni (M),005018, Gujarati,2,1,1,0,0,0,2,1,1
C0116,28,545,802950,Tuni (M),006000,6 HINDI ,223,116,107,0,0,0,223,116,107
C0116,28,545,802950,Tuni (M),006102, Bhojpuri,5,2,3,0,0,0,5,2,3
C0116,28,545,802950,Tuni (M),006240, Hindi,151,78,73,0,0,0,151,78,73
C0116,28,545,802950,Tuni (M),006353, Lamani/Lambadi,4,2,2,0,0,0,4,2,2
C0116,28,545,802950,Tuni (M),006400, Marwari,52,27,25,0,0,0,52,27,25
C0116,28,545,802950,Tuni (M),006489, Rajasthani,5,4,1,0,0,0,5,4,1
C0116,28,545,802950,Tuni (M),006999,6 Others,6,3,3,0,0,0,6,3,3
C0116,28,545,802950,Tuni (M),007000,7 KANNADA,29,19,10,0,0,0,29,19,10
C0116,28,545,802950,Tuni (M),007016, Kannada,29,19,10,0,0,0,29,19,10
C0116,28,545,802950,Tuni (M),011000,11 MALAYALAM,15,7,8,0,0,0,15,7,8
C0116,28,545,802950,Tuni (M),011016, Malayalam,15,7,8,0,0,0,15,7,8
C0116,28,545,802950,Tuni (M),013000,13 MARATHI ,43,20,23,0,0,0,43,20,23
C0116,28,545,802950,Tuni (M),013071, Marathi,43,20,23,0,0,0,43,20,23
C0116,28,545,802950,Tuni (M),014000,14 NEPALI ,2,1,1,0,0,0,2,1,1
C0116,28,545,802950,Tuni (M),014011, Nepali,2,1,1,0,0,0,2,1,1
C0116,28,545,802950,Tuni (M),015000,15 ODIA ,37,20,17,0,0,0,37,20,17
C0116,28,545,802950,Tuni (M),015043, Odia,37,20,17,0,0,0,37,20,17
C0116,28,545,802950,Tuni (M),020000,20 TAMIL ,77,43,34,0,0,0,77,43,34
C0116,28,545,802950,Tuni (M),020027, Tamil,77,43,34,0,0,0,77,43,34
C0116,28,545,802950,Tuni (M),021000,21 TELUGU ,51826,25101,26725,0,0,0,51826,25101,26725
C0116,28,545,802950,Tuni (M),021046, Telugu,51826,25101,26725,0,0,0,51826,25101,26725
C0116,28,545,802950,Tuni (M),022000,22 URDU,1157,589,568,0,0,0,1157,589,568
C0116,28,545,802950,Tuni (M),022015, Urdu,1157,589,568,0,0,0,1157,589,568
C0116,28,545,802950,Tuni (M),040000,40 ENGLISH ,1,0,1,0,0,0,1,0,1
C0116,28,545,802950,Tuni (M),040001, English,1,0,1,0,0,0,1,0,1
C0116,28,545,802951,Peddapuram (M),002000,2 BENGALI ,7,4,3,0,0,0,7,4,3
C0116,28,545,802951,Peddapuram (M),002007, Bengali,7,4,3,0,0,0,7,4,3
C0116,28,545,802951,Peddapuram (M),006000,6 HINDI ,241,140,101,0,0,0,241,140,101
C0116,28,545,802951,Peddapuram (M),006102, Bhojpuri,4,3,1,0,0,0,4,3,1
C0116,28,545,802951,Peddapuram (M),006235, Haryanvi,3,3,0,0,0,0,3,3,0
C0116,28,545,802951,Peddapuram (M),006240, Hindi,157,88,69,0,0,0,157,88,69
C0116,28,545,802951,Peddapuram (M),006400, Marwari,54,34,20,0,0,0,54,34,20
C0116,28,545,802951,Peddapuram (M),006489, Rajasthani,23,12,11,0,0,0,23,12,11
C0116,28,545,802951,Peddapuram (M),007000,7 KANNADA,1,0,1,0,0,0,1,0,1
C0116,28,545,802951,Peddapuram (M),007016, Kannada,1,0,1,0,0,0,1,0,1
C0116,28,545,802951,Peddapuram (M),011000,11 MALAYALAM,1,1,0,0,0,0,1,1,0
C0116,28,545,802951,Peddapuram (M),011016, Malayalam,1,1,0,0,0,0,1,1,0
C0116,28,545,802951,Peddapuram (M),013000,13 MARATHI ,29,19,10,0,0,0,29,19,10
C0116,28,545,802951,Peddapuram (M),013071, Marathi,29,19,10,0,0,0,29,19,10
C0116,28,545,802951,Peddapuram (M),015000,15 ODIA ,66,34,32,0,0,0,66,34,32
C0116,28,545,802951,Peddapuram (M),015043, Odia,25,11,14,0,0,0,25,11,14
C0116,28,545,802951,Peddapuram (M),015055, Relli,41,23,18,0,0,0,41,23,18
C0116,28,545,802951,Peddapuram (M),016000,16 PUNJABI ,5,2,3,0,0,0,5,2,3
C0116,28,545,802951,Peddapuram (M),016038, Punjabi,5,2,3,0,0,0,5,2,3
C0116,28,545,802951,Peddapuram (M),020000,20 TAMIL ,27,17,10,0,0,0,27,17,10
C0116,28,545,802951,Peddapuram (M),020027, Tamil,27,17,10,0,0,0,27,17,10
C0116,28,545,802951,Peddapuram (M),021000,21 TELUGU ,48091,23596,24495,0,0,0,48091,23596,24495
C0116,28,545,802951,Peddapuram (M),021046, Telugu,48091,23596,24495,0,0,0,48091,23596,24495
C0116,28,545,802951,Peddapuram (M),022000,22 URDU,1006,519,487,0,0,0,1006,519,487
C0116,28,545,802951,Peddapuram (M),022015, Urdu,1006,519,487,0,0,0,1006,519,487
C0116,28,545,802951,Peddapuram (M),040000,40 ENGLISH ,3,2,1,0,0,0,3,2,1
C0116,28,545,802951,Peddapuram (M),040001, English,3,2,1,0,0,0,3,2,1
C0116,28,545,802952,Rajahmundry (M Corp. + OG) (Part),001000,1 ASSAMESE,61,35,26,0,0,0,61,35,26
C0116,28,545,802952,Rajahmundry (M Corp. + OG) (Part),001002, Assamese,61,35,26,0,0,0,61,35,26
C0116,28,545,802952,Rajahmundry (M Corp. + OG) (Part),002000,2 BENGALI ,456,255,201,0,0,0,456,255,201
C0116,28,545,802952,Rajahmundry (M Corp. + OG) (Part),002007, Bengali,456,255,201,0,0,0,456,255,201
C0116,28,545,802952,Rajahmundry (M Corp. + OG) (Part),004000,4 DOGRI ,4,1,3,0,0,0,4,1,3
C0116,28,545,802952,Rajahmundry (M Corp. + OG) (Part),004001, Dogri,4,1,3,0,0,0,4,1,3
C0116,28,545,802952,Rajahmundry (M Corp. + OG) (Part),005000,5 GUJARATI,171,86,85,0,0,0,171,86,85
C0116,28,545,802952,Rajahmundry (M Corp. + OG) (Part),005018, Gujarati,165,83,82,0,0,0,165,83,82
C0116,28,545,802952,Rajahmundry (M Corp. + OG) (Part),005999,5 Others,6,3,3,0,0,0,6,3,3
C0116,28,545,802952,Rajahmundry (M Corp. + OG) (Part),006000,6 HINDI ,4633,2485,2148,0,0,0,4633,2485,2148
C0116,28,545,802952,Rajahmundry (M Corp. + OG) (Part),006066, Banjari,4,2,2,0,0,0,4,2,2
C0116,28,545,802952,Rajahmundry (M Corp. + OG) (Part),006102, Bhojpuri,7,6,1,0,0,0,7,6,1
C0116,28,545,802952,Rajahmundry (M Corp. + OG) (Part),006240, Hindi,2664,1432,1232,0,0,0,2664,1432,1232
C0116,28,545,802952,Rajahmundry (M Corp. + OG) (Part),006353, Lamani/Lambadi,62,36,26,0,0,0,62,36,26
C0116,28,545,802952,Rajahmundry (M Corp. + OG) (Part),006400, Marwari,1742,921,821,0,0,0,1742,921,821
C0116,28,545,802952,Rajahmundry (M Corp. + OG) (Part),006489, Rajasthani,130,74,56,0,0,0,130,74,56
C0116,28,545,802952,Rajahmundry (M Corp. + OG) (Part),006541, Sugali,9,5,4,0,0,0,9,5,4
C0116,28,545,802952,Rajahmundry (M Corp. + OG) (Part),006999,6 Others,15,9,6,0,0,0,15,9,6
C0116,28,545,802952,Rajahmundry (M Corp. + OG) (Part),007000,7 KANNADA,174,93,81,0,0,0,174,93,81
C0116,28,545,802952,Rajahmundry (M Corp. + OG) (Part),007016, Kannada,174,93,81,0,0,0,174,93,81
C0116,28,545,802952,Rajahmundry (M Corp. + OG) (Part),009000,9 KONKANI,14,9,5,0,0,0,14,9,5
C0116,28,545,802952,Rajahmundry (M Corp. + OG) (Part),009011, Konkani,14,9,5,0,0,0,14,9,5
C0116,28,545,802952,Rajahmundry (M Corp. + OG) (Part),010000,10 MAITHILI ,13,8,5,0,0,0,13,8,5
C0116,28,545,802952,Rajahmundry (M Corp. + OG) (Part),010008, Maithili,13,8,5,0,0,0,13,8,5
C0116,28,545,802952,Rajahmundry (M Corp. + OG) (Part),011000,11 MALAYALAM,343,127,216,0,0,0,343,127,216
C0116,28,545,802952,Rajahmundry (M Corp. + OG) (Part),011016, Malayalam,343,127,216,0,0,0,343,127,216
C0116,28,545,802952,Rajahmundry (M Corp. + OG) (Part),012000,12 MANIPURI ,3,0,3,0,0,0,3,0,3
C0116,28,545,802952,Rajahmundry (M Corp. + OG) (Part),012003, Manipuri,3,0,3,0,0,0,3,0,3
C0116,28,545,802952,Rajahmundry (M Corp. + OG) (Part),013000,13 MARATHI ,315,173,142,0,0,0,315,173,142
C0116,28,545,802952,Rajahmundry (M Corp. + OG) (Part),013071, Marathi,315,173,142,0,0,0,315,173,142
C0116,28,545,802952,Rajahmundry (M Corp. + OG) (Part),014000,14 NEPALI ,26,11,15,0,0,0,26,11,15
C0116,28,545,802952,Rajahmundry (M Corp. + OG) (Part),014011, Nepali,26,11,15,0,0,0,26,11,15
C0116,28,545,802952,Rajahmundry (M Corp. + OG) (Part),015000,15 ODIA ,1164,567,597,0,0,0,1164,567,597
C0116,28,545,802952,Rajahmundry (M Corp. + OG) (Part),015043, Odia,394,200,194,0,0,0,394,200,194
C0116,28,545,802952,Rajahmundry (M Corp. + OG) (Part),015055, Relli,737,355,382,0,0,0,737,355,382
C0116,28,545,802952,Rajahmundry (M Corp. + OG) (Part),015999,15 Others,33,12,21,0,0,0,33,12,21
C0116,28,545,802952,Rajahmundry (M Corp. + OG) (Part),016000,16 PUNJABI ,83,42,41,0,0,0,83,42,41
C0116,28,545,802952,Rajahmundry (M Corp. + OG) (Part),016038, Punjabi,83,42,41,0,0,0,83,42,41
C0116,28,545,802952,Rajahmundry (M Corp. + OG) (Part),017000,17 SANSKRIT ,25,16,9,0,0,0,25,16,9
C0116,28,545,802952,Rajahmundry (M Corp. + OG) (Part),017002, Sanskrit,25,16,9,0,0,0,25,16,9
C0116,28,545,802952,Rajahmundry (M Corp. + OG) (Part),018000,18 SANTALI ,8,3,5,0,0,0,8,3,5
C0116,28,545,802952,Rajahmundry (M Corp. + OG) (Part),018040, Santali,8,3,5,0,0,0,8,3,5
C0116,28,545,802952,Rajahmundry (M Corp. + OG) (Part),019000,19 SINDHI,221,109,112,0,0,0,221,109,112
C0116,28,545,802952,Rajahmundry (M Corp. + OG) (Part),019014, Sindhi,221,109,112,0,0,0,221,109,112
C0116,28,545,802952,Rajahmundry (M Corp. + OG) (Part),020000,20 TAMIL ,1097,563,534,0,0,0,1097,563,534
C0116,28,545,802952,Rajahmundry (M Corp. + OG) (Part),020027, Tamil,1096,562,534,0,0,0,1096,562,534
C0116,28,545,802952,Rajahmundry (M Corp. + OG) (Part),020999,20 Others,1,1,0,0,0,0,1,1,0
C0116,28,545,802952,Rajahmundry (M Corp. + OG) (Part),021000,21 TELUGU ,354223,174699,179524,0,0,0,354223,174699,179524
C0116,28,545,802952,Rajahmundry (M Corp. + OG) (Part),021046, Telugu,354223,174699,179524,0,0,0,354223,174699,179524
C0116,28,545,802952,Rajahmundry (M Corp. + OG) (Part),022000,22 URDU,13124,6594,6530,0,0,0,13124,6594,6530
C0116,28,545,802952,Rajahmundry (M Corp. + OG) (Part),022015, Urdu,13124,6594,6530,0,0,0,13124,6594,6530
C0116,28,545,802952,Rajahmundry (M Corp. + OG) (Part),028000,28 ARABIC/ARBI ,12,7,5,0,0,0,12,7,5
C0116,28,545,802952,Rajahmundry (M Corp. + OG) (Part),028001, Arabic/Arbi,12,7,5,0,0,0,12,7,5
C0116,28,545,802952,Rajahmundry (M Corp. + OG) (Part),039000,39 DIMASA ,10,7,3,0,0,0,10,7,3
C0116,28,545,802952,Rajahmundry (M Corp. + OG) (Part),039999,39 Others,10,7,3,0,0,0,10,7,3
C0116,28,545,802952,Rajahmundry (M Corp. + OG) (Part),040000,40 ENGLISH ,115,58,57,0,0,0,115,58,57
C0116,28,545,802952,Rajahmundry (M Corp. + OG) (Part),040001, English,115,58,57,0,0,0,115,58,57
C0116,28,545,802952,Rajahmundry (M Corp. + OG) (Part),117000,117 TULU ,5,2,3,0,0,0,5,2,3
C0116,28,545,802952,Rajahmundry (M Corp. + OG) (Part),117009, Tulu,5,2,3,0,0,0,5,2,3
C0116,28,545,802952,Rajahmundry (M Corp. + OG) (Part),124000,124 OTHERS,33,20,13,0,0,0,33,20,13
C0116,28,545,802953,Samalkot (M),002000,2 BENGALI ,11,6,5,0,0,0,11,6,5
C0116,28,545,802953,Samalkot (M),002007, Bengali,11,6,5,0,0,0,11,6,5
C0116,28,545,802953,Samalkot (M),005000,5 GUJARATI,1,0,1,0,0,0,1,0,1
C0116,28,545,802953,Samalkot (M),005018, Gujarati,1,0,1,0,0,0,1,0,1
C0116,28,545,802953,Samalkot (M),006000,6 HINDI ,326,169,157,0,0,0,326,169,157
C0116,28,545,802953,Samalkot (M),006066, Banjari,4,3,1,0,0,0,4,3,1
C0116,28,545,802953,Samalkot (M),006240, Hindi,285,142,143,0,0,0,285,142,143
C0116,28,545,802953,Samalkot (M),006400, Marwari,31,20,11,0,0,0,31,20,11
C0116,28,545,802953,Samalkot (M),006489, Rajasthani,6,4,2,0,0,0,6,4,2
C0116,28,545,802953,Samalkot (M),007000,7 KANNADA,6,2,4,0,0,0,6,2,4
C0116,28,545,802953,Samalkot (M),007016, Kannada,6,2,4,0,0,0,6,2,4
C0116,28,545,802953,Samalkot (M),011000,11 MALAYALAM,14,6,8,0,0,0,14,6,8
C0116,28,545,802953,Samalkot (M),011016, Malayalam,14,6,8,0,0,0,14,6,8
C0116,28,545,802953,Samalkot (M),013000,13 MARATHI ,16,10,6,0,0,0,16,10,6
C0116,28,545,802953,Samalkot (M),013071, Marathi,16,10,6,0,0,0,16,10,6
C0116,28,545,802953,Samalkot (M),014000,14 NEPALI ,15,10,5,0,0,0,15,10,5
C0116,28,545,802953,Samalkot (M),014011, Nepali,15,10,5,0,0,0,15,10,5
C0116,28,545,802953,Samalkot (M),015000,15 ODIA ,76,58,18,0,0,0,76,58,18
C0116,28,545,802953,Samalkot (M),015043, Odia,75,58,17,0,0,0,75,58,17
C0116,28,545,802953,Samalkot (M),015055, Relli,1,0,1,0,0,0,1,0,1
C0116,28,545,802953,Samalkot (M),016000,16 PUNJABI ,4,2,2,0,0,0,4,2,2
C0116,28,545,802953,Samalkot (M),016038, Punjabi,4,2,2,0,0,0,4,2,2
C0116,28,545,802953,Samalkot (M),020000,20 TAMIL ,85,48,37,0,0,0,85,48,37
C0116,28,545,802953,Samalkot (M),020027, Tamil,58,33,25,0,0,0,58,33,25
C0116,28,545,802953,Samalkot (M),020029, Yerukala/Yerukula,27,15,12,0,0,0,27,15,12
C0116,28,545,802953,Samalkot (M),021000,21 TELUGU ,55060,27180,27880,0,0,0,55060,27180,27880
C0116,28,545,802953,Samalkot (M),021046, Telugu,55060,27180,27880,0,0,0,55060,27180,27880
C0116,28,545,802953,Samalkot (M),022000,22 URDU,1243,620,623,0,0,0,1243,620,623
C0116,28,545,802953,Samalkot (M),022015, Urdu,1243,620,623,0,0,0,1243,620,623
C0116,28,545,802953,Samalkot (M),040000,40 ENGLISH ,5,3,2,0,0,0,5,3,2
C0116,28,545,802953,Samalkot (M),040001, English,5,3,2,0,0,0,5,3,2
C0116,28,545,802953,Samalkot (M),124000,124 OTHERS,2,1,1,0,0,0,2,1,1
C0116,28,545,802954,Pithapuram (M + OG),002000,2 BENGALI ,10,7,3,0,0,0,10,7,3
C0116,28,545,802954,Pithapuram (M + OG),002007, Bengali,10,7,3,0,0,0,10,7,3
C0116,28,545,802954,Pithapuram (M + OG),005000,5 GUJARATI,18,7,11,0,0,0,18,7,11
C0116,28,545,802954,Pithapuram (M + OG),005018, Gujarati,18,7,11,0,0,0,18,7,11
C0116,28,545,802954,Pithapuram (M + OG),006000,6 HINDI ,201,108,93,0,0,0,201,108,93
C0116,28,545,802954,Pithapuram (M + OG),006240, Hindi,139,72,67,0,0,0,139,72,67
C0116,28,545,802954,Pithapuram (M + OG),006400, Marwari,51,29,22,0,0,0,51,29,22
C0116,28,545,802954,Pithapuram (M + OG),006489, Rajasthani,11,7,4,0,0,0,11,7,4
C0116,28,545,802954,Pithapuram (M + OG),007000,7 KANNADA,8,5,3,0,0,0,8,5,3
C0116,28,545,802954,Pithapuram (M + OG),007016, Kannada,8,5,3,0,0,0,8,5,3
C0116,28,545,802954,Pithapuram (M + OG),011000,11 MALAYALAM,5,2,3,0,0,0,5,2,3
C0116,28,545,802954,Pithapuram (M + OG),011016, Malayalam,5,2,3,0,0,0,5,2,3
C0116,28,545,802954,Pithapuram (M + OG),013000,13 MARATHI ,25,14,11,0,0,0,25,14,11
C0116,28,545,802954,Pithapuram (M + OG),013071, Marathi,25,14,11,0,0,0,25,14,11
C0116,28,545,802954,Pithapuram (M + OG),014000,14 NEPALI ,17,13,4,0,0,0,17,13,4
C0116,28,545,802954,Pithapuram (M + OG),014011, Nepali,17,13,4,0,0,0,17,13,4
C0116,28,545,802954,Pithapuram (M + OG),015000,15 ODIA ,86,40,46,0,0,0,86,40,46
C0116,28,545,802954,Pithapuram (M + OG),015043, Odia,86,40,46,0,0,0,86,40,46
C0116,28,545,802954,Pithapuram (M + OG),020000,20 TAMIL ,88,37,51,0,0,0,88,37,51
C0116,28,545,802954,Pithapuram (M + OG),020027, Tamil,88,37,51,0,0,0,88,37,51
C0116,28,545,802954,Pithapuram (M + OG),021000,21 TELUGU ,52814,26155,26659,0,0,0,52814,26155,26659
C0116,28,545,802954,Pithapuram (M + OG),021046, Telugu,52814,26155,26659,0,0,0,52814,26155,26659
C0116,28,545,802954,Pithapuram (M + OG),022000,22 URDU,1580,774,806,0,0,0,1580,774,806
C0116,28,545,802954,Pithapuram (M + OG),022015, Urdu,1580,774,806,0,0,0,1580,774,806
C0116,28,545,802954,Pithapuram (M + OG),040000,40 ENGLISH ,7,1,6,0,0,0,7,1,6
C0116,28,545,802954,Pithapuram (M + OG),040001, English,7,1,6,0,0,0,7,1,6
C0116,28,545,802955,Kakinada (M Corp. + OG) (Part),001000,1 ASSAMESE,16,10,6,0,0,0,16,10,6
C0116,28,545,802955,Kakinada (M Corp. + OG) (Part),001002, Assamese,16,10,6,0,0,0,16,10,6
C0116,28,545,802955,Kakinada (M Corp. + OG) (Part),002000,2 BENGALI ,139,74,65,0,0,0,139,74,65
C0116,28,545,802955,Kakinada (M Corp. + OG) (Part),002007, Bengali,139,74,65,0,0,0,139,74,65
C0116,28,545,802955,Kakinada (M Corp. + OG) (Part),003000,3 BODO ,1,0,1,0,0,0,1,0,1
C0116,28,545,802955,Kakinada (M Corp. + OG) (Part),003003, Kachari,1,0,1,0,0,0,1,0,1
C0116,28,545,802955,Kakinada (M Corp. + OG) (Part),005000,5 GUJARATI,116,57,59,0,0,0,116,57,59
C0116,28,545,802955,Kakinada (M Corp. + OG) (Part),005018, Gujarati,102,51,51,0,0,0,102,51,51
C0116,28,545,802955,Kakinada (M Corp. + OG) (Part),005057, Saurashtra/Saurashtri,4,2,2,0,0,0,4,2,2
C0116,28,545,802955,Kakinada (M Corp. + OG) (Part),005999,5 Others,10,4,6,0,0,0,10,4,6
C0116,28,545,802955,Kakinada (M Corp. + OG) (Part),006000,6 HINDI ,2818,1489,1329,0,0,0,2818,1489,1329
C0116,28,545,802955,Kakinada (M Corp. + OG) (Part),006102, Bhojpuri,10,6,4,0,0,0,10,6,4
C0116,28,545,802955,Kakinada (M Corp. + OG) (Part),006235, Haryanvi,3,2,1,0,0,0,3,2,1
C0116,28,545,802955,Kakinada (M Corp. + OG) (Part),006240, Hindi,1517,815,702,0,0,0,1517,815,702
C0116,28,545,802955,Kakinada (M Corp. + OG) (Part),006353, Lamani/Lambadi,12,5,7,0,0,0,12,5,7
C0116,28,545,802955,Kakinada (M Corp. + OG) (Part),006400, Marwari,1156,602,554,0,0,0,1156,602,554
C0116,28,545,802955,Kakinada (M Corp. + OG) (Part),006489, Rajasthani,109,53,56,0,0,0,109,53,56
C0116,28,545,802955,Kakinada (M Corp. + OG) (Part),006999,6 Others,11,6,5,0,0,0,11,6,5
C0116,28,545,802955,Kakinada (M Corp. + OG) (Part),007000,7 KANNADA,191,96,95,0,0,0,191,96,95
C0116,28,545,802955,Kakinada (M Corp. + OG) (Part),007016, Kannada,191,96,95,0,0,0,191,96,95
C0116,28,545,802955,Kakinada (M Corp. + OG) (Part),009000,9 KONKANI,11,6,5,0,0,0,11,6,5
C0116,28,545,802955,Kakinada (M Corp. + OG) (Part),009011, Konkani,11,6,5,0,0,0,11,6,5
C0116,28,545,802955,Kakinada (M Corp. + OG) (Part),010000,10 MAITHILI ,3,2,1,0,0,0,3,2,1
C0116,28,545,802955,Kakinada (M Corp. + OG) (Part),010008, Maithili,3,2,1,0,0,0,3,2,1
C0116,28,545,802955,Kakinada (M Corp. + OG) (Part),011000,11 MALAYALAM,406,129,277,0,0,0,406,129,277
C0116,28,545,802955,Kakinada (M Corp. + OG) (Part),011016, Malayalam,406,129,277,0,0,0,406,129,277
C0116,28,545,802955,Kakinada (M Corp. + OG) (Part),012000,12 MANIPURI ,10,2,8,0,0,0,10,2,8
C0116,28,545,802955,Kakinada (M Corp. + OG) (Part),012003, Manipuri,10,2,8,0,0,0,10,2,8
C0116,28,545,802955,Kakinada (M Corp. + OG) (Part),013000,13 MARATHI ,155,72,83,0,0,0,155,72,83
C0116,28,545,802955,Kakinada (M Corp. + OG) (Part),013071, Marathi,155,72,83,0,0,0,155,72,83
C0116,28,545,802955,Kakinada (M Corp. + OG) (Part),014000,14 NEPALI ,59,38,21,0,0,0,59,38,21
C0116,28,545,802955,Kakinada (M Corp. + OG) (Part),014011, Nepali,59,38,21,0,0,0,59,38,21
C0116,28,545,802955,Kakinada (M Corp. + OG) (Part),015000,15 ODIA ,898,447,451,0,0,0,898,447,451
C0116,28,545,802955,Kakinada (M Corp. + OG) (Part),015043, Odia,881,437,444,0,0,0,881,437,444
C0116,28,545,802955,Kakinada (M Corp. + OG) (Part),015055, Relli,17,10,7,0,0,0,17,10,7
C0116,28,545,802955,Kakinada (M Corp. + OG) (Part),016000,16 PUNJABI ,39,21,18,0,0,0,39,21,18
C0116,28,545,802955,Kakinada (M Corp. + OG) (Part),016038, Punjabi,39,21,18,0,0,0,39,21,18
C0116,28,545,802955,Kakinada (M Corp. + OG) (Part),017000,17 SANSKRIT ,2,2,0,0,0,0,2,2,0
C0116,28,545,802955,Kakinada (M Corp. + OG) (Part),017002, Sanskrit,2,2,0,0,0,0,2,2,0
C0116,28,545,802955,Kakinada (M Corp. + OG) (Part),019000,19 SINDHI,34,15,19,0,0,0,34,15,19
C0116,28,545,802955,Kakinada (M Corp. + OG) (Part),019008, Kachchhi,9,4,5,0,0,0,9,4,5
C0116,28,545,802955,Kakinada (M Corp. + OG) (Part),019014, Sindhi,25,11,14,0,0,0,25,11,14
C0116,28,545,802955,Kakinada (M Corp. + OG) (Part),020000,20 TAMIL ,474,237,237,0,0,0,474,237,237
C0116,28,545,802955,Kakinada (M Corp. + OG) (Part),020027, Tamil,471,236,235,0,0,0,471,236,235
C0116,28,545,802955,Kakinada (M Corp. + OG) (Part),020029, Yerukala/Yerukula,3,1,2,0,0,0,3,1,2
C0116,28,545,802955,Kakinada (M Corp. + OG) (Part),021000,21 TELUGU ,365075,178818,186257,0,0,0,365075,178818,186257
C0116,28,545,802955,Kakinada (M Corp. + OG) (Part),021046, Telugu,365075,178818,186257,0,0,0,365075,178818,186257
C0116,28,545,802955,Kakinada (M Corp. + OG) (Part),022000,22 URDU,13564,6709,6855,0,0,0,13564,6709,6855
C0116,28,545,802955,Kakinada (M Corp. + OG) (Part),022015, Urdu,13561,6707,6854,0,0,0,13561,6707,6854
C0116,28,545,802955,Kakinada (M Corp. + OG) (Part),022999,22 Others,3,2,1,0,0,0,3,2,1
C0116,28,545,802955,Kakinada (M Corp. + OG) (Part),028000,28 ARABIC/ARBI ,5,2,3,0,0,0,5,2,3
C0116,28,545,802955,Kakinada (M Corp. + OG) (Part),028001, Arabic/Arbi,5,2,3,0,0,0,5,2,3
C0116,28,545,802955,Kakinada (M Corp. + OG) (Part),030000,30 BHILI/BHILODI ,3,0,3,0,0,0,3,0,3
C0116,28,545,802955,Kakinada (M Corp. + OG) (Part),030035, Kokna/Kokni/Kukna,3,0,3,0,0,0,3,0,3
C0116,28,545,802955,Kakinada (M Corp. + OG) (Part),040000,40 ENGLISH ,97,44,53,0,0,0,97,44,53
C0116,28,545,802955,Kakinada (M Corp. + OG) (Part),040001, English,97,44,53,0,0,0,97,44,53
C0116,28,545,802955,Kakinada (M Corp. + OG) (Part),054000,54 KHARIA ,3,3,0,0,0,0,3,3,0
C0116,28,545,802955,Kakinada (M Corp. + OG) (Part),054005, Kharia,3,3,0,0,0,0,3,3,0
C0116,28,545,802955,Kakinada (M Corp. + OG) (Part),067000,67 KORKU ,1,1,0,0,0,0,1,1,0
C0116,28,545,802955,Kakinada (M Corp. + OG) (Part),067001, Korku,1,1,0,0,0,0,1,1,0
C0116,28,545,802955,Kakinada (M Corp. + OG) (Part),117000,117 TULU ,33,19,14,0,0,0,33,19,14
C0116,28,545,802955,Kakinada (M Corp. + OG) (Part),117009, Tulu,33,19,14,0,0,0,33,19,14
C0116,28,545,802955,Kakinada (M Corp. + OG) (Part),123000,123 ZOU ,1,1,0,0,0,0,1,1,0
C0116,28,545,802955,Kakinada (M Corp. + OG) (Part),123001, Zou,1,1,0,0,0,0,1,1,0
C0116,28,545,802955,Kakinada (M Corp. + OG) (Part),124000,124 OTHERS,28,14,14,0,0,0,28,14,14
C0116,28,545,802956,Mandapeta (M + OG),002000,2 BENGALI ,4,3,1,0,0,0,4,3,1
C0116,28,545,802956,Mandapeta (M + OG),002007, Bengali,4,3,1,0,0,0,4,3,1
C0116,28,545,802956,Mandapeta (M + OG),005000,5 GUJARATI,1,1,0,0,0,0,1,1,0
C0116,28,545,802956,Mandapeta (M + OG),005999,5 Others,1,1,0,0,0,0,1,1,0
C0116,28,545,802956,Mandapeta (M + OG),006000,6 HINDI ,75,40,35,0,0,0,75,40,35
C0116,28,545,802956,Mandapeta (M + OG),006240, Hindi,58,34,24,0,0,0,58,34,24
C0116,28,545,802956,Mandapeta (M + OG),006400, Marwari,17,6,11,0,0,0,17,6,11
C0116,28,545,802956,Mandapeta (M + OG),007000,7 KANNADA,1,0,1,0,0,0,1,0,1
C0116,28,545,802956,Mandapeta (M + OG),007016, Kannada,1,0,1,0,0,0,1,0,1
C0116,28,545,802956,Mandapeta (M + OG),009000,9 KONKANI,6,3,3,0,0,0,6,3,3
C0116,28,545,802956,Mandapeta (M + OG),009011, Konkani,6,3,3,0,0,0,6,3,3
C0116,28,545,802956,Mandapeta (M + OG),011000,11 MALAYALAM,3,2,1,0,0,0,3,2,1
C0116,28,545,802956,Mandapeta (M + OG),011016, Malayalam,3,2,1,0,0,0,3,2,1
C0116,28,545,802956,Mandapeta (M + OG),013000,13 MARATHI ,7,3,4,0,0,0,7,3,4
C0116,28,545,802956,Mandapeta (M + OG),013071, Marathi,7,3,4,0,0,0,7,3,4
C0116,28,545,802956,Mandapeta (M + OG),015000,15 ODIA ,21,9,12,0,0,0,21,9,12
C0116,28,545,802956,Mandapeta (M + OG),015043, Odia,15,8,7,0,0,0,15,8,7
C0116,28,545,802956,Mandapeta (M + OG),015055, Relli,6,1,5,0,0,0,6,1,5
C0116,28,545,802956,Mandapeta (M + OG),016000,16 PUNJABI ,8,4,4,0,0,0,8,4,4
C0116,28,545,802956,Mandapeta (M + OG),016038, Punjabi,8,4,4,0,0,0,8,4,4
C0116,28,545,802956,Mandapeta (M + OG),020000,20 TAMIL ,22,12,10,0,0,0,22,12,10
C0116,28,545,802956,Mandapeta (M + OG),020027, Tamil,22,12,10,0,0,0,22,12,10
C0116,28,545,802956,Mandapeta (M + OG),021000,21 TELUGU ,54418,26743,27675,0,0,0,54418,26743,27675
C0116,28,545,802956,Mandapeta (M + OG),021046, Telugu,54418,26743,27675,0,0,0,54418,26743,27675
C0116,28,545,802956,Mandapeta (M + OG),022000,22 URDU,1489,758,731,0,0,0,1489,758,731
C0116,28,545,802956,Mandapeta (M + OG),022015, Urdu,1489,758,731,0,0,0,1489,758,731
C0116,28,545,802956,Mandapeta (M + OG),028000,28 ARABIC/ARBI ,4,2,2,0,0,0,4,2,2
C0116,28,545,802956,Mandapeta (M + OG),028001, Arabic/Arbi,4,2,2,0,0,0,4,2,2
C0116,28,545,802956,Mandapeta (M + OG),040000,40 ENGLISH ,4,0,4,0,0,0,4,0,4
C0116,28,545,802956,Mandapeta (M + OG),040001, English,4,0,4,0,0,0,4,0,4
C0116,28,545,802957,Ramachandrapuram (M),002000,2 BENGALI ,9,5,4,0,0,0,9,5,4
C0116,28,545,802957,Ramachandrapuram (M),002007, Bengali,9,5,4,0,0,0,9,5,4
C0116,28,545,802957,Ramachandrapuram (M),006000,6 HINDI ,162,89,73,0,0,0,162,89,73
C0116,28,545,802957,Ramachandrapuram (M),006240, Hindi,112,61,51,0,0,0,112,61,51
C0116,28,545,802957,Ramachandrapuram (M),006400, Marwari,29,19,10,0,0,0,29,19,10
C0116,28,545,802957,Ramachandrapuram (M),006489, Rajasthani,21,9,12,0,0,0,21,9,12
C0116,28,545,802957,Ramachandrapuram (M),007000,7 KANNADA,5,4,1,0,0,0,5,4,1
C0116,28,545,802957,Ramachandrapuram (M),007016, Kannada,5,4,1,0,0,0,5,4,1
C0116,28,545,802957,Ramachandrapuram (M),009000,9 KONKANI,6,2,4,0,0,0,6,2,4
C0116,28,545,802957,Ramachandrapuram (M),009011, Konkani,6,2,4,0,0,0,6,2,4
C0116,28,545,802957,Ramachandrapuram (M),011000,11 MALAYALAM,5,2,3,0,0,0,5,2,3
C0116,28,545,802957,Ramachandrapuram (M),011016, Malayalam,5,2,3,0,0,0,5,2,3
C0116,28,545,802957,Ramachandrapuram (M),013000,13 MARATHI ,18,8,10,0,0,0,18,8,10
C0116,28,545,802957,Ramachandrapuram (M),013071, Marathi,18,8,10,0,0,0,18,8,10
C0116,28,545,802957,Ramachandrapuram (M),014000,14 NEPALI ,24,10,14,0,0,0,24,10,14
C0116,28,545,802957,Ramachandrapuram (M),014011, Nepali,24,10,14,0,0,0,24,10,14
C0116,28,545,802957,Ramachandrapuram (M),015000,15 ODIA ,14,6,8,0,0,0,14,6,8
C0116,28,545,802957,Ramachandrapuram (M),015043, Odia,14,6,8,0,0,0,14,6,8
C0116,28,545,802957,Ramachandrapuram (M),020000,20 TAMIL ,33,18,15,0,0,0,33,18,15
C0116,28,545,802957,Ramachandrapuram (M),020027, Tamil,33,18,15,0,0,0,33,18,15
C0116,28,545,802957,Ramachandrapuram (M),021000,21 TELUGU ,42171,20807,21364,0,0,0,42171,20807,21364
C0116,28,545,802957,Ramachandrapuram (M),021046, Telugu,42171,20807,21364,0,0,0,42171,20807,21364
C0116,28,545,802957,Ramachandrapuram (M),022000,22 URDU,1209,593,616,0,0,0,1209,593,616
C0116,28,545,802957,Ramachandrapuram (M),022015, Urdu,1209,593,616,0,0,0,1209,593,616
C0116,28,545,802957,Ramachandrapuram (M),124000,124 OTHERS,1,0,1,0,0,0,1,0,1
C0116,28,545,802958,Amalapuram (M),002000,2 BENGALI ,17,8,9,0,0,0,17,8,9
C0116,28,545,802958,Amalapuram (M),002007, Bengali,17,8,9,0,0,0,17,8,9
C0116,28,545,802958,Amalapuram (M),005000,5 GUJARATI,4,2,2,0,0,0,4,2,2
C0116,28,545,802958,Amalapuram (M),005018, Gujarati,4,2,2,0,0,0,4,2,2
C0116,28,545,802958,Amalapuram (M),006000,6 HINDI ,286,161,125,0,0,0,286,161,125
C0116,28,545,802958,Amalapuram (M),006240, Hindi,118,69,49,0,0,0,118,69,49
C0116,28,545,802958,Amalapuram (M),006400, Marwari,157,87,70,0,0,0,157,87,70
C0116,28,545,802958,Amalapuram (M),006489, Rajasthani,11,5,6,0,0,0,11,5,6
C0116,28,545,802958,Amalapuram (M),007000,7 KANNADA,14,6,8,0,0,0,14,6,8
C0116,28,545,802958,Amalapuram (M),007016, Kannada,14,6,8,0,0,0,14,6,8
C0116,28,545,802958,Amalapuram (M),010000,10 MAITHILI ,6,4,2,0,0,0,6,4,2
C0116,28,545,802958,Amalapuram (M),010008, Maithili,6,4,2,0,0,0,6,4,2
C0116,28,545,802958,Amalapuram (M),011000,11 MALAYALAM,16,9,7,0,0,0,16,9,7
C0116,28,545,802958,Amalapuram (M),011016, Malayalam,16,9,7,0,0,0,16,9,7
C0116,28,545,802958,Amalapuram (M),013000,13 MARATHI ,134,70,64,0,0,0,134,70,64
C0116,28,545,802958,Amalapuram (M),013071, Marathi,134,70,64,0,0,0,134,70,64
C0116,28,545,802958,Amalapuram (M),014000,14 NEPALI ,2,1,1,0,0,0,2,1,1
C0116,28,545,802958,Amalapuram (M),014011, Nepali,2,1,1,0,0,0,2,1,1
C0116,28,545,802958,Amalapuram (M),015000,15 ODIA ,65,34,31,0,0,0,65,34,31
C0116,28,545,802958,Amalapuram (M),015043, Odia,60,30,30,0,0,0,60,30,30
C0116,28,545,802958,Amalapuram (M),015055, Relli,5,4,1,0,0,0,5,4,1
C0116,28,545,802958,Amalapuram (M),017000,17 SANSKRIT ,2,1,1,0,0,0,2,1,1
C0116,28,545,802958,Amalapuram (M),017002, Sanskrit,2,1,1,0,0,0,2,1,1
C0116,28,545,802958,Amalapuram (M),019000,19 SINDHI,7,3,4,0,0,0,7,3,4
C0116,28,545,802958,Amalapuram (M),019014, Sindhi,7,3,4,0,0,0,7,3,4
C0116,28,545,802958,Amalapuram (M),020000,20 TAMIL ,52,31,21,0,0,0,52,31,21
C0116,28,545,802958,Amalapuram (M),020027, Tamil,52,31,21,0,0,0,52,31,21
C0116,28,545,802958,Amalapuram (M),021000,21 TELUGU ,51279,25499,25780,0,0,0,51279,25499,25780
C0116,28,545,802958,Amalapuram (M),021046, Telugu,51279,25499,25780,0,0,0,51279,25499,25780
C0116,28,545,802958,Amalapuram (M),022000,22 URDU,1333,645,688,0,0,0,1333,645,688
C0116,28,545,802958,Amalapuram (M),022015, Urdu,1333,645,688,0,0,0,1333,645,688
C0116,28,545,802958,Amalapuram (M),040000,40 ENGLISH ,13,10,3,0,0,0,13,10,3
C0116,28,545,802958,Amalapuram (M),040001, English,13,10,3,0,0,0,13,10,3
C0116,28,545,802958,Amalapuram (M),124000,124 OTHERS,1,1,0,0,0,0,1,1,0
C0116,28,545,587055,Arempudi (CT),007000,7 KANNADA,4,3,1,0,0,0,4,3,1
C0116,28,545,587055,Arempudi (CT),007016, Kannada,4,3,1,0,0,0,4,3,1
C0116,28,545,587055,Arempudi (CT),011000,11 MALAYALAM,4,2,2,0,0,0,4,2,2
C0116,28,545,587055,Arempudi (CT),011016, Malayalam,4,2,2,0,0,0,4,2,2
C0116,28,545,587055,Arempudi (CT),014000,14 NEPALI ,2,1,1,0,0,0,2,1,1
C0116,28,545,587055,Arempudi (CT),014011, Nepali,2,1,1,0,0,0,2,1,1
C0116,28,545,587055,Arempudi (CT),016000,16 PUNJABI ,4,1,3,0,0,0,4,1,3
C0116,28,545,587055,Arempudi (CT),016038, Punjabi,4,1,3,0,0,0,4,1,3
C0116,28,545,587055,Arempudi (CT),020000,20 TAMIL ,5,3,2,0,0,0,5,3,2
C0116,28,545,587055,Arempudi (CT),020027, Tamil,5,3,2,0,0,0,5,3,2
C0116,28,545,587055,Arempudi (CT),021000,21 TELUGU ,5034,2517,2517,0,0,0,5034,2517,2517
C0116,28,545,587055,Arempudi (CT),021046, Telugu,5034,2517,2517,0,0,0,5034,2517,2517
C0116,28,545,587055,Arempudi (CT),022000,22 URDU,19,10,9,0,0,0,19,10,9
C0116,28,545,587055,Arempudi (CT),022015, Urdu,19,10,9,0,0,0,19,10,9
C0116,28,545,587055,Arempudi (CT),040000,40 ENGLISH ,1,0,1,0,0,0,1,0,1
C0116,28,545,587055,Arempudi (CT),040001, English,1,0,1,0,0,0,1,0,1
C0116,28,545,587205,Rampachodavaram (CT),006000,6 HINDI ,11,5,6,0,0,0,11,5,6
C0116,28,545,587205,Rampachodavaram (CT),006240, Hindi,8,4,4,0,0,0,8,4,4
C0116,28,545,587205,Rampachodavaram (CT),006353, Lamani/Lambadi,3,1,2,0,0,0,3,1,2
C0116,28,545,587205,Rampachodavaram (CT),011000,11 MALAYALAM,1,1,0,0,0,0,1,1,0
C0116,28,545,587205,Rampachodavaram (CT),011016, Malayalam,1,1,0,0,0,0,1,1,0
C0116,28,545,587205,Rampachodavaram (CT),015000,15 ODIA ,1,1,0,0,0,0,1,1,0
C0116,28,545,587205,Rampachodavaram (CT),015043, Odia,1,1,0,0,0,0,1,1,0
C0116,28,545,587205,Rampachodavaram (CT),016000,16 PUNJABI ,3,2,1,0,0,0,3,2,1
C0116,28,545,587205,Rampachodavaram (CT),016038, Punjabi,3,2,1,0,0,0,3,2,1
C0116,28,545,587205,Rampachodavaram (CT),020000,20 TAMIL ,42,27,15,0,0,0,42,27,15
C0116,28,545,587205,Rampachodavaram (CT),020027, Tamil,39,25,14,0,0,0,39,25,14
C0116,28,545,587205,Rampachodavaram (CT),020029, Yerukala/Yerukula,3,2,1,0,0,0,3,2,1
C0116,28,545,587205,Rampachodavaram (CT),021000,21 TELUGU ,9618,5079,4539,0,0,0,9618,5079,4539
C0116,28,545,587205,Rampachodavaram (CT),021046, Telugu,9618,5079,4539,0,0,0,9618,5079,4539
C0116,28,545,587205,Rampachodavaram (CT),022000,22 URDU,264,121,143,0,0,0,264,121,143
C0116,28,545,587205,Rampachodavaram (CT),022015, Urdu,264,121,143,0,0,0,264,121,143
C0116,28,545,587205,Rampachodavaram (CT),028000,28 ARABIC/ARBI ,12,6,6,0,0,0,12,6,6
C0116,28,545,587205,Rampachodavaram (CT),028001, Arabic/Arbi,12,6,6,0,0,0,12,6,6
C0116,28,545,587397,Katheru (CT),002000,2 BENGALI ,26,19,7,0,0,0,26,19,7
C0116,28,545,587397,Katheru (CT),002007, Bengali,26,19,7,0,0,0,26,19,7
C0116,28,545,587397,Katheru (CT),005000,5 GUJARATI,9,3,6,0,0,0,9,3,6
C0116,28,545,587397,Katheru (CT),005018, Gujarati,9,3,6,0,0,0,9,3,6
C0116,28,545,587397,Katheru (CT),006000,6 HINDI ,332,239,93,0,0,0,332,239,93
C0116,28,545,587397,Katheru (CT),006102, Bhojpuri,18,9,9,0,0,0,18,9,9
C0116,28,545,587397,Katheru (CT),006240, Hindi,307,225,82,0,0,0,307,225,82
C0116,28,545,587397,Katheru (CT),006489, Rajasthani,5,3,2,0,0,0,5,3,2
C0116,28,545,587397,Katheru (CT),006999,6 Others,2,2,0,0,0,0,2,2,0
C0116,28,545,587397,Katheru (CT),007000,7 KANNADA,9,4,5,0,0,0,9,4,5
C0116,28,545,587397,Katheru (CT),007016, Kannada,9,4,5,0,0,0,9,4,5
C0116,28,545,587397,Katheru (CT),011000,11 MALAYALAM,17,10,7,0,0,0,17,10,7
C0116,28,545,587397,Katheru (CT),011016, Malayalam,17,10,7,0,0,0,17,10,7
C0116,28,545,587397,Katheru (CT),015000,15 ODIA ,78,60,18,0,0,0,78,60,18
C0116,28,545,587397,Katheru (CT),015043, Odia,78,60,18,0,0,0,78,60,18
C0116,28,545,587397,Katheru (CT),016000,16 PUNJABI ,8,4,4,0,0,0,8,4,4
C0116,28,545,587397,Katheru (CT),016038, Punjabi,8,4,4,0,0,0,8,4,4
C0116,28,545,587397,Katheru (CT),020000,20 TAMIL ,12,5,7,0,0,0,12,5,7
C0116,28,545,587397,Katheru (CT),020027, Tamil,12,5,7,0,0,0,12,5,7
C0116,28,545,587397,Katheru (CT),021000,21 TELUGU ,22716,11254,11462,0,0,0,22716,11254,11462
C0116,28,545,587397,Katheru (CT),021046, Telugu,22716,11254,11462,0,0,0,22716,11254,11462
C0116,28,545,587397,Katheru (CT),022000,22 URDU,363,185,178,0,0,0,363,185,178
C0116,28,545,587397,Katheru (CT),022015, Urdu,363,185,178,0,0,0,363,185,178
C0116,28,545,587397,Katheru (CT),040000,40 ENGLISH ,2,1,1,0,0,0,2,1,1
C0116,28,545,587397,Katheru (CT),040001, English,2,1,1,0,0,0,2,1,1
C0116,28,545,587398,Morampudi (CT),006000,6 HINDI ,9,6,3,0,0,0,9,6,3
C0116,28,545,587398,Morampudi (CT),006240, Hindi,9,6,3,0,0,0,9,6,3
C0116,28,545,587398,Morampudi (CT),010000,10 MAITHILI ,4,1,3,0,0,0,4,1,3
C0116,28,545,587398,Morampudi (CT),010008, Maithili,4,1,3,0,0,0,4,1,3
C0116,28,545,587398,Morampudi (CT),013000,13 MARATHI ,1,0,1,0,0,0,1,0,1
C0116,28,545,587398,Morampudi (CT),013071, Marathi,1,0,1,0,0,0,1,0,1
C0116,28,545,587398,Morampudi (CT),015000,15 ODIA ,17,8,9,0,0,0,17,8,9
C0116,28,545,587398,Morampudi (CT),015043, Odia,17,8,9,0,0,0,17,8,9
C0116,28,545,587398,Morampudi (CT),020000,20 TAMIL ,6,4,2,0,0,0,6,4,2
C0116,28,545,587398,Morampudi (CT),020027, Tamil,6,4,2,0,0,0,6,4,2
C0116,28,545,587398,Morampudi (CT),021000,21 TELUGU ,14965,7401,7564,0,0,0,14965,7401,7564
C0116,28,545,587398,Morampudi (CT),021046, Telugu,14965,7401,7564,0,0,0,14965,7401,7564
C0116,28,545,587398,Morampudi (CT),022000,22 URDU,344,161,183,0,0,0,344,161,183
C0116,28,545,587398,Morampudi (CT),022015, Urdu,344,161,183,0,0,0,344,161,183
C0116,28,545,587399,Hukumpeta (CT),001000,1 ASSAMESE,11,0,11,0,0,0,11,0,11
C0116,28,545,587399,Hukumpeta (CT),001002, Assamese,11,0,11,0,0,0,11,0,11
C0116,28,545,587399,Hukumpeta (CT),006000,6 HINDI ,33,17,16,0,0,0,33,17,16
C0116,28,545,587399,Hukumpeta (CT),006240, Hindi,29,16,13,0,0,0,29,16,13
C0116,28,545,587399,Hukumpeta (CT),006320, Khortha/Khotta,1,0,1,0,0,0,1,0,1
C0116,28,545,587399,Hukumpeta (CT),006541, Sugali,1,0,1,0,0,0,1,0,1
C0116,28,545,587399,Hukumpeta (CT),006999,6 Others,2,1,1,0,0,0,2,1,1
C0116,28,545,587399,Hukumpeta (CT),007000,7 KANNADA,3,1,2,0,0,0,3,1,2
C0116,28,545,587399,Hukumpeta (CT),007016, Kannada,3,1,2,0,0,0,3,1,2
C0116,28,545,587399,Hukumpeta (CT),011000,11 MALAYALAM,140,5,135,0,0,0,140,5,135
C0116,28,545,587399,Hukumpeta (CT),011016, Malayalam,140,5,135,0,0,0,140,5,135
C0116,28,545,587399,Hukumpeta (CT),012000,12 MANIPURI ,22,0,22,0,0,0,22,0,22
C0116,28,545,587399,Hukumpeta (CT),012003, Manipuri,22,0,22,0,0,0,22,0,22
C0116,28,545,587399,Hukumpeta (CT),013000,13 MARATHI ,4,2,2,0,0,0,4,2,2
C0116,28,545,587399,Hukumpeta (CT),013071, Marathi,4,2,2,0,0,0,4,2,2
C0116,28,545,587399,Hukumpeta (CT),014000,14 NEPALI ,5,1,4,0,0,0,5,1,4
C0116,28,545,587399,Hukumpeta (CT),014011, Nepali,5,1,4,0,0,0,5,1,4
C0116,28,545,587399,Hukumpeta (CT),015000,15 ODIA ,134,61,73,0,0,0,134,61,73
C0116,28,545,587399,Hukumpeta (CT),015043, Odia,132,61,71,0,0,0,132,61,71
C0116,28,545,587399,Hukumpeta (CT),015055, Relli,2,0,2,0,0,0,2,0,2
C0116,28,545,587399,Hukumpeta (CT),016000,16 PUNJABI ,119,63,56,0,0,0,119,63,56
C0116,28,545,587399,Hukumpeta (CT),016038, Punjabi,119,63,56,0,0,0,119,63,56
C0116,28,545,587399,Hukumpeta (CT),019000,19 SINDHI,1,0,1,0,0,0,1,0,1
C0116,28,545,587399,Hukumpeta (CT),019014, Sindhi,1,0,1,0,0,0,1,0,1
C0116,28,545,587399,Hukumpeta (CT),020000,20 TAMIL ,27,15,12,0,0,0,27,15,12
C0116,28,545,587399,Hukumpeta (CT),020027, Tamil,24,13,11,0,0,0,24,13,11
C0116,28,545,587399,Hukumpeta (CT),020029, Yerukala/Yerukula,1,0,1,0,0,0,1,0,1
C0116,28,545,587399,Hukumpeta (CT),020999,20 Others,2,2,0,0,0,0,2,2,0
C0116,28,545,587399,Hukumpeta (CT),021000,21 TELUGU ,15986,7885,8101,0,0,0,15986,7885,8101
C0116,28,545,587399,Hukumpeta (CT),021046, Telugu,15986,7885,8101,0,0,0,15986,7885,8101
C0116,28,545,587399,Hukumpeta (CT),022000,22 URDU,309,162,147,0,0,0,309,162,147
C0116,28,545,587399,Hukumpeta (CT),022015, Urdu,309,162,147,0,0,0,309,162,147
C0116,28,545,587399,Hukumpeta (CT),023000,23 ADI ,1,0,1,0,0,0,1,0,1
C0116,28,545,587399,Hukumpeta (CT),023040, Talgalo,1,0,1,0,0,0,1,0,1
C0116,28,545,587399,Hukumpeta (CT),024000,24 AFGHANI/KABULI/PASHTO ,1,0,1,0,0,0,1,0,1
C0116,28,545,587399,Hukumpeta (CT),024001, Afghani/Kabuli/Pashto,1,0,1,0,0,0,1,0,1
C0116,28,545,587399,Hukumpeta (CT),040000,40 ENGLISH ,98,46,52,0,0,0,98,46,52
C0116,28,545,587399,Hukumpeta (CT),040001, English,98,46,52,0,0,0,98,46,52
C0116,28,545,587399,Hukumpeta (CT),051000,51 KABUI ,21,0,21,0,0,0,21,0,21
C0116,28,545,587399,Hukumpeta (CT),051003, Kabui,2,0,2,0,0,0,2,0,2
C0116,28,545,587399,Hukumpeta (CT),051005, Rongmei,19,0,19,0,0,0,19,0,19
C0116,28,545,587399,Hukumpeta (CT),071000,71 KUKI,6,0,6,0,0,0,6,0,6
C0116,28,545,587399,Hukumpeta (CT),071008, Kuki,6,0,6,0,0,0,6,0,6
C0116,28,545,587399,Hukumpeta (CT),076000,76 LAKHER,1,0,1,0,0,0,1,0,1
C0116,28,545,587399,Hukumpeta (CT),076002, Mara,1,0,1,0,0,0,1,0,1
C0116,28,545,587399,Hukumpeta (CT),082000,82 LUSHAI/MIZO ,8,0,8,0,0,0,8,0,8
C0116,28,545,587399,Hukumpeta (CT),082005, Lushai/Mizo,8,0,8,0,0,0,8,0,8
C0116,28,545,587399,Hukumpeta (CT),088000,88 MISHMI ,1,0,1,0,0,0,1,0,1
C0116,28,545,587399,Hukumpeta (CT),088007, Mishmi,1,0,1,0,0,0,1,0,1
C0116,28,545,587399,Hukumpeta (CT),096000,96 PAITE,2,0,2,0,0,0,2,0,2
C0116,28,545,587399,Hukumpeta (CT),096002, Paite,2,0,2,0,0,0,2,0,2
C0116,28,545,587399,Hukumpeta (CT),113000,113 TANGSA,3,0,3,0,0,0,3,0,3
C0116,28,545,587399,Hukumpeta (CT),113999,113 Others,3,0,3,0,0,0,3,0,3
C0116,28,545,587399,Hukumpeta (CT),114000,114 THADO ,2,0,2,0,0,0,2,0,2
C0116,28,545,587399,Hukumpeta (CT),114015, Thado,2,0,2,0,0,0,2,0,2
C0116,28,545,587399,Hukumpeta (CT),118000,118 VAIPHEI ,4,0,4,0,0,0,4,0,4
C0116,28,545,587399,Hukumpeta (CT),118002, Vaiphei,4,0,4,0,0,0,4,0,4
C0116,28,545,587399,Hukumpeta (CT),123000,123 ZOU ,18,0,18,0,0,0,18,0,18
C0116,28,545,587399,Hukumpeta (CT),123001, Zou,18,0,18,0,0,0,18,0,18
C0116,28,545,587399,Hukumpeta (CT),124000,124 OTHERS,25,0,25,0,0,0,25,0,25
C0116,28,545,587400,Dowleswaram (CT),006000,6 HINDI ,198,94,104,0,0,0,198,94,104
C0116,28,545,587400,Dowleswaram (CT),006240, Hindi,186,90,96,0,0,0,186,90,96
C0116,28,545,587400,Dowleswaram (CT),006400, Marwari,12,4,8,0,0,0,12,4,8
C0116,28,545,587400,Dowleswaram (CT),007000,7 KANNADA,4,2,2,0,0,0,4,2,2
C0116,28,545,587400,Dowleswaram (CT),007016, Kannada,4,2,2,0,0,0,4,2,2
C0116,28,545,587400,Dowleswaram (CT),009000,9 KONKANI,7,4,3,0,0,0,7,4,3
C0116,28,545,587400,Dowleswaram (CT),009011, Konkani,7,4,3,0,0,0,7,4,3
C0116,28,545,587400,Dowleswaram (CT),011000,11 MALAYALAM,10,4,6,0,0,0,10,4,6
C0116,28,545,587400,Dowleswaram (CT),011016, Malayalam,10,4,6,0,0,0,10,4,6
C0116,28,545,587400,Dowleswaram (CT),013000,13 MARATHI ,1,1,0,0,0,0,1,1,0
C0116,28,545,587400,Dowleswaram (CT),013071, Marathi,1,1,0,0,0,0,1,1,0
C0116,28,545,587400,Dowleswaram (CT),014000,14 NEPALI ,25,15,10,0,0,0,25,15,10
C0116,28,545,587400,Dowleswaram (CT),014011, Nepali,25,15,10,0,0,0,25,15,10
C0116,28,545,587400,Dowleswaram (CT),015000,15 ODIA ,47,25,22,0,0,0,47,25,22
C0116,28,545,587400,Dowleswaram (CT),015043, Odia,47,25,22,0,0,0,47,25,22
C0116,28,545,587400,Dowleswaram (CT),016000,16 PUNJABI ,10,5,5,0,0,0,10,5,5
C0116,28,545,587400,Dowleswaram (CT),016038, Punjabi,10,5,5,0,0,0,10,5,5
C0116,28,545,587400,Dowleswaram (CT),020000,20 TAMIL ,52,28,24,0,0,0,52,28,24
C0116,28,545,587400,Dowleswaram (CT),020027, Tamil,52,28,24,0,0,0,52,28,24
C0116,28,545,587400,Dowleswaram (CT),021000,21 TELUGU ,43129,20951,22178,0,0,0,43129,20951,22178
C0116,28,545,587400,Dowleswaram (CT),021046, Telugu,43129,20951,22178,0,0,0,43129,20951,22178
C0116,28,545,587400,Dowleswaram (CT),022000,22 URDU,1132,541,591,0,0,0,1132,541,591
C0116,28,545,587400,Dowleswaram (CT),022015, Urdu,1132,541,591,0,0,0,1132,541,591
C0116,28,545,587400,Dowleswaram (CT),030000,30 BHILI/BHILODI ,7,4,3,0,0,0,7,4,3
C0116,28,545,587400,Dowleswaram (CT),030035, Kokna/Kokni/Kukna,7,4,3,0,0,0,7,4,3
C0116,28,545,587400,Dowleswaram (CT),040000,40 ENGLISH ,15,7,8,0,0,0,15,7,8
C0116,28,545,587400,Dowleswaram (CT),040001, English,15,7,8,0,0,0,15,7,8
C0116,28,545,587502,Ramanayyapeta (CT),002000,2 BENGALI ,8,4,4,0,0,0,8,4,4
C0116,28,545,587502,Ramanayyapeta (CT),002007, Bengali,8,4,4,0,0,0,8,4,4
C0116,28,545,587502,Ramanayyapeta (CT),005000,5 GUJARATI,7,5,2,0,0,0,7,5,2
C0116,28,545,587502,Ramanayyapeta (CT),005018, Gujarati,3,2,1,0,0,0,3,2,1
C0116,28,545,587502,Ramanayyapeta (CT),005999,5 Others,4,3,1,0,0,0,4,3,1
C0116,28,545,587502,Ramanayyapeta (CT),006000,6 HINDI ,146,87,59,0,0,0,146,87,59
C0116,28,545,587502,Ramanayyapeta (CT),006240, Hindi,120,76,44,0,0,0,120,76,44
C0116,28,545,587502,Ramanayyapeta (CT),006400, Marwari,26,11,15,0,0,0,26,11,15
C0116,28,545,587502,Ramanayyapeta (CT),007000,7 KANNADA,22,9,13,0,0,0,22,9,13
C0116,28,545,587502,Ramanayyapeta (CT),007016, Kannada,22,9,13,0,0,0,22,9,13
C0116,28,545,587502,Ramanayyapeta (CT),011000,11 MALAYALAM,35,13,22,0,0,0,35,13,22
C0116,28,545,587502,Ramanayyapeta (CT),011016, Malayalam,35,13,22,0,0,0,35,13,22
C0116,28,545,587502,Ramanayyapeta (CT),013000,13 MARATHI ,16,13,3,0,0,0,16,13,3
C0116,28,545,587502,Ramanayyapeta (CT),013071, Marathi,16,13,3,0,0,0,16,13,3
C0116,28,545,587502,Ramanayyapeta (CT),015000,15 ODIA ,13,6,7,0,0,0,13,6,7
C0116,28,545,587502,Ramanayyapeta (CT),015043, Odia,13,6,7,0,0,0,13,6,7
C0116,28,545,587502,Ramanayyapeta (CT),020000,20 TAMIL ,38,18,20,0,0,0,38,18,20
C0116,28,545,587502,Ramanayyapeta (CT),020027, Tamil,38,18,20,0,0,0,38,18,20
C0116,28,545,587502,Ramanayyapeta (CT),021000,21 TELUGU ,27744,13650,14094,0,0,0,27744,13650,14094
C0116,28,545,587502,Ramanayyapeta (CT),021046, Telugu,27744,13650,14094,0,0,0,27744,13650,14094
C0116,28,545,587502,Ramanayyapeta (CT),022000,22 URDU,335,181,154,0,0,0,335,181,154
C0116,28,545,587502,Ramanayyapeta (CT),022015, Urdu,335,181,154,0,0,0,335,181,154
C0116,28,545,587502,Ramanayyapeta (CT),040000,40 ENGLISH ,5,3,2,0,0,0,5,3,2
C0116,28,545,587502,Ramanayyapeta (CT),040001, English,5,3,2,0,0,0,5,3,2
C0116,28,545,587503,Suryaraopeta (CT),002000,2 BENGALI ,3,1,2,0,0,0,3,1,2
C0116,28,545,587503,Suryaraopeta (CT),002007, Bengali,3,1,2,0,0,0,3,1,2
C0116,28,545,587503,Suryaraopeta (CT),006000,6 HINDI ,37,17,20,0,0,0,37,17,20
C0116,28,545,587503,Suryaraopeta (CT),006240, Hindi,28,11,17,0,0,0,28,11,17
C0116,28,545,587503,Suryaraopeta (CT),006400, Marwari,9,6,3,0,0,0,9,6,3
C0116,28,545,587503,Suryaraopeta (CT),007000,7 KANNADA,1,0,1,0,0,0,1,0,1
C0116,28,545,587503,Suryaraopeta (CT),007016, Kannada,1,0,1,0,0,0,1,0,1
C0116,28,545,587503,Suryaraopeta (CT),011000,11 MALAYALAM,61,0,61,0,0,0,61,0,61
C0116,28,545,587503,Suryaraopeta (CT),011016, Malayalam,61,0,61,0,0,0,61,0,61
C0116,28,545,587503,Suryaraopeta (CT),012000,12 MANIPURI ,54,0,54,0,0,0,54,0,54
C0116,28,545,587503,Suryaraopeta (CT),012003, Manipuri,54,0,54,0,0,0,54,0,54
C0116,28,545,587503,Suryaraopeta (CT),015000,15 ODIA ,4,1,3,0,0,0,4,1,3
C0116,28,545,587503,Suryaraopeta (CT),015043, Odia,4,1,3,0,0,0,4,1,3
C0116,28,545,587503,Suryaraopeta (CT),021000,21 TELUGU ,23611,11764,11847,0,0,0,23611,11764,11847
C0116,28,545,587503,Suryaraopeta (CT),021046, Telugu,23611,11764,11847,0,0,0,23611,11764,11847
C0116,28,545,587503,Suryaraopeta (CT),022000,22 URDU,333,180,153,0,0,0,333,180,153
C0116,28,545,587503,Suryaraopeta (CT),022015, Urdu,333,180,153,0,0,0,333,180,153
C0116,28,545,587503,Suryaraopeta (CT),115000,115 TIBETAN ,8,0,8,0,0,0,8,0,8
C0116,28,545,587503,Suryaraopeta (CT),115008, Tibetan,8,0,8,0,0,0,8,0,8
C0116,28,545,587504,Chidiga (CT),021000,21 TELUGU ,6280,3150,3130,0,0,0,6280,3150,3130
C0116,28,545,587504,Chidiga (CT),021046, Telugu,6280,3150,3130,0,0,0,6280,3150,3130
C0116,28,545,587504,Chidiga (CT),022000,22 URDU,85,49,36,0,0,0,85,49,36
C0116,28,545,587504,Chidiga (CT),022015, Urdu,85,49,36,0,0,0,85,49,36
C0116,28,545,587890,Bandarulanka (CT),006000,6 HINDI ,7,4,3,0,0,0,7,4,3
C0116,28,545,587890,Bandarulanka (CT),006240, Hindi,7,4,3,0,0,0,7,4,3
C0116,28,545,587890,Bandarulanka (CT),007000,7 KANNADA,5,2,3,0,0,0,5,2,3
C0116,28,545,587890,Bandarulanka (CT),007016, Kannada,5,2,3,0,0,0,5,2,3
C0116,28,545,587890,Bandarulanka (CT),015000,15 ODIA ,1,1,0,0,0,0,1,1,0
C0116,28,545,587890,Bandarulanka (CT),015043, Odia,1,1,0,0,0,0,1,1,0
C0116,28,545,587890,Bandarulanka (CT),021000,21 TELUGU ,11364,5693,5671,0,0,0,11364,5693,5671
C0116,28,545,587890,Bandarulanka (CT),021046, Telugu,11364,5693,5671,0,0,0,11364,5693,5671
C0116,28,545,587890,Bandarulanka (CT),022000,22 URDU,93,40,53,0,0,0,93,40,53
C0116,28,545,587890,Bandarulanka (CT),022015, Urdu,93,40,53,0,0,0,93,40,53
C0116,28,546,000000,West Godavari,001000,1 ASSAMESE,5,4,1,0,0,0,5,4,1
C0116,28,546,000000,West Godavari,001002, Assamese,5,4,1,0,0,0,5,4,1
C0116,28,546,000000,West Godavari,002000,2 BENGALI ,944,635,309,0,0,0,944,635,309
C0116,28,546,000000,West Godavari,002007, Bengali,944,635,309,0,0,0,944,635,309
C0116,28,546,000000,West Godavari,005000,5 GUJARATI,47,18,29,0,0,0,47,18,29
C0116,28,546,000000,West Godavari,005018, Gujarati,35,14,21,0,0,0,35,14,21
C0116,28,546,000000,West Godavari,005999,5 Others,12,4,8,0,0,0,12,4,8
C0116,28,546,000000,West Godavari,006000,6 HINDI ,3981,2128,1853,0,0,0,3981,2128,1853
C0116,28,546,000000,West Godavari,006066, Banjari,7,5,2,0,0,0,7,5,2
C0116,28,546,000000,West Godavari,006102, Bhojpuri,20,13,7,0,0,0,20,13,7
C0116,28,546,000000,West Godavari,006173, Dhundhari,1,0,1,0,0,0,1,0,1
C0116,28,546,000000,West Godavari,006240, Hindi,2594,1381,1213,0,0,0,2594,1381,1213
C0116,28,546,000000,West Godavari,006353, Lamani/Lambadi,257,133,124,0,0,0,257,133,124
C0116,28,546,000000,West Godavari,006400, Marwari,714,380,334,0,0,0,714,380,334
C0116,28,546,000000,West Godavari,006489, Rajasthani,367,205,162,0,0,0,367,205,162
C0116,28,546,000000,West Godavari,006541, Sugali,11,7,4,0,0,0,11,7,4
C0116,28,546,000000,West Godavari,006999,6 Others,10,4,6,0,0,0,10,4,6
C0116,28,546,000000,West Godavari,007000,7 KANNADA,235,121,114,0,0,0,235,121,114
C0116,28,546,000000,West Godavari,007016, Kannada,234,120,114,0,0,0,234,120,114
C0116,28,546,000000,West Godavari,007999,7 Others,1,1,0,0,0,0,1,1,0
C0116,28,546,000000,West Godavari,009000,9 KONKANI,1,1,0,0,0,0,1,1,0
C0116,28,546,000000,West Godavari,009011, Konkani,1,1,0,0,0,0,1,1,0
C0116,28,546,000000,West Godavari,011000,11 MALAYALAM,583,152,431,0,0,0,583,152,431
C0116,28,546,000000,West Godavari,011016, Malayalam,583,152,431,0,0,0,583,152,431
C0116,28,546,000000,West Godavari,012000,12 MANIPURI ,14,13,1,0,0,0,14,13,1
C0116,28,546,000000,West Godavari,012003, Manipuri,14,13,1,0,0,0,14,13,1
C0116,28,546,000000,West Godavari,013000,13 MARATHI ,492,270,222,0,0,0,492,270,222
C0116,28,546,000000,West Godavari,013071, Marathi,492,270,222,0,0,0,492,270,222
C0116,28,546,000000,West Godavari,014000,14 NEPALI ,172,96,76,0,0,0,172,96,76
C0116,28,546,000000,West Godavari,014011, Nepali,172,96,76,0,0,0,172,96,76
C0116,28,546,000000,West Godavari,015000,15 ODIA ,1936,1049,887,0,0,0,1936,1049,887
C0116,28,546,000000,West Godavari,015043, Odia,1289,731,558,0,0,0,1289,731,558
C0116,28,546,000000,West Godavari,015055, Relli,643,315,328,0,0,0,643,315,328
C0116,28,546,000000,West Godavari,015999,15 Others,4,3,1,0,0,0,4,3,1
C0116,28,546,000000,West Godavari,016000,16 PUNJABI ,22,11,11,0,0,0,22,11,11
C0116,28,546,000000,West Godavari,016038, Punjabi,22,11,11,0,0,0,22,11,11
C0116,28,546,000000,West Godavari,017000,17 SANSKRIT ,22,12,10,0,0,0,22,12,10
C0116,28,546,000000,West Godavari,017002, Sanskrit,22,12,10,0,0,0,22,12,10
C0116,28,546,000000,West Godavari,019000,19 SINDHI,7,3,4,0,0,0,7,3,4
C0116,28,546,000000,West Godavari,019014, Sindhi,7,3,4,0,0,0,7,3,4
C0116,28,546,000000,West Godavari,020000,20 TAMIL ,922,470,452,0,0,0,922,470,452
C0116,28,546,000000,West Godavari,020027, Tamil,797,410,387,0,0,0,797,410,387
C0116,28,546,000000,West Godavari,020029, Yerukala/Yerukula,125,60,65,0,0,0,125,60,65
C0116,28,546,000000,West Godavari,021000,21 TELUGU ,766206,376550,389656,0,0,0,766206,376550,389656
C0116,28,546,000000,West Godavari,021046, Telugu,765946,376419,389527,0,0,0,765946,376419,389527
C0116,28,546,000000,West Godavari,021999,21 Others,260,131,129,0,0,0,260,131,129
C0116,28,546,000000,West Godavari,022000,22 URDU,33012,16292,16720,0,0,0,33012,16292,16720
C0116,28,546,000000,West Godavari,022015, Urdu,33012,16292,16720,0,0,0,33012,16292,16720
C0116,28,546,000000,West Godavari,028000,28 ARABIC/ARBI ,17,10,7,0,0,0,17,10,7
C0116,28,546,000000,West Godavari,028001, Arabic/Arbi,17,10,7,0,0,0,17,10,7
C0116,28,546,000000,West Godavari,040000,40 ENGLISH ,47,22,25,0,0,0,47,22,25
C0116,28,546,000000,West Godavari,040001, English,47,22,25,0,0,0,47,22,25
C0116,28,546,000000,West Godavari,069000,69 KOYA ,68,29,39,0,0,0,68,29,39
C0116,28,546,000000,West Godavari,069002, Koya,68,29,39,0,0,0,68,29,39
C0116,28,546,000000,West Godavari,092000,92 MUNDARI ,1,1,0,0,0,0,1,1,0
C0116,28,546,000000,West Godavari,092005, Mundari,1,1,0,0,0,0,1,1,0
C0116,28,546,000000,West Godavari,117000,117 TULU ,28,13,15,0,0,0,28,13,15
C0116,28,546,000000,West Godavari,117009, Tulu,28,13,15,0,0,0,28,13,15
C0116,28,546,000000,West Godavari,124000,124 OTHERS,15,5,10,0,0,0,15,5,10
C0116,28,546,802959,Kovvur (M),002000,2 BENGALI ,17,11,6,0,0,0,17,11,6
C0116,28,546,802959,Kovvur (M),002007, Bengali,17,11,6,0,0,0,17,11,6
C0116,28,546,802959,Kovvur (M),005000,5 GUJARATI,6,3,3,0,0,0,6,3,3
C0116,28,546,802959,Kovvur (M),005018, Gujarati,4,2,2,0,0,0,4,2,2
C0116,28,546,802959,Kovvur (M),005999,5 Others,2,1,1,0,0,0,2,1,1
C0116,28,546,802959,Kovvur (M),006000,6 HINDI ,198,108,90,0,0,0,198,108,90
C0116,28,546,802959,Kovvur (M),006066, Banjari,4,2,2,0,0,0,4,2,2
C0116,28,546,802959,Kovvur (M),006102, Bhojpuri,15,10,5,0,0,0,15,10,5
C0116,28,546,802959,Kovvur (M),006240, Hindi,126,70,56,0,0,0,126,70,56
C0116,28,546,802959,Kovvur (M),006353, Lamani/Lambadi,3,2,1,0,0,0,3,2,1
C0116,28,546,802959,Kovvur (M),006400, Marwari,31,16,15,0,0,0,31,16,15
C0116,28,546,802959,Kovvur (M),006489, Rajasthani,12,5,7,0,0,0,12,5,7
C0116,28,546,802959,Kovvur (M),006999,6 Others,7,3,4,0,0,0,7,3,4
C0116,28,546,802959,Kovvur (M),007000,7 KANNADA,6,2,4,0,0,0,6,2,4
C0116,28,546,802959,Kovvur (M),007016, Kannada,6,2,4,0,0,0,6,2,4
C0116,28,546,802959,Kovvur (M),011000,11 MALAYALAM,14,8,6,0,0,0,14,8,6
C0116,28,546,802959,Kovvur (M),011016, Malayalam,14,8,6,0,0,0,14,8,6
C0116,28,546,802959,Kovvur (M),013000,13 MARATHI ,3,1,2,0,0,0,3,1,2
C0116,28,546,802959,Kovvur (M),013071, Marathi,3,1,2,0,0,0,3,1,2
C0116,28,546,802959,Kovvur (M),014000,14 NEPALI ,6,3,3,0,0,0,6,3,3
C0116,28,546,802959,Kovvur (M),014011, Nepali,6,3,3,0,0,0,6,3,3
C0116,28,546,802959,Kovvur (M),015000,15 ODIA ,243,121,122,0,0,0,243,121,122
C0116,28,546,802959,Kovvur (M),015043, Odia,62,35,27,0,0,0,62,35,27
C0116,28,546,802959,Kovvur (M),015055, Relli,181,86,95,0,0,0,181,86,95
C0116,28,546,802959,Kovvur (M),016000,16 PUNJABI ,1,1,0,0,0,0,1,1,0
C0116,28,546,802959,Kovvur (M),016038, Punjabi,1,1,0,0,0,0,1,1,0
C0116,28,546,802959,Kovvur (M),017000,17 SANSKRIT ,18,10,8,0,0,0,18,10,8
C0116,28,546,802959,Kovvur (M),017002, Sanskrit,18,10,8,0,0,0,18,10,8
C0116,28,546,802959,Kovvur (M),020000,20 TAMIL ,62,39,23,0,0,0,62,39,23
C0116,28,546,802959,Kovvur (M),020027, Tamil,62,39,23,0,0,0,62,39,23
C0116,28,546,802959,Kovvur (M),021000,21 TELUGU ,37985,18375,19610,0,0,0,37985,18375,19610
C0116,28,546,802959,Kovvur (M),021046, Telugu,37985,18375,19610,0,0,0,37985,18375,19610
C0116,28,546,802959,Kovvur (M),022000,22 URDU,1104,559,545,0,0,0,1104,559,545
C0116,28,546,802959,Kovvur (M),022015, Urdu,1104,559,545,0,0,0,1104,559,545
C0116,28,546,802959,Kovvur (M),028000,28 ARABIC/ARBI ,4,3,1,0,0,0,4,3,1
C0116,28,546,802959,Kovvur (M),028001, Arabic/Arbi,4,3,1,0,0,0,4,3,1
C0116,28,546,802960,Nidadavole (M),001000,1 ASSAMESE,4,3,1,0,0,0,4,3,1
C0116,28,546,802960,Nidadavole (M),001002, Assamese,4,3,1,0,0,0,4,3,1
C0116,28,546,802960,Nidadavole (M),002000,2 BENGALI ,2,0,2,0,0,0,2,0,2
C0116,28,546,802960,Nidadavole (M),002007, Bengali,2,0,2,0,0,0,2,0,2
C0116,28,546,802960,Nidadavole (M),006000,6 HINDI ,231,125,106,0,0,0,231,125,106
C0116,28,546,802960,Nidadavole (M),006240, Hindi,132,71,61,0,0,0,132,71,61
C0116,28,546,802960,Nidadavole (M),006400, Marwari,39,22,17,0,0,0,39,22,17
C0116,28,546,802960,Nidadavole (M),006489, Rajasthani,60,32,28,0,0,0,60,32,28
C0116,28,546,802960,Nidadavole (M),007000,7 KANNADA,19,8,11,0,0,0,19,8,11
C0116,28,546,802960,Nidadavole (M),007016, Kannada,19,8,11,0,0,0,19,8,11
C0116,28,546,802960,Nidadavole (M),011000,11 MALAYALAM,23,11,12,0,0,0,23,11,12
C0116,28,546,802960,Nidadavole (M),011016, Malayalam,23,11,12,0,0,0,23,11,12
C0116,28,546,802960,Nidadavole (M),013000,13 MARATHI ,20,11,9,0,0,0,20,11,9
C0116,28,546,802960,Nidadavole (M),013071, Marathi,20,11,9,0,0,0,20,11,9
C0116,28,546,802960,Nidadavole (M),014000,14 NEPALI ,2,1,1,0,0,0,2,1,1
C0116,28,546,802960,Nidadavole (M),014011, Nepali,2,1,1,0,0,0,2,1,1
C0116,28,546,802960,Nidadavole (M),015000,15 ODIA ,155,77,78,0,0,0,155,77,78
C0116,28,546,802960,Nidadavole (M),015043, Odia,25,12,13,0,0,0,25,12,13
C0116,28,546,802960,Nidadavole (M),015055, Relli,130,65,65,0,0,0,130,65,65
C0116,28,546,802960,Nidadavole (M),017000,17 SANSKRIT ,1,0,1,0,0,0,1,0,1
C0116,28,546,802960,Nidadavole (M),017002, Sanskrit,1,0,1,0,0,0,1,0,1
C0116,28,546,802960,Nidadavole (M),020000,20 TAMIL ,74,40,34,0,0,0,74,40,34
C0116,28,546,802960,Nidadavole (M),020027, Tamil,65,35,30,0,0,0,65,35,30
C0116,28,546,802960,Nidadavole (M),020029, Yerukala/Yerukula,9,5,4,0,0,0,9,5,4
C0116,28,546,802960,Nidadavole (M),021000,21 TELUGU ,39273,19056,20217,0,0,0,39273,19056,20217
C0116,28,546,802960,Nidadavole (M),021046, Telugu,39273,19056,20217,0,0,0,39273,19056,20217
C0116,28,546,802960,Nidadavole (M),022000,22 URDU,3982,1936,2046,0,0,0,3982,1936,2046
C0116,28,546,802960,Nidadavole (M),022015, Urdu,3982,1936,2046,0,0,0,3982,1936,2046
C0116,28,546,802960,Nidadavole (M),040000,40 ENGLISH ,3,2,1,0,0,0,3,2,1
C0116,28,546,802960,Nidadavole (M),040001, English,3,2,1,0,0,0,3,2,1
C0116,28,546,802960,Nidadavole (M),069000,69 KOYA ,1,0,1,0,0,0,1,0,1
C0116,28,546,802960,Nidadavole (M),069002, Koya,1,0,1,0,0,0,1,0,1
C0116,28,546,802960,Nidadavole (M),117000,117 TULU ,18,10,8,0,0,0,18,10,8
C0116,28,546,802960,Nidadavole (M),117009, Tulu,18,10,8,0,0,0,18,10,8
C0116,28,546,802960,Nidadavole (M),124000,124 OTHERS,1,1,0,0,0,0,1,1,0
C0116,28,546,802961,Tadepalligudem (M + OG),002000,2 BENGALI ,85,59,26,0,0,0,85,59,26
C0116,28,546,802961,Tadepalligudem (M + OG),002007, Bengali,85,59,26,0,0,0,85,59,26
C0116,28,546,802961,Tadepalligudem (M + OG),005000,5 GUJARATI,6,4,2,0,0,0,6,4,2
C0116,28,546,802961,Tadepalligudem (M + OG),005018, Gujarati,6,4,2,0,0,0,6,4,2
C0116,28,546,802961,Tadepalligudem (M + OG),006000,6 HINDI ,268,148,120,0,0,0,268,148,120
C0116,28,546,802961,Tadepalligudem (M + OG),006240, Hindi,185,99,86,0,0,0,185,99,86
C0116,28,546,802961,Tadepalligudem (M + OG),006353, Lamani/Lambadi,9,3,6,0,0,0,9,3,6
C0116,28,546,802961,Tadepalligudem (M + OG),006400, Marwari,42,26,16,0,0,0,42,26,16
C0116,28,546,802961,Tadepalligudem (M + OG),006489, Rajasthani,29,19,10,0,0,0,29,19,10
C0116,28,546,802961,Tadepalligudem (M + OG),006999,6 Others,3,1,2,0,0,0,3,1,2
C0116,28,546,802961,Tadepalligudem (M + OG),007000,7 KANNADA,53,29,24,0,0,0,53,29,24
C0116,28,546,802961,Tadepalligudem (M + OG),007016, Kannada,53,29,24,0,0,0,53,29,24
C0116,28,546,802961,Tadepalligudem (M + OG),011000,11 MALAYALAM,188,15,173,0,0,0,188,15,173
C0116,28,546,802961,Tadepalligudem (M + OG),011016, Malayalam,188,15,173,0,0,0,188,15,173
C0116,28,546,802961,Tadepalligudem (M + OG),013000,13 MARATHI ,22,12,10,0,0,0,22,12,10
C0116,28,546,802961,Tadepalligudem (M + OG),013071, Marathi,22,12,10,0,0,0,22,12,10
C0116,28,546,802961,Tadepalligudem (M + OG),014000,14 NEPALI ,7,4,3,0,0,0,7,4,3
C0116,28,546,802961,Tadepalligudem (M + OG),014011, Nepali,7,4,3,0,0,0,7,4,3
C0116,28,546,802961,Tadepalligudem (M + OG),015000,15 ODIA ,106,68,38,0,0,0,106,68,38
C0116,28,546,802961,Tadepalligudem (M + OG),015043, Odia,87,57,30,0,0,0,87,57,30
C0116,28,546,802961,Tadepalligudem (M + OG),015055, Relli,19,11,8,0,0,0,19,11,8
C0116,28,546,802961,Tadepalligudem (M + OG),016000,16 PUNJABI ,2,0,2,0,0,0,2,0,2
C0116,28,546,802961,Tadepalligudem (M + OG),016038, Punjabi,2,0,2,0,0,0,2,0,2
C0116,28,546,802961,Tadepalligudem (M + OG),020000,20 TAMIL ,109,56,53,0,0,0,109,56,53
C0116,28,546,802961,Tadepalligudem (M + OG),020027, Tamil,109,56,53,0,0,0,109,56,53
C0116,28,546,802961,Tadepalligudem (M + OG),021000,21 TELUGU ,100529,49774,50755,0,0,0,100529,49774,50755
C0116,28,546,802961,Tadepalligudem (M + OG),021046, Telugu,100504,49760,50744,0,0,0,100504,49760,50744
C0116,28,546,802961,Tadepalligudem (M + OG),021999,21 Others,25,14,11,0,0,0,25,14,11
C0116,28,546,802961,Tadepalligudem (M + OG),022000,22 URDU,2644,1265,1379,0,0,0,2644,1265,1379
C0116,28,546,802961,Tadepalligudem (M + OG),022015, Urdu,2644,1265,1379,0,0,0,2644,1265,1379
C0116,28,546,802961,Tadepalligudem (M + OG),028000,28 ARABIC/ARBI ,5,2,3,0,0,0,5,2,3
C0116,28,546,802961,Tadepalligudem (M + OG),028001, Arabic/Arbi,5,2,3,0,0,0,5,2,3
C0116,28,546,802961,Tadepalligudem (M + OG),117000,117 TULU ,8,2,6,0,0,0,8,2,6
C0116,28,546,802961,Tadepalligudem (M + OG),117009, Tulu,8,2,6,0,0,0,8,2,6
C0116,28,546,802962,Eluru (M Corp. + OG),002000,2 BENGALI ,178,102,76,0,0,0,178,102,76
C0116,28,546,802962,Eluru (M Corp. + OG),002007, Bengali,178,102,76,0,0,0,178,102,76
C0116,28,546,802962,Eluru (M Corp. + OG),005000,5 GUJARATI,10,3,7,0,0,0,10,3,7
C0116,28,546,802962,Eluru (M Corp. + OG),005018, Gujarati,8,2,6,0,0,0,8,2,6
C0116,28,546,802962,Eluru (M Corp. + OG),005999,5 Others,2,1,1,0,0,0,2,1,1
C0116,28,546,802962,Eluru (M Corp. + OG),006000,6 HINDI ,1407,726,681,0,0,0,1407,726,681
C0116,28,546,802962,Eluru (M Corp. + OG),006066, Banjari,3,3,0,0,0,0,3,3,0
C0116,28,546,802962,Eluru (M Corp. + OG),006102, Bhojpuri,5,3,2,0,0,0,5,3,2
C0116,28,546,802962,Eluru (M Corp. + OG),006173, Dhundhari,1,0,1,0,0,0,1,0,1
C0116,28,546,802962,Eluru (M Corp. + OG),006240, Hindi,953,479,474,0,0,0,953,479,474
C0116,28,546,802962,Eluru (M Corp. + OG),006353, Lamani/Lambadi,170,86,84,0,0,0,170,86,84
C0116,28,546,802962,Eluru (M Corp. + OG),006400, Marwari,224,121,103,0,0,0,224,121,103
C0116,28,546,802962,Eluru (M Corp. + OG),006489, Rajasthani,42,29,13,0,0,0,42,29,13
C0116,28,546,802962,Eluru (M Corp. + OG),006541, Sugali,9,5,4,0,0,0,9,5,4
C0116,28,546,802962,Eluru (M Corp. + OG),007000,7 KANNADA,34,18,16,0,0,0,34,18,16
C0116,28,546,802962,Eluru (M Corp. + OG),007016, Kannada,34,18,16,0,0,0,34,18,16
C0116,28,546,802962,Eluru (M Corp. + OG),009000,9 KONKANI,1,1,0,0,0,0,1,1,0
C0116,28,546,802962,Eluru (M Corp. + OG),009011, Konkani,1,1,0,0,0,0,1,1,0
C0116,28,546,802962,Eluru (M Corp. + OG),011000,11 MALAYALAM,32,10,22,0,0,0,32,10,22
C0116,28,546,802962,Eluru (M Corp. + OG),011016, Malayalam,32,10,22,0,0,0,32,10,22
C0116,28,546,802962,Eluru (M Corp. + OG),013000,13 MARATHI ,257,138,119,0,0,0,257,138,119
C0116,28,546,802962,Eluru (M Corp. + OG),013071, Marathi,257,138,119,0,0,0,257,138,119
C0116,28,546,802962,Eluru (M Corp. + OG),014000,14 NEPALI ,54,28,26,0,0,0,54,28,26
C0116,28,546,802962,Eluru (M Corp. + OG),014011, Nepali,54,28,26,0,0,0,54,28,26
C0116,28,546,802962,Eluru (M Corp. + OG),015000,15 ODIA ,895,512,383,0,0,0,895,512,383
C0116,28,546,802962,Eluru (M Corp. + OG),015043, Odia,681,413,268,0,0,0,681,413,268
C0116,28,546,802962,Eluru (M Corp. + OG),015055, Relli,214,99,115,0,0,0,214,99,115
C0116,28,546,802962,Eluru (M Corp. + OG),016000,16 PUNJABI ,16,8,8,0,0,0,16,8,8
C0116,28,546,802962,Eluru (M Corp. + OG),016038, Punjabi,16,8,8,0,0,0,16,8,8
C0116,28,546,802962,Eluru (M Corp. + OG),020000,20 TAMIL ,238,116,122,0,0,0,238,116,122
C0116,28,546,802962,Eluru (M Corp. + OG),020027, Tamil,127,63,64,0,0,0,127,63,64
C0116,28,546,802962,Eluru (M Corp. + OG),020029, Yerukala/Yerukula,111,53,58,0,0,0,111,53,58
C0116,28,546,802962,Eluru (M Corp. + OG),021000,21 TELUGU ,200838,98907,101931,0,0,0,200838,98907,101931
C0116,28,546,802962,Eluru (M Corp. + OG),021046, Telugu,200603,98790,101813,0,0,0,200603,98790,101813
C0116,28,546,802962,Eluru (M Corp. + OG),021999,21 Others,235,117,118,0,0,0,235,117,118
C0116,28,546,802962,Eluru (M Corp. + OG),022000,22 URDU,13979,6902,7077,0,0,0,13979,6902,7077
C0116,28,546,802962,Eluru (M Corp. + OG),022015, Urdu,13979,6902,7077,0,0,0,13979,6902,7077
C0116,28,546,802962,Eluru (M Corp. + OG),028000,28 ARABIC/ARBI ,8,5,3,0,0,0,8,5,3
C0116,28,546,802962,Eluru (M Corp. + OG),028001, Arabic/Arbi,8,5,3,0,0,0,8,5,3
C0116,28,546,802962,Eluru (M Corp. + OG),040000,40 ENGLISH ,8,4,4,0,0,0,8,4,4
C0116,28,546,802962,Eluru (M Corp. + OG),040001, English,8,4,4,0,0,0,8,4,4
C0116,28,546,802962,Eluru (M Corp. + OG),069000,69 KOYA ,59,29,30,0,0,0,59,29,30
C0116,28,546,802962,Eluru (M Corp. + OG),069002, Koya,59,29,30,0,0,0,59,29,30
C0116,28,546,802962,Eluru (M Corp. + OG),092000,92 MUNDARI ,1,1,0,0,0,0,1,1,0
C0116,28,546,802962,Eluru (M Corp. + OG),092005, Mundari,1,1,0,0,0,0,1,1,0
C0116,28,546,802962,Eluru (M Corp. + OG),117000,117 TULU ,2,1,1,0,0,0,2,1,1
C0116,28,546,802962,Eluru (M Corp. + OG),117009, Tulu,2,1,1,0,0,0,2,1,1
C0116,28,546,802962,Eluru (M Corp. + OG),124000,124 OTHERS,3,0,3,0,0,0,3,0,3
C0116,28,546,802963,Tanuku (M + OG),002000,2 BENGALI ,506,355,151,0,0,0,506,355,151
C0116,28,546,802963,Tanuku (M + OG),002007, Bengali,506,355,151,0,0,0,506,355,151
C0116,28,546,802963,Tanuku (M + OG),005000,5 GUJARATI,2,0,2,0,0,0,2,0,2
C0116,28,546,802963,Tanuku (M + OG),005999,5 Others,2,0,2,0,0,0,2,0,2
C0116,28,546,802963,Tanuku (M + OG),006000,6 HINDI ,430,230,200,0,0,0,430,230,200
C0116,28,546,802963,Tanuku (M + OG),006240, Hindi,282,151,131,0,0,0,282,151,131
C0116,28,546,802963,Tanuku (M + OG),006353, Lamani/Lambadi,6,3,3,0,0,0,6,3,3
C0116,28,546,802963,Tanuku (M + OG),006400, Marwari,90,49,41,0,0,0,90,49,41
C0116,28,546,802963,Tanuku (M + OG),006489, Rajasthani,51,26,25,0,0,0,51,26,25
C0116,28,546,802963,Tanuku (M + OG),006541, Sugali,1,1,0,0,0,0,1,1,0
C0116,28,546,802963,Tanuku (M + OG),007000,7 KANNADA,32,19,13,0,0,0,32,19,13
C0116,28,546,802963,Tanuku (M + OG),007016, Kannada,32,19,13,0,0,0,32,19,13
C0116,28,546,802963,Tanuku (M + OG),011000,11 MALAYALAM,34,14,20,0,0,0,34,14,20
C0116,28,546,802963,Tanuku (M + OG),011016, Malayalam,34,14,20,0,0,0,34,14,20
C0116,28,546,802963,Tanuku (M + OG),013000,13 MARATHI ,46,24,22,0,0,0,46,24,22
C0116,28,546,802963,Tanuku (M + OG),013071, Marathi,46,24,22,0,0,0,46,24,22
C0116,28,546,802963,Tanuku (M + OG),014000,14 NEPALI ,17,10,7,0,0,0,17,10,7
C0116,28,546,802963,Tanuku (M + OG),014011, Nepali,17,10,7,0,0,0,17,10,7
C0116,28,546,802963,Tanuku (M + OG),015000,15 ODIA ,68,37,31,0,0,0,68,37,31
C0116,28,546,802963,Tanuku (M + OG),015043, Odia,68,37,31,0,0,0,68,37,31
C0116,28,546,802963,Tanuku (M + OG),020000,20 TAMIL ,40,20,20,0,0,0,40,20,20
C0116,28,546,802963,Tanuku (M + OG),020027, Tamil,36,19,17,0,0,0,36,19,17
C0116,28,546,802963,Tanuku (M + OG),020029, Yerukala/Yerukula,4,1,3,0,0,0,4,1,3
C0116,28,546,802963,Tanuku (M + OG),021000,21 TELUGU ,74873,36694,38179,0,0,0,74873,36694,38179
C0116,28,546,802963,Tanuku (M + OG),021046, Telugu,74873,36694,38179,0,0,0,74873,36694,38179
C0116,28,546,802963,Tanuku (M + OG),022000,22 URDU,1900,922,978,0,0,0,1900,922,978
C0116,28,546,802963,Tanuku (M + OG),022015, Urdu,1900,922,978,0,0,0,1900,922,978
C0116,28,546,802963,Tanuku (M + OG),040000,40 ENGLISH ,5,0,5,0,0,0,5,0,5
C0116,28,546,802963,Tanuku (M + OG),040001, English,5,0,5,0,0,0,5,0,5
C0116,28,546,802963,Tanuku (M + OG),069000,69 KOYA ,8,0,8,0,0,0,8,0,8
C0116,28,546,802963,Tanuku (M + OG),069002, Koya,8,0,8,0,0,0,8,0,8
C0116,28,546,802963,Tanuku (M + OG),124000,124 OTHERS,1,0,1,0,0,0,1,0,1
C0116,28,546,802964,Bhimavaram (M + OG),002000,2 BENGALI ,119,87,32,0,0,0,119,87,32
C0116,28,546,802964,Bhimavaram (M + OG),002007, Bengali,119,87,32,0,0,0,119,87,32
C0116,28,546,802964,Bhimavaram (M + OG),005000,5 GUJARATI,5,2,3,0,0,0,5,2,3
C0116,28,546,802964,Bhimavaram (M + OG),005018, Gujarati,3,1,2,0,0,0,3,1,2
C0116,28,546,802964,Bhimavaram (M + OG),005999,5 Others,2,1,1,0,0,0,2,1,1
C0116,28,546,802964,Bhimavaram (M + OG),006000,6 HINDI ,627,359,268,0,0,0,627,359,268
C0116,28,546,802964,Bhimavaram (M + OG),006240, Hindi,495,285,210,0,0,0,495,285,210
C0116,28,546,802964,Bhimavaram (M + OG),006353, Lamani/Lambadi,9,6,3,0,0,0,9,6,3
C0116,28,546,802964,Bhimavaram (M + OG),006400, Marwari,95,52,43,0,0,0,95,52,43
C0116,28,546,802964,Bhimavaram (M + OG),006489, Rajasthani,27,15,12,0,0,0,27,15,12
C0116,28,546,802964,Bhimavaram (M + OG),006541, Sugali,1,1,0,0,0,0,1,1,0
C0116,28,546,802964,Bhimavaram (M + OG),007000,7 KANNADA,47,21,26,0,0,0,47,21,26
C0116,28,546,802964,Bhimavaram (M + OG),007016, Kannada,47,21,26,0,0,0,47,21,26
C0116,28,546,802964,Bhimavaram (M + OG),011000,11 MALAYALAM,217,66,151,0,0,0,217,66,151
C0116,28,546,802964,Bhimavaram (M + OG),011016, Malayalam,217,66,151,0,0,0,217,66,151
C0116,28,546,802964,Bhimavaram (M + OG),012000,12 MANIPURI ,14,13,1,0,0,0,14,13,1
C0116,28,546,802964,Bhimavaram (M + OG),012003, Manipuri,14,13,1,0,0,0,14,13,1
C0116,28,546,802964,Bhimavaram (M + OG),013000,13 MARATHI ,61,39,22,0,0,0,61,39,22
C0116,28,546,802964,Bhimavaram (M + OG),013071, Marathi,61,39,22,0,0,0,61,39,22
C0116,28,546,802964,Bhimavaram (M + OG),014000,14 NEPALI ,46,28,18,0,0,0,46,28,18
C0116,28,546,802964,Bhimavaram (M + OG),014011, Nepali,46,28,18,0,0,0,46,28,18
C0116,28,546,802964,Bhimavaram (M + OG),015000,15 ODIA ,382,202,180,0,0,0,382,202,180
C0116,28,546,802964,Bhimavaram (M + OG),015043, Odia,284,148,136,0,0,0,284,148,136
C0116,28,546,802964,Bhimavaram (M + OG),015055, Relli,98,54,44,0,0,0,98,54,44
C0116,28,546,802964,Bhimavaram (M + OG),017000,17 SANSKRIT ,3,2,1,0,0,0,3,2,1
C0116,28,546,802964,Bhimavaram (M + OG),017002, Sanskrit,3,2,1,0,0,0,3,2,1
C0116,28,546,802964,Bhimavaram (M + OG),019000,19 SINDHI,7,3,4,0,0,0,7,3,4
C0116,28,546,802964,Bhimavaram (M + OG),019014, Sindhi,7,3,4,0,0,0,7,3,4
C0116,28,546,802964,Bhimavaram (M + OG),020000,20 TAMIL ,200,108,92,0,0,0,200,108,92
C0116,28,546,802964,Bhimavaram (M + OG),020027, Tamil,200,108,92,0,0,0,200,108,92
C0116,28,546,802964,Bhimavaram (M + OG),021000,21 TELUGU ,141116,69490,71626,0,0,0,141116,69490,71626
C0116,28,546,802964,Bhimavaram (M + OG),021046, Telugu,141116,69490,71626,0,0,0,141116,69490,71626
C0116,28,546,802964,Bhimavaram (M + OG),022000,22 URDU,4108,2017,2091,0,0,0,4108,2017,2091
C0116,28,546,802964,Bhimavaram (M + OG),022015, Urdu,4108,2017,2091,0,0,0,4108,2017,2091
C0116,28,546,802964,Bhimavaram (M + OG),040000,40 ENGLISH ,2,1,1,0,0,0,2,1,1
C0116,28,546,802964,Bhimavaram (M + OG),040001, English,2,1,1,0,0,0,2,1,1
C0116,28,546,802964,Bhimavaram (M + OG),124000,124 OTHERS,7,3,4,0,0,0,7,3,4
C0116,28,546,802965,Narasapur (M),001000,1 ASSAMESE,1,1,0,0,0,0,1,1,0
C0116,28,546,802965,Narasapur (M),001002, Assamese,1,1,0,0,0,0,1,1,0
C0116,28,546,802965,Narasapur (M),002000,2 BENGALI ,9,6,3,0,0,0,9,6,3
C0116,28,546,802965,Narasapur (M),002007, Bengali,9,6,3,0,0,0,9,6,3
C0116,28,546,802965,Narasapur (M),005000,5 GUJARATI,2,1,1,0,0,0,2,1,1
C0116,28,546,802965,Narasapur (M),005018, Gujarati,1,1,0,0,0,0,1,1,0
C0116,28,546,802965,Narasapur (M),005999,5 Others,1,0,1,0,0,0,1,0,1
C0116,28,546,802965,Narasapur (M),006000,6 HINDI ,502,269,233,0,0,0,502,269,233
C0116,28,546,802965,Narasapur (M),006240, Hindi,203,112,91,0,0,0,203,112,91
C0116,28,546,802965,Narasapur (M),006353, Lamani/Lambadi,10,9,1,0,0,0,10,9,1
C0116,28,546,802965,Narasapur (M),006400, Marwari,155,76,79,0,0,0,155,76,79
C0116,28,546,802965,Narasapur (M),006489, Rajasthani,134,72,62,0,0,0,134,72,62
C0116,28,546,802965,Narasapur (M),007000,7 KANNADA,23,12,11,0,0,0,23,12,11
C0116,28,546,802965,Narasapur (M),007016, Kannada,22,11,11,0,0,0,22,11,11
C0116,28,546,802965,Narasapur (M),007999,7 Others,1,1,0,0,0,0,1,1,0
C0116,28,546,802965,Narasapur (M),011000,11 MALAYALAM,32,12,20,0,0,0,32,12,20
C0116,28,546,802965,Narasapur (M),011016, Malayalam,32,12,20,0,0,0,32,12,20
C0116,28,546,802965,Narasapur (M),013000,13 MARATHI ,56,33,23,0,0,0,56,33,23
C0116,28,546,802965,Narasapur (M),013071, Marathi,56,33,23,0,0,0,56,33,23
C0116,28,546,802965,Narasapur (M),014000,14 NEPALI ,4,3,1,0,0,0,4,3,1
C0116,28,546,802965,Narasapur (M),014011, Nepali,4,3,1,0,0,0,4,3,1
C0116,28,546,802965,Narasapur (M),015000,15 ODIA ,45,12,33,0,0,0,45,12,33
C0116,28,546,802965,Narasapur (M),015043, Odia,41,9,32,0,0,0,41,9,32
C0116,28,546,802965,Narasapur (M),015999,15 Others,4,3,1,0,0,0,4,3,1
C0116,28,546,802965,Narasapur (M),016000,16 PUNJABI ,1,1,0,0,0,0,1,1,0
C0116,28,546,802965,Narasapur (M),016038, Punjabi,1,1,0,0,0,0,1,1,0
C0116,28,546,802965,Narasapur (M),020000,20 TAMIL ,119,52,67,0,0,0,119,52,67
C0116,28,546,802965,Narasapur (M),020027, Tamil,119,52,67,0,0,0,119,52,67
C0116,28,546,802965,Narasapur (M),021000,21 TELUGU ,55861,27319,28542,0,0,0,55861,27319,28542
C0116,28,546,802965,Narasapur (M),021046, Telugu,55861,27319,28542,0,0,0,55861,27319,28542
C0116,28,546,802965,Narasapur (M),022000,22 URDU,2103,1069,1034,0,0,0,2103,1069,1034
C0116,28,546,802965,Narasapur (M),022015, Urdu,2103,1069,1034,0,0,0,2103,1069,1034
C0116,28,546,802965,Narasapur (M),040000,40 ENGLISH ,9,5,4,0,0,0,9,5,4
C0116,28,546,802965,Narasapur (M),040001, English,9,5,4,0,0,0,9,5,4
C0116,28,546,802965,Narasapur (M),124000,124 OTHERS,3,1,2,0,0,0,3,1,2
C0116,28,546,802966,Palacole (M + OG),002000,2 BENGALI ,19,9,10,0,0,0,19,9,10
C0116,28,546,802966,Palacole (M + OG),002007, Bengali,19,9,10,0,0,0,19,9,10
C0116,28,546,802966,Palacole (M + OG),005000,5 GUJARATI,11,4,7,0,0,0,11,4,7
C0116,28,546,802966,Palacole (M + OG),005018, Gujarati,11,4,7,0,0,0,11,4,7
C0116,28,546,802966,Palacole (M + OG),006000,6 HINDI ,172,89,83,0,0,0,172,89,83
C0116,28,546,802966,Palacole (M + OG),006240, Hindi,141,73,68,0,0,0,141,73,68
C0116,28,546,802966,Palacole (M + OG),006353, Lamani/Lambadi,4,3,1,0,0,0,4,3,1
C0116,28,546,802966,Palacole (M + OG),006400, Marwari,17,8,9,0,0,0,17,8,9
C0116,28,546,802966,Palacole (M + OG),006489, Rajasthani,10,5,5,0,0,0,10,5,5
C0116,28,546,802966,Palacole (M + OG),007000,7 KANNADA,13,7,6,0,0,0,13,7,6
C0116,28,546,802966,Palacole (M + OG),007016, Kannada,13,7,6,0,0,0,13,7,6
C0116,28,546,802966,Palacole (M + OG),011000,11 MALAYALAM,21,7,14,0,0,0,21,7,14
C0116,28,546,802966,Palacole (M + OG),011016, Malayalam,21,7,14,0,0,0,21,7,14
C0116,28,546,802966,Palacole (M + OG),013000,13 MARATHI ,22,10,12,0,0,0,22,10,12
C0116,28,546,802966,Palacole (M + OG),013071, Marathi,22,10,12,0,0,0,22,10,12
C0116,28,546,802966,Palacole (M + OG),014000,14 NEPALI ,8,4,4,0,0,0,8,4,4
C0116,28,546,802966,Palacole (M + OG),014011, Nepali,8,4,4,0,0,0,8,4,4
C0116,28,546,802966,Palacole (M + OG),015000,15 ODIA ,33,18,15,0,0,0,33,18,15
C0116,28,546,802966,Palacole (M + OG),015043, Odia,32,18,14,0,0,0,32,18,14
C0116,28,546,802966,Palacole (M + OG),015055, Relli,1,0,1,0,0,0,1,0,1
C0116,28,546,802966,Palacole (M + OG),020000,20 TAMIL ,43,23,20,0,0,0,43,23,20
C0116,28,546,802966,Palacole (M + OG),020027, Tamil,42,22,20,0,0,0,42,22,20
C0116,28,546,802966,Palacole (M + OG),020029, Yerukala/Yerukula,1,1,0,0,0,0,1,1,0
C0116,28,546,802966,Palacole (M + OG),021000,21 TELUGU ,79769,39375,40394,0,0,0,79769,39375,40394
C0116,28,546,802966,Palacole (M + OG),021046, Telugu,79769,39375,40394,0,0,0,79769,39375,40394
C0116,28,546,802966,Palacole (M + OG),022000,22 URDU,1077,551,526,0,0,0,1077,551,526
C0116,28,546,802966,Palacole (M + OG),022015, Urdu,1077,551,526,0,0,0,1077,551,526
C0116,28,546,802966,Palacole (M + OG),040000,40 ENGLISH ,11,6,5,0,0,0,11,6,5
C0116,28,546,802966,Palacole (M + OG),040001, English,11,6,5,0,0,0,11,6,5
C0116,28,546,588238,Dwarakatirumala (CT),005000,5 GUJARATI,1,1,0,0,0,0,1,1,0
C0116,28,546,588238,Dwarakatirumala (CT),005999,5 Others,1,1,0,0,0,0,1,1,0
C0116,28,546,588238,Dwarakatirumala (CT),006000,6 HINDI ,19,11,8,0,0,0,19,11,8
C0116,28,546,588238,Dwarakatirumala (CT),006240, Hindi,12,7,5,0,0,0,12,7,5
C0116,28,546,588238,Dwarakatirumala (CT),006400, Marwari,5,2,3,0,0,0,5,2,3
C0116,28,546,588238,Dwarakatirumala (CT),006489, Rajasthani,2,2,0,0,0,0,2,2,0
C0116,28,546,588238,Dwarakatirumala (CT),007000,7 KANNADA,3,2,1,0,0,0,3,2,1
C0116,28,546,588238,Dwarakatirumala (CT),007016, Kannada,3,2,1,0,0,0,3,2,1
C0116,28,546,588238,Dwarakatirumala (CT),014000,14 NEPALI ,23,12,11,0,0,0,23,12,11
C0116,28,546,588238,Dwarakatirumala (CT),014011, Nepali,23,12,11,0,0,0,23,12,11
C0116,28,546,588238,Dwarakatirumala (CT),021000,21 TELUGU ,5446,2445,3001,0,0,0,5446,2445,3001
C0116,28,546,588238,Dwarakatirumala (CT),021046, Telugu,5446,2445,3001,0,0,0,5446,2445,3001
C0116,28,546,588238,Dwarakatirumala (CT),022000,22 URDU,51,21,30,0,0,0,51,21,30
C0116,28,546,588238,Dwarakatirumala (CT),022015, Urdu,51,21,30,0,0,0,51,21,30
C0116,28,546,588436,Sanivarapupeta (CT),006000,6 HINDI ,23,11,12,0,0,0,23,11,12
C0116,28,546,588436,Sanivarapupeta (CT),006240, Hindi,14,8,6,0,0,0,14,8,6
C0116,28,546,588436,Sanivarapupeta (CT),006353, Lamani/Lambadi,9,3,6,0,0,0,9,3,6
C0116,28,546,588436,Sanivarapupeta (CT),014000,14 NEPALI ,1,1,0,0,0,0,1,1,0
C0116,28,546,588436,Sanivarapupeta (CT),014011, Nepali,1,1,0,0,0,0,1,1,0
C0116,28,546,588436,Sanivarapupeta (CT),015000,15 ODIA ,6,2,4,0,0,0,6,2,4
C0116,28,546,588436,Sanivarapupeta (CT),015043, Odia,6,2,4,0,0,0,6,2,4
C0116,28,546,588436,Sanivarapupeta (CT),021000,21 TELUGU ,7075,3559,3516,0,0,0,7075,3559,3516
C0116,28,546,588436,Sanivarapupeta (CT),021046, Telugu,7075,3559,3516,0,0,0,7075,3559,3516
C0116,28,546,588436,Sanivarapupeta (CT),022000,22 URDU,1032,537,495,0,0,0,1032,537,495
C0116,28,546,588436,Sanivarapupeta (CT),022015, Urdu,1032,537,495,0,0,0,1032,537,495
C0116,28,546,588436,Sanivarapupeta (CT),040000,40 ENGLISH ,5,2,3,0,0,0,5,2,3
C0116,28,546,588436,Sanivarapupeta (CT),040001, English,5,2,3,0,0,0,5,2,3
C0116,28,546,588437,Satrampadu (CT),006000,6 HINDI ,13,8,5,0,0,0,13,8,5
C0116,28,546,588437,Satrampadu (CT),006240, Hindi,13,8,5,0,0,0,13,8,5
C0116,28,546,588437,Satrampadu (CT),007000,7 KANNADA,1,0,1,0,0,0,1,0,1
C0116,28,546,588437,Satrampadu (CT),007016, Kannada,1,0,1,0,0,0,1,0,1
C0116,28,546,588437,Satrampadu (CT),013000,13 MARATHI ,5,2,3,0,0,0,5,2,3
C0116,28,546,588437,Satrampadu (CT),013071, Marathi,5,2,3,0,0,0,5,2,3
C0116,28,546,588437,Satrampadu (CT),015000,15 ODIA ,1,0,1,0,0,0,1,0,1
C0116,28,546,588437,Satrampadu (CT),015043, Odia,1,0,1,0,0,0,1,0,1
C0116,28,546,588437,Satrampadu (CT),016000,16 PUNJABI ,2,1,1,0,0,0,2,1,1
C0116,28,546,588437,Satrampadu (CT),016038, Punjabi,2,1,1,0,0,0,2,1,1
C0116,28,546,588437,Satrampadu (CT),020000,20 TAMIL ,1,0,1,0,0,0,1,0,1
C0116,28,546,588437,Satrampadu (CT),020027, Tamil,1,0,1,0,0,0,1,0,1
C0116,28,546,588437,Satrampadu (CT),021000,21 TELUGU ,6254,3086,3168,0,0,0,6254,3086,3168
C0116,28,546,588437,Satrampadu (CT),021046, Telugu,6254,3086,3168,0,0,0,6254,3086,3168
C0116,28,546,588437,Satrampadu (CT),022000,22 URDU,116,56,60,0,0,0,116,56,60
C0116,28,546,588437,Satrampadu (CT),022015, Urdu,116,56,60,0,0,0,116,56,60
C0116,28,546,588438,Gavaravaram (CT),002000,2 BENGALI ,9,6,3,0,0,0,9,6,3
C0116,28,546,588438,Gavaravaram (CT),002007, Bengali,9,6,3,0,0,0,9,6,3
C0116,28,546,588438,Gavaravaram (CT),005000,5 GUJARATI,2,0,2,0,0,0,2,0,2
C0116,28,546,588438,Gavaravaram (CT),005999,5 Others,2,0,2,0,0,0,2,0,2
C0116,28,546,588438,Gavaravaram (CT),006000,6 HINDI ,43,22,21,0,0,0,43,22,21
C0116,28,546,588438,Gavaravaram (CT),006240, Hindi,23,12,11,0,0,0,23,12,11
C0116,28,546,588438,Gavaravaram (CT),006353, Lamani/Lambadi,4,2,2,0,0,0,4,2,2
C0116,28,546,588438,Gavaravaram (CT),006400, Marwari,16,8,8,0,0,0,16,8,8
C0116,28,546,588438,Gavaravaram (CT),011000,11 MALAYALAM,8,6,2,0,0,0,8,6,2
C0116,28,546,588438,Gavaravaram (CT),011016, Malayalam,8,6,2,0,0,0,8,6,2
C0116,28,546,588438,Gavaravaram (CT),020000,20 TAMIL ,21,10,11,0,0,0,21,10,11
C0116,28,546,588438,Gavaravaram (CT),020027, Tamil,21,10,11,0,0,0,21,10,11
C0116,28,546,588438,Gavaravaram (CT),021000,21 TELUGU ,9770,4798,4972,0,0,0,9770,4798,4972
C0116,28,546,588438,Gavaravaram (CT),021046, Telugu,9770,4798,4972,0,0,0,9770,4798,4972
C0116,28,546,588438,Gavaravaram (CT),022000,22 URDU,172,83,89,0,0,0,172,83,89
C0116,28,546,588438,Gavaravaram (CT),022015, Urdu,172,83,89,0,0,0,172,83,89
C0116,28,546,588438,Gavaravaram (CT),040000,40 ENGLISH ,4,2,2,0,0,0,4,2,2
C0116,28,546,588438,Gavaravaram (CT),040001, English,4,2,2,0,0,0,4,2,2
C0116,28,546,588439,Tangellamudi (CT),005000,5 GUJARATI,2,0,2,0,0,0,2,0,2
C0116,28,546,588439,Tangellamudi (CT),005018, Gujarati,2,0,2,0,0,0,2,0,2
C0116,28,546,588439,Tangellamudi (CT),006000,6 HINDI ,48,22,26,0,0,0,48,22,26
C0116,28,546,588439,Tangellamudi (CT),006240, Hindi,15,6,9,0,0,0,15,6,9
C0116,28,546,588439,Tangellamudi (CT),006353, Lamani/Lambadi,33,16,17,0,0,0,33,16,17
C0116,28,546,588439,Tangellamudi (CT),007000,7 KANNADA,4,3,1,0,0,0,4,3,1
C0116,28,546,588439,Tangellamudi (CT),007016, Kannada,4,3,1,0,0,0,4,3,1
C0116,28,546,588439,Tangellamudi (CT),011000,11 MALAYALAM,14,3,11,0,0,0,14,3,11
C0116,28,546,588439,Tangellamudi (CT),011016, Malayalam,14,3,11,0,0,0,14,3,11
C0116,28,546,588439,Tangellamudi (CT),014000,14 NEPALI ,4,2,2,0,0,0,4,2,2
C0116,28,546,588439,Tangellamudi (CT),014011, Nepali,4,2,2,0,0,0,4,2,2
C0116,28,546,588439,Tangellamudi (CT),015000,15 ODIA ,2,0,2,0,0,0,2,0,2
C0116,28,546,588439,Tangellamudi (CT),015043, Odia,2,0,2,0,0,0,2,0,2
C0116,28,546,588439,Tangellamudi (CT),020000,20 TAMIL ,15,6,9,0,0,0,15,6,9
C0116,28,546,588439,Tangellamudi (CT),020027, Tamil,15,6,9,0,0,0,15,6,9
C0116,28,546,588439,Tangellamudi (CT),021000,21 TELUGU ,7417,3672,3745,0,0,0,7417,3672,3745
C0116,28,546,588439,Tangellamudi (CT),021046, Telugu,7417,3672,3745,0,0,0,7417,3672,3745
C0116,28,546,588439,Tangellamudi (CT),022000,22 URDU,744,374,370,0,0,0,744,374,370
C0116,28,546,588439,Tangellamudi (CT),022015, Urdu,744,374,370,0,0,0,744,374,370
C0116,28,547,000000,Krishna,001000,1 ASSAMESE,11,6,5,0,0,0,11,6,5
C0116,28,547,000000,Krishna,001002, Assamese,11,6,5,0,0,0,11,6,5
C0116,28,547,000000,Krishna,002000,2 BENGALI ,943,590,353,0,0,0,943,590,353
C0116,28,547,000000,Krishna,002007, Bengali,942,589,353,0,0,0,942,589,353
C0116,28,547,000000,Krishna,002011, Chakma,1,1,0,0,0,0,1,1,0
C0116,28,547,000000,Krishna,005000,5 GUJARATI,1533,800,733,0,0,0,1533,800,733
C0116,28,547,000000,Krishna,005018, Gujarati,1362,706,656,0,0,0,1362,706,656
C0116,28,547,000000,Krishna,005057, Saurashtra/Saurashtri,6,3,3,0,0,0,6,3,3
C0116,28,547,000000,Krishna,005999,5 Others,165,91,74,0,0,0,165,91,74
C0116,28,547,000000,Krishna,006000,6 HINDI ,23929,12893,11036,0,0,0,23929,12893,11036
C0116,28,547,000000,Krishna,006066, Banjari,99,54,45,0,0,0,99,54,45
C0116,28,547,000000,Krishna,006102, Bhojpuri,78,50,28,0,0,0,78,50,28
C0116,28,547,000000,Krishna,006173, Dhundhari,1,1,0,0,0,0,1,1,0
C0116,28,547,000000,Krishna,006235, Haryanvi,10,5,5,0,0,0,10,5,5
C0116,28,547,000000,Krishna,006240, Hindi,12221,6702,5519,0,0,0,12221,6702,5519
C0116,28,547,000000,Krishna,006353, Lamani/Lambadi,4696,2540,2156,0,0,0,4696,2540,2156
C0116,28,547,000000,Krishna,006400, Marwari,4664,2452,2212,0,0,0,4664,2452,2212
C0116,28,547,000000,Krishna,006432, Nimadi,1,1,0,0,0,0,1,1,0
C0116,28,547,000000,Krishna,006489, Rajasthani,428,238,190,0,0,0,428,238,190
C0116,28,547,000000,Krishna,006541, Sugali,1681,821,860,0,0,0,1681,821,860
C0116,28,547,000000,Krishna,006999,6 Others,50,29,21,0,0,0,50,29,21
C0116,28,547,000000,Krishna,007000,7 KANNADA,625,309,316,0,0,0,625,309,316
C0116,28,547,000000,Krishna,007002, Badaga,4,2,2,0,0,0,4,2,2
C0116,28,547,000000,Krishna,007016, Kannada,621,307,314,0,0,0,621,307,314
C0116,28,547,000000,Krishna,009000,9 KONKANI,23,10,13,0,0,0,23,10,13
C0116,28,547,000000,Krishna,009011, Konkani,23,10,13,0,0,0,23,10,13
C0116,28,547,000000,Krishna,010000,10 MAITHILI ,5,4,1,0,0,0,5,4,1
C0116,28,547,000000,Krishna,010008, Maithili,5,4,1,0,0,0,5,4,1
C0116,28,547,000000,Krishna,011000,11 MALAYALAM,1615,739,876,0,0,0,1615,739,876
C0116,28,547,000000,Krishna,011016, Malayalam,1615,739,876,0,0,0,1615,739,876
C0116,28,547,000000,Krishna,012000,12 MANIPURI ,118,88,30,0,0,0,118,88,30
C0116,28,547,000000,Krishna,012003, Manipuri,118,88,30,0,0,0,118,88,30
C0116,28,547,000000,Krishna,013000,13 MARATHI ,1488,765,723,0,0,0,1488,765,723
C0116,28,547,000000,Krishna,013071, Marathi,1488,765,723,0,0,0,1488,765,723
C0116,28,547,000000,Krishna,014000,14 NEPALI ,191,129,62,0,0,0,191,129,62
C0116,28,547,000000,Krishna,014011, Nepali,191,129,62,0,0,0,191,129,62
C0116,28,547,000000,Krishna,015000,15 ODIA ,3725,2006,1719,0,0,0,3725,2006,1719
C0116,28,547,000000,Krishna,015043, Odia,2054,1156,898,0,0,0,2054,1156,898
C0116,28,547,000000,Krishna,015055, Relli,1665,847,818,0,0,0,1665,847,818
C0116,28,547,000000,Krishna,015999,15 Others,6,3,3,0,0,0,6,3,3
C0116,28,547,000000,Krishna,016000,16 PUNJABI ,406,205,201,0,0,0,406,205,201
C0116,28,547,000000,Krishna,016038, Punjabi,406,205,201,0,0,0,406,205,201
C0116,28,547,000000,Krishna,017000,17 SANSKRIT ,32,18,14,0,0,0,32,18,14
C0116,28,547,000000,Krishna,017002, Sanskrit,32,18,14,0,0,0,32,18,14
C0116,28,547,000000,Krishna,018000,18 SANTALI ,15,6,9,0,0,0,15,6,9
C0116,28,547,000000,Krishna,018040, Santali,15,6,9,0,0,0,15,6,9
C0116,28,547,000000,Krishna,019000,19 SINDHI,848,427,421,0,0,0,848,427,421
C0116,28,547,000000,Krishna,019008, Kachchhi,6,3,3,0,0,0,6,3,3
C0116,28,547,000000,Krishna,019014, Sindhi,842,424,418,0,0,0,842,424,418
C0116,28,547,000000,Krishna,020000,20 TAMIL ,5846,2980,2866,0,0,0,5846,2980,2866
C0116,28,547,000000,Krishna,020027, Tamil,4617,2387,2230,0,0,0,4617,2387,2230
C0116,28,547,000000,Krishna,020029, Yerukala/Yerukula,1170,567,603,0,0,0,1170,567,603
C0116,28,547,000000,Krishna,020999,20 Others,59,26,33,0,0,0,59,26,33
C0116,28,547,000000,Krishna,021000,21 TELUGU ,1634681,817311,817370,0,0,0,1634681,817311,817370
C0116,28,547,000000,Krishna,021046, Telugu,1634552,817245,817307,0,0,0,1634552,817245,817307
C0116,28,547,000000,Krishna,021999,21 Others,129,66,63,0,0,0,129,66,63
C0116,28,547,000000,Krishna,022000,22 URDU,166711,84085,82626,0,0,0,166711,84085,82626
C0116,28,547,000000,Krishna,022015, Urdu,166709,84083,82626,0,0,0,166709,84083,82626
C0116,28,547,000000,Krishna,022999,22 Others,2,2,0,0,0,0,2,2,0
C0116,28,547,000000,Krishna,024000,24 AFGHANI/KABULI/PASHTO ,1,0,1,0,0,0,1,0,1
C0116,28,547,000000,Krishna,024001, Afghani/Kabuli/Pashto,1,0,1,0,0,0,1,0,1
C0116,28,547,000000,Krishna,028000,28 ARABIC/ARBI ,16,9,7,0,0,0,16,9,7
C0116,28,547,000000,Krishna,028001, Arabic/Arbi,16,9,7,0,0,0,16,9,7
C0116,28,547,000000,Krishna,030000,30 BHILI/BHILODI ,3,2,1,0,0,0,3,2,1
C0116,28,547,000000,Krishna,030035, Kokna/Kokni/Kukna,2,1,1,0,0,0,2,1,1
C0116,28,547,000000,Krishna,030049, Mawchi,1,1,0,0,0,0,1,1,0
C0116,28,547,000000,Krishna,040000,40 ENGLISH ,560,285,275,0,0,0,560,285,275
C0116,28,547,000000,Krishna,040001, English,560,285,275,0,0,0,560,285,275
C0116,28,547,000000,Krishna,043000,43 GARO ,3,0,3,0,0,0,3,0,3
C0116,28,547,000000,Krishna,043005, Garo,3,0,3,0,0,0,3,0,3
C0116,28,547,000000,Krishna,044000,44 GONDI,35,17,18,0,0,0,35,17,18
C0116,28,547,000000,Krishna,044007, Gondi,26,13,13,0,0,0,26,13,13
C0116,28,547,000000,Krishna,044999,44 Others,9,4,5,0,0,0,9,4,5
C0116,28,547,000000,Krishna,049000,49 JATAPU ,2,0,2,0,0,0,2,0,2
C0116,28,547,000000,Krishna,049002, Jatapu,2,0,2,0,0,0,2,0,2
C0116,28,547,000000,Krishna,053000,53 KHANDESHI,1,1,0,0,0,0,1,1,0
C0116,28,547,000000,Krishna,053005, Gujari,1,1,0,0,0,0,1,1,0
C0116,28,547,000000,Krishna,055000,55 KHASI ,1,0,1,0,0,0,1,0,1
C0116,28,547,000000,Krishna,055012, Pnar/Synteng,1,0,1,0,0,0,1,0,1
C0116,28,547,000000,Krishna,065000,65 KONDA,4,2,2,0,0,0,4,2,2
C0116,28,547,000000,Krishna,065003, Konda,4,2,2,0,0,0,4,2,2
C0116,28,547,000000,Krishna,067000,67 KORKU ,1,1,0,0,0,0,1,1,0
C0116,28,547,000000,Krishna,067999,67 Others ,1,1,0,0,0,0,1,1,0
C0116,28,547,000000,Krishna,069000,69 KOYA ,87,47,40,0,0,0,87,47,40
C0116,28,547,000000,Krishna,069002, Koya,87,47,40,0,0,0,87,47,40
C0116,28,547,000000,Krishna,071000,71 KUKI,1,1,0,0,0,0,1,1,0
C0116,28,547,000000,Krishna,071008, Kuki,1,1,0,0,0,0,1,1,0
C0116,28,547,000000,Krishna,082000,82 LUSHAI/MIZO ,5,1,4,0,0,0,5,1,4
C0116,28,547,000000,Krishna,082005, Lushai/Mizo,5,1,4,0,0,0,5,1,4
C0116,28,547,000000,Krishna,092000,92 MUNDARI ,1,0,1,0,0,0,1,0,1
C0116,28,547,000000,Krishna,092005, Mundari,1,0,1,0,0,0,1,0,1
C0116,28,547,000000,Krishna,117000,117 TULU ,9,7,2,0,0,0,9,7,2
C0116,28,547,000000,Krishna,117009, Tulu,8,6,2,0,0,0,8,6,2
C0116,28,547,000000,Krishna,117999,117 Others ,1,1,0,0,0,0,1,1,0
C0116,28,547,000000,Krishna,124000,124 OTHERS,185,97,88,0,0,0,185,97,88
C0116,28,547,802967,Jaggaiahpet (M),001000,1 ASSAMESE,6,4,2,0,0,0,6,4,2
C0116,28,547,802967,Jaggaiahpet (M),001002, Assamese,6,4,2,0,0,0,6,4,2
C0116,28,547,802967,Jaggaiahpet (M),002000,2 BENGALI ,60,34,26,0,0,0,60,34,26
C0116,28,547,802967,Jaggaiahpet (M),002007, Bengali,60,34,26,0,0,0,60,34,26
C0116,28,547,802967,Jaggaiahpet (M),005000,5 GUJARATI,38,22,16,0,0,0,38,22,16
C0116,28,547,802967,Jaggaiahpet (M),005999,5 Others,38,22,16,0,0,0,38,22,16
C0116,28,547,802967,Jaggaiahpet (M),006000,6 HINDI ,1067,674,393,0,0,0,1067,674,393
C0116,28,547,802967,Jaggaiahpet (M),006066, Banjari,11,6,5,0,0,0,11,6,5
C0116,28,547,802967,Jaggaiahpet (M),006102, Bhojpuri,13,9,4,0,0,0,13,9,4
C0116,28,547,802967,Jaggaiahpet (M),006240, Hindi,563,308,255,0,0,0,563,308,255
C0116,28,547,802967,Jaggaiahpet (M),006353, Lamani/Lambadi,354,278,76,0,0,0,354,278,76
C0116,28,547,802967,Jaggaiahpet (M),006400, Marwari,13,10,3,0,0,0,13,10,3
C0116,28,547,802967,Jaggaiahpet (M),006489, Rajasthani,18,14,4,0,0,0,18,14,4
C0116,28,547,802967,Jaggaiahpet (M),006541, Sugali,92,47,45,0,0,0,92,47,45
C0116,28,547,802967,Jaggaiahpet (M),006999,6 Others,3,2,1,0,0,0,3,2,1
C0116,28,547,802967,Jaggaiahpet (M),007000,7 KANNADA,11,6,5,0,0,0,11,6,5
C0116,28,547,802967,Jaggaiahpet (M),007016, Kannada,11,6,5,0,0,0,11,6,5
C0116,28,547,802967,Jaggaiahpet (M),011000,11 MALAYALAM,77,39,38,0,0,0,77,39,38
C0116,28,547,802967,Jaggaiahpet (M),011016, Malayalam,77,39,38,0,0,0,77,39,38
C0116,28,547,802967,Jaggaiahpet (M),013000,13 MARATHI ,67,28,39,0,0,0,67,28,39
C0116,28,547,802967,Jaggaiahpet (M),013071, Marathi,67,28,39,0,0,0,67,28,39
C0116,28,547,802967,Jaggaiahpet (M),014000,14 NEPALI ,11,7,4,0,0,0,11,7,4
C0116,28,547,802967,Jaggaiahpet (M),014011, Nepali,11,7,4,0,0,0,11,7,4
C0116,28,547,802967,Jaggaiahpet (M),015000,15 ODIA ,85,45,40,0,0,0,85,45,40
C0116,28,547,802967,Jaggaiahpet (M),015043, Odia,85,45,40,0,0,0,85,45,40
C0116,28,547,802967,Jaggaiahpet (M),020000,20 TAMIL ,58,27,31,0,0,0,58,27,31
C0116,28,547,802967,Jaggaiahpet (M),020027, Tamil,40,18,22,0,0,0,40,18,22
C0116,28,547,802967,Jaggaiahpet (M),020029, Yerukala/Yerukula,18,9,9,0,0,0,18,9,9
C0116,28,547,802967,Jaggaiahpet (M),021000,21 TELUGU ,46860,23004,23856,0,0,0,46860,23004,23856
C0116,28,547,802967,Jaggaiahpet (M),021046, Telugu,46855,23002,23853,0,0,0,46855,23002,23853
C0116,28,547,802967,Jaggaiahpet (M),021999,21 Others,5,2,3,0,0,0,5,2,3
C0116,28,547,802967,Jaggaiahpet (M),022000,22 URDU,5164,2581,2583,0,0,0,5164,2581,2583
C0116,28,547,802967,Jaggaiahpet (M),022015, Urdu,5164,2581,2583,0,0,0,5164,2581,2583
C0116,28,547,802967,Jaggaiahpet (M),028000,28 ARABIC/ARBI ,5,3,2,0,0,0,5,3,2
C0116,28,547,802967,Jaggaiahpet (M),028001, Arabic/Arbi,5,3,2,0,0,0,5,3,2
C0116,28,547,802967,Jaggaiahpet (M),040000,40 ENGLISH ,9,4,5,0,0,0,9,4,5
C0116,28,547,802967,Jaggaiahpet (M),040001, English,9,4,5,0,0,0,9,4,5
C0116,28,547,802967,Jaggaiahpet (M),069000,69 KOYA ,1,1,0,0,0,0,1,1,0
C0116,28,547,802967,Jaggaiahpet (M),069002, Koya,1,1,0,0,0,0,1,1,0
C0116,28,547,802967,Jaggaiahpet (M),124000,124 OTHERS,11,5,6,0,0,0,11,5,6
C0116,28,547,802968,Nuzvid (M),001000,1 ASSAMESE,1,1,0,0,0,0,1,1,0
C0116,28,547,802968,Nuzvid (M),001002, Assamese,1,1,0,0,0,0,1,1,0
C0116,28,547,802968,Nuzvid (M),002000,2 BENGALI ,88,82,6,0,0,0,88,82,6
C0116,28,547,802968,Nuzvid (M),002007, Bengali,87,81,6,0,0,0,87,81,6
C0116,28,547,802968,Nuzvid (M),002011, Chakma,1,1,0,0,0,0,1,1,0
C0116,28,547,802968,Nuzvid (M),005000,5 GUJARATI,6,5,1,0,0,0,6,5,1
C0116,28,547,802968,Nuzvid (M),005018, Gujarati,3,3,0,0,0,0,3,3,0
C0116,28,547,802968,Nuzvid (M),005999,5 Others,3,2,1,0,0,0,3,2,1
C0116,28,547,802968,Nuzvid (M),006000,6 HINDI ,1575,877,698,0,0,0,1575,877,698
C0116,28,547,802968,Nuzvid (M),006066, Banjari,5,4,1,0,0,0,5,4,1
C0116,28,547,802968,Nuzvid (M),006240, Hindi,578,348,230,0,0,0,578,348,230
C0116,28,547,802968,Nuzvid (M),006353, Lamani/Lambadi,344,214,130,0,0,0,344,214,130
C0116,28,547,802968,Nuzvid (M),006400, Marwari,17,9,8,0,0,0,17,9,8
C0116,28,547,802968,Nuzvid (M),006489, Rajasthani,19,11,8,0,0,0,19,11,8
C0116,28,547,802968,Nuzvid (M),006541, Sugali,612,291,321,0,0,0,612,291,321
C0116,28,547,802968,Nuzvid (M),007000,7 KANNADA,20,10,10,0,0,0,20,10,10
C0116,28,547,802968,Nuzvid (M),007016, Kannada,20,10,10,0,0,0,20,10,10
C0116,28,547,802968,Nuzvid (M),011000,11 MALAYALAM,48,20,28,0,0,0,48,20,28
C0116,28,547,802968,Nuzvid (M),011016, Malayalam,48,20,28,0,0,0,48,20,28
C0116,28,547,802968,Nuzvid (M),012000,12 MANIPURI ,2,1,1,0,0,0,2,1,1
C0116,28,547,802968,Nuzvid (M),012003, Manipuri,2,1,1,0,0,0,2,1,1
C0116,28,547,802968,Nuzvid (M),013000,13 MARATHI ,26,18,8,0,0,0,26,18,8
C0116,28,547,802968,Nuzvid (M),013071, Marathi,26,18,8,0,0,0,26,18,8
C0116,28,547,802968,Nuzvid (M),014000,14 NEPALI ,7,0,7,0,0,0,7,0,7
C0116,28,547,802968,Nuzvid (M),014011, Nepali,7,0,7,0,0,0,7,0,7
C0116,28,547,802968,Nuzvid (M),015000,15 ODIA ,125,95,30,0,0,0,125,95,30
C0116,28,547,802968,Nuzvid (M),015043, Odia,121,93,28,0,0,0,121,93,28
C0116,28,547,802968,Nuzvid (M),015055, Relli,4,2,2,0,0,0,4,2,2
C0116,28,547,802968,Nuzvid (M),018000,18 SANTALI ,4,2,2,0,0,0,4,2,2
C0116,28,547,802968,Nuzvid (M),018040, Santali,4,2,2,0,0,0,4,2,2
C0116,28,547,802968,Nuzvid (M),020000,20 TAMIL ,84,40,44,0,0,0,84,40,44
C0116,28,547,802968,Nuzvid (M),020027, Tamil,73,36,37,0,0,0,73,36,37
C0116,28,547,802968,Nuzvid (M),020029, Yerukala/Yerukula,11,4,7,0,0,0,11,4,7
C0116,28,547,802968,Nuzvid (M),021000,21 TELUGU ,51159,25298,25861,0,0,0,51159,25298,25861
C0116,28,547,802968,Nuzvid (M),021046, Telugu,51158,25298,25860,0,0,0,51158,25298,25860
C0116,28,547,802968,Nuzvid (M),021999,21 Others,1,0,1,0,0,0,1,0,1
C0116,28,547,802968,Nuzvid (M),022000,22 URDU,5401,2650,2751,0,0,0,5401,2650,2751
C0116,28,547,802968,Nuzvid (M),022015, Urdu,5401,2650,2751,0,0,0,5401,2650,2751
C0116,28,547,802968,Nuzvid (M),024000,24 AFGHANI/KABULI/PASHTO ,1,0,1,0,0,0,1,0,1
C0116,28,547,802968,Nuzvid (M),024001, Afghani/Kabuli/Pashto,1,0,1,0,0,0,1,0,1
C0116,28,547,802968,Nuzvid (M),040000,40 ENGLISH ,12,6,6,0,0,0,12,6,6
C0116,28,547,802968,Nuzvid (M),040001, English,12,6,6,0,0,0,12,6,6
C0116,28,547,802968,Nuzvid (M),043000,43 GARO ,3,0,3,0,0,0,3,0,3
C0116,28,547,802968,Nuzvid (M),043005, Garo,3,0,3,0,0,0,3,0,3
C0116,28,547,802968,Nuzvid (M),044000,44 GONDI,1,0,1,0,0,0,1,0,1
C0116,28,547,802968,Nuzvid (M),044007, Gondi,1,0,1,0,0,0,1,0,1
C0116,28,547,802968,Nuzvid (M),049000,49 JATAPU ,2,0,2,0,0,0,2,0,2
C0116,28,547,802968,Nuzvid (M),049002, Jatapu,2,0,2,0,0,0,2,0,2
C0116,28,547,802968,Nuzvid (M),055000,55 KHASI ,1,0,1,0,0,0,1,0,1
C0116,28,547,802968,Nuzvid (M),055012, Pnar/Synteng,1,0,1,0,0,0,1,0,1
C0116,28,547,802968,Nuzvid (M),069000,69 KOYA ,16,9,7,0,0,0,16,9,7
C0116,28,547,802968,Nuzvid (M),069002, Koya,16,9,7,0,0,0,16,9,7
C0116,28,547,802968,Nuzvid (M),092000,92 MUNDARI ,1,0,1,0,0,0,1,0,1
C0116,28,547,802968,Nuzvid (M),092005, Mundari,1,0,1,0,0,0,1,0,1
C0116,28,547,802968,Nuzvid (M),124000,124 OTHERS,7,3,4,0,0,0,7,3,4
C0116,28,547,802969,Vijayawada (M Corp. + OG) (Part),001000,1 ASSAMESE,3,1,2,0,0,0,3,1,2
C0116,28,547,802969,Vijayawada (M Corp. + OG) (Part),001002, Assamese,3,1,2,0,0,0,3,1,2
C0116,28,547,802969,Vijayawada (M Corp. + OG) (Part),002000,2 BENGALI ,582,324,258,0,0,0,582,324,258
C0116,28,547,802969,Vijayawada (M Corp. + OG) (Part),002007, Bengali,582,324,258,0,0,0,582,324,258
C0116,28,547,802969,Vijayawada (M Corp. + OG) (Part),005000,5 GUJARATI,1440,747,693,0,0,0,1440,747,693
C0116,28,547,802969,Vijayawada (M Corp. + OG) (Part),005018, Gujarati,1326,686,640,0,0,0,1326,686,640
C0116,28,547,802969,Vijayawada (M Corp. + OG) (Part),005057, Saurashtra/Saurashtri,6,3,3,0,0,0,6,3,3
C0116,28,547,802969,Vijayawada (M Corp. + OG) (Part),005999,5 Others,108,58,50,0,0,0,108,58,50
C0116,28,547,802969,Vijayawada (M Corp. + OG) (Part),006000,6 HINDI ,15491,8284,7207,0,0,0,15491,8284,7207
C0116,28,547,802969,Vijayawada (M Corp. + OG) (Part),006066, Banjari,46,26,20,0,0,0,46,26,20
C0116,28,547,802969,Vijayawada (M Corp. + OG) (Part),006102, Bhojpuri,5,3,2,0,0,0,5,3,2
C0116,28,547,802969,Vijayawada (M Corp. + OG) (Part),006173, Dhundhari,1,1,0,0,0,0,1,1,0
C0116,28,547,802969,Vijayawada (M Corp. + OG) (Part),006235, Haryanvi,10,5,5,0,0,0,10,5,5
C0116,28,547,802969,Vijayawada (M Corp. + OG) (Part),006240, Hindi,9225,4958,4267,0,0,0,9225,4958,4267
C0116,28,547,802969,Vijayawada (M Corp. + OG) (Part),006353, Lamani/Lambadi,1362,746,616,0,0,0,1362,746,616
C0116,28,547,802969,Vijayawada (M Corp. + OG) (Part),006400, Marwari,4373,2296,2077,0,0,0,4373,2296,2077
C0116,28,547,802969,Vijayawada (M Corp. + OG) (Part),006432, Nimadi,1,1,0,0,0,0,1,1,0
C0116,28,547,802969,Vijayawada (M Corp. + OG) (Part),006489, Rajasthani,301,162,139,0,0,0,301,162,139
C0116,28,547,802969,Vijayawada (M Corp. + OG) (Part),006541, Sugali,144,73,71,0,0,0,144,73,71
C0116,28,547,802969,Vijayawada (M Corp. + OG) (Part),006999,6 Others,23,13,10,0,0,0,23,13,10
C0116,28,547,802969,Vijayawada (M Corp. + OG) (Part),007000,7 KANNADA,407,202,205,0,0,0,407,202,205
C0116,28,547,802969,Vijayawada (M Corp. + OG) (Part),007002, Badaga,2,1,1,0,0,0,2,1,1
C0116,28,547,802969,Vijayawada (M Corp. + OG) (Part),007016, Kannada,405,201,204,0,0,0,405,201,204
C0116,28,547,802969,Vijayawada (M Corp. + OG) (Part),009000,9 KONKANI,16,7,9,0,0,0,16,7,9
C0116,28,547,802969,Vijayawada (M Corp. + OG) (Part),009011, Konkani,16,7,9,0,0,0,16,7,9
C0116,28,547,802969,Vijayawada (M Corp. + OG) (Part),011000,11 MALAYALAM,974,450,524,0,0,0,974,450,524
C0116,28,547,802969,Vijayawada (M Corp. + OG) (Part),011016, Malayalam,974,450,524,0,0,0,974,450,524
C0116,28,547,802969,Vijayawada (M Corp. + OG) (Part),012000,12 MANIPURI ,21,9,12,0,0,0,21,9,12
C0116,28,547,802969,Vijayawada (M Corp. + OG) (Part),012003, Manipuri,21,9,12,0,0,0,21,9,12
C0116,28,547,802969,Vijayawada (M Corp. + OG) (Part),013000,13 MARATHI ,1106,570,536,0,0,0,1106,570,536
C0116,28,547,802969,Vijayawada (M Corp. + OG) (Part),013071, Marathi,1106,570,536,0,0,0,1106,570,536
C0116,28,547,802969,Vijayawada (M Corp. + OG) (Part),014000,14 NEPALI ,94,66,28,0,0,0,94,66,28
C0116,28,547,802969,Vijayawada (M Corp. + OG) (Part),014011, Nepali,94,66,28,0,0,0,94,66,28
C0116,28,547,802969,Vijayawada (M Corp. + OG) (Part),015000,15 ODIA ,1900,1003,897,0,0,0,1900,1003,897
C0116,28,547,802969,Vijayawada (M Corp. + OG) (Part),015043, Odia,961,520,441,0,0,0,961,520,441
C0116,28,547,802969,Vijayawada (M Corp. + OG) (Part),015055, Relli,933,480,453,0,0,0,933,480,453
C0116,28,547,802969,Vijayawada (M Corp. + OG) (Part),015999,15 Others,6,3,3,0,0,0,6,3,3
C0116,28,547,802969,Vijayawada (M Corp. + OG) (Part),016000,16 PUNJABI ,388,195,193,0,0,0,388,195,193
C0116,28,547,802969,Vijayawada (M Corp. + OG) (Part),016038, Punjabi,388,195,193,0,0,0,388,195,193
C0116,28,547,802969,Vijayawada (M Corp. + OG) (Part),017000,17 SANSKRIT ,32,18,14,0,0,0,32,18,14
C0116,28,547,802969,Vijayawada (M Corp. + OG) (Part),017002, Sanskrit,32,18,14,0,0,0,32,18,14
C0116,28,547,802969,Vijayawada (M Corp. + OG) (Part),018000,18 SANTALI ,9,3,6,0,0,0,9,3,6
C0116,28,547,802969,Vijayawada (M Corp. + OG) (Part),018040, Santali,9,3,6,0,0,0,9,3,6
C0116,28,547,802969,Vijayawada (M Corp. + OG) (Part),019000,19 SINDHI,839,422,417,0,0,0,839,422,417
C0116,28,547,802969,Vijayawada (M Corp. + OG) (Part),019008, Kachchhi,6,3,3,0,0,0,6,3,3
C0116,28,547,802969,Vijayawada (M Corp. + OG) (Part),019014, Sindhi,833,419,414,0,0,0,833,419,414
C0116,28,547,802969,Vijayawada (M Corp. + OG) (Part),020000,20 TAMIL ,3624,1865,1759,0,0,0,3624,1865,1759
C0116,28,547,802969,Vijayawada (M Corp. + OG) (Part),020027, Tamil,3276,1699,1577,0,0,0,3276,1699,1577
C0116,28,547,802969,Vijayawada (M Corp. + OG) (Part),020029, Yerukala/Yerukula,296,143,153,0,0,0,296,143,153
C0116,28,547,802969,Vijayawada (M Corp. + OG) (Part),020999,20 Others,52,23,29,0,0,0,52,23,29
C0116,28,547,802969,Vijayawada (M Corp. + OG) (Part),021000,21 TELUGU ,912106,456307,455799,0,0,0,912106,456307,455799
C0116,28,547,802969,Vijayawada (M Corp. + OG) (Part),021046, Telugu,911985,456244,455741,0,0,0,911985,456244,455741
C0116,28,547,802969,Vijayawada (M Corp. + OG) (Part),021999,21 Others,121,63,58,0,0,0,121,63,58
C0116,28,547,802969,Vijayawada (M Corp. + OG) (Part),022000,22 URDU,82146,41622,40524,0,0,0,82146,41622,40524
C0116,28,547,802969,Vijayawada (M Corp. + OG) (Part),022015, Urdu,82144,41620,40524,0,0,0,82144,41620,40524
C0116,28,547,802969,Vijayawada (M Corp. + OG) (Part),022999,22 Others,2,2,0,0,0,0,2,2,0
C0116,28,547,802969,Vijayawada (M Corp. + OG) (Part),028000,28 ARABIC/ARBI ,10,5,5,0,0,0,10,5,5
C0116,28,547,802969,Vijayawada (M Corp. + OG) (Part),028001, Arabic/Arbi,10,5,5,0,0,0,10,5,5
C0116,28,547,802969,Vijayawada (M Corp. + OG) (Part),030000,30 BHILI/BHILODI ,2,2,0,0,0,0,2,2,0
C0116,28,547,802969,Vijayawada (M Corp. + OG) (Part),030035, Kokna/Kokni/Kukna,1,1,0,0,0,0,1,1,0
C0116,28,547,802969,Vijayawada (M Corp. + OG) (Part),030049, Mawchi,1,1,0,0,0,0,1,1,0
C0116,28,547,802969,Vijayawada (M Corp. + OG) (Part),040000,40 ENGLISH ,436,216,220,0,0,0,436,216,220
C0116,28,547,802969,Vijayawada (M Corp. + OG) (Part),040001, English,436,216,220,0,0,0,436,216,220
C0116,28,547,802969,Vijayawada (M Corp. + OG) (Part),044000,44 GONDI,25,13,12,0,0,0,25,13,12
C0116,28,547,802969,Vijayawada (M Corp. + OG) (Part),044007, Gondi,25,13,12,0,0,0,25,13,12
C0116,28,547,802969,Vijayawada (M Corp. + OG) (Part),053000,53 KHANDESHI,1,1,0,0,0,0,1,1,0
C0116,28,547,802969,Vijayawada (M Corp. + OG) (Part),053005, Gujari,1,1,0,0,0,0,1,1,0
C0116,28,547,802969,Vijayawada (M Corp. + OG) (Part),065000,65 KONDA,4,2,2,0,0,0,4,2,2
C0116,28,547,802969,Vijayawada (M Corp. + OG) (Part),065003, Konda,4,2,2,0,0,0,4,2,2
C0116,28,547,802969,Vijayawada (M Corp. + OG) (Part),069000,69 KOYA ,12,9,3,0,0,0,12,9,3
C0116,28,547,802969,Vijayawada (M Corp. + OG) (Part),069002, Koya,12,9,3,0,0,0,12,9,3
C0116,28,547,802969,Vijayawada (M Corp. + OG) (Part),071000,71 KUKI,1,1,0,0,0,0,1,1,0
C0116,28,547,802969,Vijayawada (M Corp. + OG) (Part),071008, Kuki,1,1,0,0,0,0,1,1,0
C0116,28,547,802969,Vijayawada (M Corp. + OG) (Part),117000,117 TULU ,9,7,2,0,0,0,9,7,2
C0116,28,547,802969,Vijayawada (M Corp. + OG) (Part),117009, Tulu,8,6,2,0,0,0,8,6,2
C0116,28,547,802969,Vijayawada (M Corp. + OG) (Part),117999,117 Others ,1,1,0,0,0,0,1,1,0
C0116,28,547,802969,Vijayawada (M Corp. + OG) (Part),124000,124 OTHERS,128,66,62,0,0,0,128,66,62
C0116,28,547,802969,Vijayawada (M Corp. + OG) (Part),002000,2 BENGALI ,26,17,9,0,0,0,26,17,9
C0116,28,547,802969,Vijayawada (M Corp. + OG) (Part),002007, Bengali,26,17,9,0,0,0,26,17,9
C0116,28,547,802969,Vijayawada (M Corp. + OG) (Part),005000,5 GUJARATI,18,9,9,0,0,0,18,9,9
C0116,28,547,802969,Vijayawada (M Corp. + OG) (Part),005018, Gujarati,13,6,7,0,0,0,13,6,7
C0116,28,547,802969,Vijayawada (M Corp. + OG) (Part),005999,5 Others,5,3,2,0,0,0,5,3,2
C0116,28,547,802969,Vijayawada (M Corp. + OG) (Part),006000,6 HINDI ,1676,922,754,0,0,0,1676,922,754
C0116,28,547,802969,Vijayawada (M Corp. + OG) (Part),006066, Banjari,27,14,13,0,0,0,27,14,13
C0116,28,547,802969,Vijayawada (M Corp. + OG) (Part),006102, Bhojpuri,38,23,15,0,0,0,38,23,15
C0116,28,547,802969,Vijayawada (M Corp. + OG) (Part),006240, Hindi,542,321,221,0,0,0,542,321,221
C0116,28,547,802969,Vijayawada (M Corp. + OG) (Part),006353, Lamani/Lambadi,947,496,451,0,0,0,947,496,451
C0116,28,547,802969,Vijayawada (M Corp. + OG) (Part),006400, Marwari,49,26,23,0,0,0,49,26,23
C0116,28,547,802969,Vijayawada (M Corp. + OG) (Part),006489, Rajasthani,20,11,9,0,0,0,20,11,9
C0116,28,547,802969,Vijayawada (M Corp. + OG) (Part),006541, Sugali,47,29,18,0,0,0,47,29,18
C0116,28,547,802969,Vijayawada (M Corp. + OG) (Part),006999,6 Others,6,2,4,0,0,0,6,2,4
C0116,28,547,802969,Vijayawada (M Corp. + OG) (Part),007000,7 KANNADA,26,14,12,0,0,0,26,14,12
C0116,28,547,802969,Vijayawada (M Corp. + OG) (Part),007016, Kannada,26,14,12,0,0,0,26,14,12
C0116,28,547,802969,Vijayawada (M Corp. + OG) (Part),009000,9 KONKANI,2,1,1,0,0,0,2,1,1
C0116,28,547,802969,Vijayawada (M Corp. + OG) (Part),009011, Konkani,2,1,1,0,0,0,2,1,1
C0116,28,547,802969,Vijayawada (M Corp. + OG) (Part),011000,11 MALAYALAM,98,36,62,0,0,0,98,36,62
C0116,28,547,802969,Vijayawada (M Corp. + OG) (Part),011016, Malayalam,98,36,62,0,0,0,98,36,62
C0116,28,547,802969,Vijayawada (M Corp. + OG) (Part),013000,13 MARATHI ,36,19,17,0,0,0,36,19,17
C0116,28,547,802969,Vijayawada (M Corp. + OG) (Part),013071, Marathi,36,19,17,0,0,0,36,19,17
C0116,28,547,802969,Vijayawada (M Corp. + OG) (Part),014000,14 NEPALI ,14,8,6,0,0,0,14,8,6
C0116,28,547,802969,Vijayawada (M Corp. + OG) (Part),014011, Nepali,14,8,6,0,0,0,14,8,6
C0116,28,547,802969,Vijayawada (M Corp. + OG) (Part),015000,15 ODIA ,216,130,86,0,0,0,216,130,86
C0116,28,547,802969,Vijayawada (M Corp. + OG) (Part),015043, Odia,205,122,83,0,0,0,205,122,83
C0116,28,547,802969,Vijayawada (M Corp. + OG) (Part),015055, Relli,11,8,3,0,0,0,11,8,3
C0116,28,547,802969,Vijayawada (M Corp. + OG) (Part),016000,16 PUNJABI ,2,0,2,0,0,0,2,0,2
C0116,28,547,802969,Vijayawada (M Corp. + OG) (Part),016038, Punjabi,2,0,2,0,0,0,2,0,2
C0116,28,547,802969,Vijayawada (M Corp. + OG) (Part),019000,19 SINDHI,2,1,1,0,0,0,2,1,1
C0116,28,547,802969,Vijayawada (M Corp. + OG) (Part),019014, Sindhi,2,1,1,0,0,0,2,1,1
C0116,28,547,802969,Vijayawada (M Corp. + OG) (Part),020000,20 TAMIL ,208,101,107,0,0,0,208,101,107
C0116,28,547,802969,Vijayawada (M Corp. + OG) (Part),020027, Tamil,140,70,70,0,0,0,140,70,70
C0116,28,547,802969,Vijayawada (M Corp. + OG) (Part),020029, Yerukala/Yerukula,68,31,37,0,0,0,68,31,37
C0116,28,547,802969,Vijayawada (M Corp. + OG) (Part),021000,21 TELUGU ,110270,56612,53658,0,0,0,110270,56612,53658
C0116,28,547,802969,Vijayawada (M Corp. + OG) (Part),021046, Telugu,110270,56612,53658,0,0,0,110270,56612,53658
C0116,28,547,802969,Vijayawada (M Corp. + OG) (Part),022000,22 URDU,8730,4456,4274,0,0,0,8730,4456,4274
C0116,28,547,802969,Vijayawada (M Corp. + OG) (Part),022015, Urdu,8730,4456,4274,0,0,0,8730,4456,4274
C0116,28,547,802969,Vijayawada (M Corp. + OG) (Part),040000,40 ENGLISH ,18,11,7,0,0,0,18,11,7
C0116,28,547,802969,Vijayawada (M Corp. + OG) (Part),040001, English,18,11,7,0,0,0,18,11,7
C0116,28,547,802969,Vijayawada (M Corp. + OG) (Part),044000,44 GONDI,9,4,5,0,0,0,9,4,5
C0116,28,547,802969,Vijayawada (M Corp. + OG) (Part),044999,44 Others,9,4,5,0,0,0,9,4,5
C0116,28,547,802969,Vijayawada (M Corp. + OG) (Part),069000,69 KOYA ,51,24,27,0,0,0,51,24,27
C0116,28,547,802969,Vijayawada (M Corp. + OG) (Part),069002, Koya,51,24,27,0,0,0,51,24,27
C0116,28,547,802969,Vijayawada (M Corp. + OG) (Part),124000,124 OTHERS,24,12,12,0,0,0,24,12,12
C0116,28,547,802970,Gudivada (M),002000,2 BENGALI ,26,14,12,0,0,0,26,14,12
C0116,28,547,802970,Gudivada (M),002007, Bengali,26,14,12,0,0,0,26,14,12
C0116,28,547,802970,Gudivada (M),005000,5 GUJARATI,16,8,8,0,0,0,16,8,8
C0116,28,547,802970,Gudivada (M),005018, Gujarati,7,3,4,0,0,0,7,3,4
C0116,28,547,802970,Gudivada (M),005999,5 Others,9,5,4,0,0,0,9,5,4
C0116,28,547,802970,Gudivada (M),006000,6 HINDI ,556,300,256,0,0,0,556,300,256
C0116,28,547,802970,Gudivada (M),006066, Banjari,4,2,2,0,0,0,4,2,2
C0116,28,547,802970,Gudivada (M),006240, Hindi,303,168,135,0,0,0,303,168,135
C0116,28,547,802970,Gudivada (M),006353, Lamani/Lambadi,41,22,19,0,0,0,41,22,19
C0116,28,547,802970,Gudivada (M),006400, Marwari,149,75,74,0,0,0,149,75,74
C0116,28,547,802970,Gudivada (M),006489, Rajasthani,54,30,24,0,0,0,54,30,24
C0116,28,547,802970,Gudivada (M),006541, Sugali,5,3,2,0,0,0,5,3,2
C0116,28,547,802970,Gudivada (M),007000,7 KANNADA,18,4,14,0,0,0,18,4,14
C0116,28,547,802970,Gudivada (M),007002, Badaga,2,1,1,0,0,0,2,1,1
C0116,28,547,802970,Gudivada (M),007016, Kannada,16,3,13,0,0,0,16,3,13
C0116,28,547,802970,Gudivada (M),011000,11 MALAYALAM,39,16,23,0,0,0,39,16,23
C0116,28,547,802970,Gudivada (M),011016, Malayalam,39,16,23,0,0,0,39,16,23
C0116,28,547,802970,Gudivada (M),013000,13 MARATHI ,92,46,46,0,0,0,92,46,46
C0116,28,547,802970,Gudivada (M),013071, Marathi,92,46,46,0,0,0,92,46,46
C0116,28,547,802970,Gudivada (M),014000,14 NEPALI ,7,3,4,0,0,0,7,3,4
C0116,28,547,802970,Gudivada (M),014011, Nepali,7,3,4,0,0,0,7,3,4
C0116,28,547,802970,Gudivada (M),015000,15 ODIA ,141,86,55,0,0,0,141,86,55
C0116,28,547,802970,Gudivada (M),015043, Odia,82,56,26,0,0,0,82,56,26
C0116,28,547,802970,Gudivada (M),015055, Relli,59,30,29,0,0,0,59,30,29
C0116,28,547,802970,Gudivada (M),020000,20 TAMIL ,250,129,121,0,0,0,250,129,121
C0116,28,547,802970,Gudivada (M),020027, Tamil,244,126,118,0,0,0,244,126,118
C0116,28,547,802970,Gudivada (M),020029, Yerukala/Yerukula,4,2,2,0,0,0,4,2,2
C0116,28,547,802970,Gudivada (M),020999,20 Others,2,1,1,0,0,0,2,1,1
C0116,28,547,802970,Gudivada (M),021000,21 TELUGU ,106683,53307,53376,0,0,0,106683,53307,53376
C0116,28,547,802970,Gudivada (M),021046, Telugu,106683,53307,53376,0,0,0,106683,53307,53376
C0116,28,547,802970,Gudivada (M),022000,22 URDU,10315,5140,5175,0,0,0,10315,5140,5175
C0116,28,547,802970,Gudivada (M),022015, Urdu,10315,5140,5175,0,0,0,10315,5140,5175
C0116,28,547,802970,Gudivada (M),040000,40 ENGLISH ,24,9,15,0,0,0,24,9,15
C0116,28,547,802970,Gudivada (M),040001, English,24,9,15,0,0,0,24,9,15
C0116,28,547,802971,Pedana (M),002000,2 BENGALI ,4,3,1,0,0,0,4,3,1
C0116,28,547,802971,Pedana (M),002007, Bengali,4,3,1,0,0,0,4,3,1
C0116,28,547,802971,Pedana (M),006000,6 HINDI ,22,17,5,0,0,0,22,17,5
C0116,28,547,802971,Pedana (M),006240, Hindi,14,11,3,0,0,0,14,11,3
C0116,28,547,802971,Pedana (M),006400, Marwari,8,6,2,0,0,0,8,6,2
C0116,28,547,802971,Pedana (M),007000,7 KANNADA,7,5,2,0,0,0,7,5,2
C0116,28,547,802971,Pedana (M),007016, Kannada,7,5,2,0,0,0,7,5,2
C0116,28,547,802971,Pedana (M),009000,9 KONKANI,1,0,1,0,0,0,1,0,1
C0116,28,547,802971,Pedana (M),009011, Konkani,1,0,1,0,0,0,1,0,1
C0116,28,547,802971,Pedana (M),011000,11 MALAYALAM,1,1,0,0,0,0,1,1,0
C0116,28,547,802971,Pedana (M),011016, Malayalam,1,1,0,0,0,0,1,1,0
C0116,28,547,802971,Pedana (M),014000,14 NEPALI ,2,2,0,0,0,0,2,2,0
C0116,28,547,802971,Pedana (M),014011, Nepali,2,2,0,0,0,0,2,2,0
C0116,28,547,802971,Pedana (M),015000,15 ODIA ,19,6,13,0,0,0,19,6,13
C0116,28,547,802971,Pedana (M),015043, Odia,19,6,13,0,0,0,19,6,13
C0116,28,547,802971,Pedana (M),020000,20 TAMIL ,4,3,1,0,0,0,4,3,1
C0116,28,547,802971,Pedana (M),020027, Tamil,2,1,1,0,0,0,2,1,1
C0116,28,547,802971,Pedana (M),020029, Yerukala/Yerukula,2,2,0,0,0,0,2,2,0
C0116,28,547,802971,Pedana (M),021000,21 TELUGU ,25293,12418,12875,0,0,0,25293,12418,12875
C0116,28,547,802971,Pedana (M),021046, Telugu,25293,12418,12875,0,0,0,25293,12418,12875
C0116,28,547,802971,Pedana (M),022000,22 URDU,5368,2628,2740,0,0,0,5368,2628,2740
C0116,28,547,802971,Pedana (M),022015, Urdu,5368,2628,2740,0,0,0,5368,2628,2740
C0116,28,547,802972,Machilipatnam (M),002000,2 BENGALI ,32,25,7,0,0,0,32,25,7
C0116,28,547,802972,Machilipatnam (M),002007, Bengali,32,25,7,0,0,0,32,25,7
C0116,28,547,802972,Machilipatnam (M),005000,5 GUJARATI,1,0,1,0,0,0,1,0,1
C0116,28,547,802972,Machilipatnam (M),005999,5 Others,1,0,1,0,0,0,1,0,1
C0116,28,547,802972,Machilipatnam (M),006000,6 HINDI ,252,134,118,0,0,0,252,134,118
C0116,28,547,802972,Machilipatnam (M),006066, Banjari,6,2,4,0,0,0,6,2,4
C0116,28,547,802972,Machilipatnam (M),006240, Hindi,198,108,90,0,0,0,198,108,90
C0116,28,547,802972,Machilipatnam (M),006353, Lamani/Lambadi,31,13,18,0,0,0,31,13,18
C0116,28,547,802972,Machilipatnam (M),006400, Marwari,9,5,4,0,0,0,9,5,4
C0116,28,547,802972,Machilipatnam (M),006489, Rajasthani,6,4,2,0,0,0,6,4,2
C0116,28,547,802972,Machilipatnam (M),006541, Sugali,2,2,0,0,0,0,2,2,0
C0116,28,547,802972,Machilipatnam (M),007000,7 KANNADA,59,28,31,0,0,0,59,28,31
C0116,28,547,802972,Machilipatnam (M),007016, Kannada,59,28,31,0,0,0,59,28,31
C0116,28,547,802972,Machilipatnam (M),009000,9 KONKANI,1,0,1,0,0,0,1,0,1
C0116,28,547,802972,Machilipatnam (M),009011, Konkani,1,0,1,0,0,0,1,0,1
C0116,28,547,802972,Machilipatnam (M),011000,11 MALAYALAM,81,36,45,0,0,0,81,36,45
C0116,28,547,802972,Machilipatnam (M),011016, Malayalam,81,36,45,0,0,0,81,36,45
C0116,28,547,802972,Machilipatnam (M),013000,13 MARATHI ,62,33,29,0,0,0,62,33,29
C0116,28,547,802972,Machilipatnam (M),013071, Marathi,62,33,29,0,0,0,62,33,29
C0116,28,547,802972,Machilipatnam (M),014000,14 NEPALI ,12,10,2,0,0,0,12,10,2
C0116,28,547,802972,Machilipatnam (M),014011, Nepali,12,10,2,0,0,0,12,10,2
C0116,28,547,802972,Machilipatnam (M),015000,15 ODIA ,526,264,262,0,0,0,526,264,262
C0116,28,547,802972,Machilipatnam (M),015043, Odia,19,10,9,0,0,0,19,10,9
C0116,28,547,802972,Machilipatnam (M),015055, Relli,507,254,253,0,0,0,507,254,253
C0116,28,547,802972,Machilipatnam (M),016000,16 PUNJABI ,1,1,0,0,0,0,1,1,0
C0116,28,547,802972,Machilipatnam (M),016038, Punjabi,1,1,0,0,0,0,1,1,0
C0116,28,547,802972,Machilipatnam (M),020000,20 TAMIL ,379,194,185,0,0,0,379,194,185
C0116,28,547,802972,Machilipatnam (M),020027, Tamil,369,189,180,0,0,0,369,189,180
C0116,28,547,802972,Machilipatnam (M),020029, Yerukala/Yerukula,10,5,5,0,0,0,10,5,5
C0116,28,547,802972,Machilipatnam (M),021000,21 TELUGU ,147770,72588,75182,0,0,0,147770,72588,75182
C0116,28,547,802972,Machilipatnam (M),021046, Telugu,147770,72588,75182,0,0,0,147770,72588,75182
C0116,28,547,802972,Machilipatnam (M),022000,22 URDU,20694,10268,10426,0,0,0,20694,10268,10426
C0116,28,547,802972,Machilipatnam (M),022015, Urdu,20694,10268,10426,0,0,0,20694,10268,10426
C0116,28,547,802972,Machilipatnam (M),040000,40 ENGLISH ,19,10,9,0,0,0,19,10,9
C0116,28,547,802972,Machilipatnam (M),040001, English,19,10,9,0,0,0,19,10,9
C0116,28,547,802972,Machilipatnam (M),124000,124 OTHERS,3,3,0,0,0,0,3,3,0
C0116,28,547,588980,Nadim Tiruvuru (CT),002000,2 BENGALI ,11,9,2,0,0,0,11,9,2
C0116,28,547,588980,Nadim Tiruvuru (CT),002007, Bengali,11,9,2,0,0,0,11,9,2
C0116,28,547,588980,Nadim Tiruvuru (CT),006000,6 HINDI ,265,132,133,0,0,0,265,132,133
C0116,28,547,588980,Nadim Tiruvuru (CT),006240, Hindi,56,31,25,0,0,0,56,31,25
C0116,28,547,588980,Nadim Tiruvuru (CT),006353, Lamani/Lambadi,184,87,97,0,0,0,184,87,97
C0116,28,547,588980,Nadim Tiruvuru (CT),006400, Marwari,14,7,7,0,0,0,14,7,7
C0116,28,547,588980,Nadim Tiruvuru (CT),006489, Rajasthani,8,5,3,0,0,0,8,5,3
C0116,28,547,588980,Nadim Tiruvuru (CT),006541, Sugali,3,2,1,0,0,0,3,2,1
C0116,28,547,588980,Nadim Tiruvuru (CT),007000,7 KANNADA,9,5,4,0,0,0,9,5,4
C0116,28,547,588980,Nadim Tiruvuru (CT),007016, Kannada,9,5,4,0,0,0,9,5,4
C0116,28,547,588980,Nadim Tiruvuru (CT),011000,11 MALAYALAM,12,7,5,0,0,0,12,7,5
C0116,28,547,588980,Nadim Tiruvuru (CT),011016, Malayalam,12,7,5,0,0,0,12,7,5
C0116,28,547,588980,Nadim Tiruvuru (CT),013000,13 MARATHI ,13,7,6,0,0,0,13,7,6
C0116,28,547,588980,Nadim Tiruvuru (CT),013071, Marathi,13,7,6,0,0,0,13,7,6
C0116,28,547,588980,Nadim Tiruvuru (CT),015000,15 ODIA ,4,1,3,0,0,0,4,1,3
C0116,28,547,588980,Nadim Tiruvuru (CT),015043, Odia,4,1,3,0,0,0,4,1,3
C0116,28,547,588980,Nadim Tiruvuru (CT),020000,20 TAMIL ,24,12,12,0,0,0,24,12,12
C0116,28,547,588980,Nadim Tiruvuru (CT),020027, Tamil,19,10,9,0,0,0,19,10,9
C0116,28,547,588980,Nadim Tiruvuru (CT),020029, Yerukala/Yerukula,5,2,3,0,0,0,5,2,3
C0116,28,547,588980,Nadim Tiruvuru (CT),021000,21 TELUGU ,15829,7844,7985,0,0,0,15829,7844,7985
C0116,28,547,588980,Nadim Tiruvuru (CT),021046, Telugu,15829,7844,7985,0,0,0,15829,7844,7985
C0116,28,547,588980,Nadim Tiruvuru (CT),022000,22 URDU,2391,1218,1173,0,0,0,2391,1218,1173
C0116,28,547,588980,Nadim Tiruvuru (CT),022015, Urdu,2391,1218,1173,0,0,0,2391,1218,1173
C0116,28,547,588980,Nadim Tiruvuru (CT),040000,40 ENGLISH ,7,4,3,0,0,0,7,4,3
C0116,28,547,588980,Nadim Tiruvuru (CT),040001, English,7,4,3,0,0,0,7,4,3
C0116,28,547,588980,Nadim Tiruvuru (CT),069000,69 KOYA ,2,1,1,0,0,0,2,1,1
C0116,28,547,588980,Nadim Tiruvuru (CT),069002, Koya,2,1,1,0,0,0,2,1,1
C0116,28,547,589205,Kondapalle (CT),002000,2 BENGALI ,21,15,6,0,0,0,21,15,6
C0116,28,547,589205,Kondapalle (CT),002007, Bengali,21,15,6,0,0,0,21,15,6
C0116,28,547,589205,Kondapalle (CT),005000,5 GUJARATI,5,4,1,0,0,0,5,4,1
C0116,28,547,589205,Kondapalle (CT),005018, Gujarati,4,3,1,0,0,0,4,3,1
C0116,28,547,589205,Kondapalle (CT),005999,5 Others,1,1,0,0,0,0,1,1,0
C0116,28,547,589205,Kondapalle (CT),006000,6 HINDI ,274,148,126,0,0,0,274,148,126
C0116,28,547,589205,Kondapalle (CT),006102, Bhojpuri,5,3,2,0,0,0,5,3,2
C0116,28,547,589205,Kondapalle (CT),006240, Hindi,172,95,77,0,0,0,172,95,77
C0116,28,547,589205,Kondapalle (CT),006353, Lamani/Lambadi,65,34,31,0,0,0,65,34,31
C0116,28,547,589205,Kondapalle (CT),006489, Rajasthani,2,1,1,0,0,0,2,1,1
C0116,28,547,589205,Kondapalle (CT),006541, Sugali,26,11,15,0,0,0,26,11,15
C0116,28,547,589205,Kondapalle (CT),006999,6 Others,4,4,0,0,0,0,4,4,0
C0116,28,547,589205,Kondapalle (CT),007000,7 KANNADA,5,2,3,0,0,0,5,2,3
C0116,28,547,589205,Kondapalle (CT),007016, Kannada,5,2,3,0,0,0,5,2,3
C0116,28,547,589205,Kondapalle (CT),011000,11 MALAYALAM,88,46,42,0,0,0,88,46,42
C0116,28,547,589205,Kondapalle (CT),011016, Malayalam,88,46,42,0,0,0,88,46,42
C0116,28,547,589205,Kondapalle (CT),013000,13 MARATHI ,10,4,6,0,0,0,10,4,6
C0116,28,547,589205,Kondapalle (CT),013071, Marathi,10,4,6,0,0,0,10,4,6
C0116,28,547,589205,Kondapalle (CT),014000,14 NEPALI ,12,7,5,0,0,0,12,7,5
C0116,28,547,589205,Kondapalle (CT),014011, Nepali,12,7,5,0,0,0,12,7,5
C0116,28,547,589205,Kondapalle (CT),015000,15 ODIA ,508,264,244,0,0,0,508,264,244
C0116,28,547,589205,Kondapalle (CT),015043, Odia,385,204,181,0,0,0,385,204,181
C0116,28,547,589205,Kondapalle (CT),015055, Relli,123,60,63,0,0,0,123,60,63
C0116,28,547,589205,Kondapalle (CT),016000,16 PUNJABI ,4,3,1,0,0,0,4,3,1
C0116,28,547,589205,Kondapalle (CT),016038, Punjabi,4,3,1,0,0,0,4,3,1
C0116,28,547,589205,Kondapalle (CT),020000,20 TAMIL ,587,289,298,0,0,0,587,289,298
C0116,28,547,589205,Kondapalle (CT),020027, Tamil,186,94,92,0,0,0,186,94,92
C0116,28,547,589205,Kondapalle (CT),020029, Yerukala/Yerukula,396,193,203,0,0,0,396,193,203
C0116,28,547,589205,Kondapalle (CT),020999,20 Others,5,2,3,0,0,0,5,2,3
C0116,28,547,589205,Kondapalle (CT),021000,21 TELUGU ,28968,14520,14448,0,0,0,28968,14520,14448
C0116,28,547,589205,Kondapalle (CT),021046, Telugu,28968,14520,14448,0,0,0,28968,14520,14448
C0116,28,547,589205,Kondapalle (CT),022000,22 URDU,2884,1465,1419,0,0,0,2884,1465,1419
C0116,28,547,589205,Kondapalle (CT),022015, Urdu,2884,1465,1419,0,0,0,2884,1465,1419
C0116,28,547,589205,Kondapalle (CT),040000,40 ENGLISH ,3,2,1,0,0,0,3,2,1
C0116,28,547,589205,Kondapalle (CT),040001, English,3,2,1,0,0,0,3,2,1
C0116,28,547,589205,Kondapalle (CT),124000,124 OTHERS,4,3,1,0,0,0,4,3,1
C0116,28,547,589206,Ibrahimpatnam (CT),002000,2 BENGALI ,3,1,2,0,0,0,3,1,2
C0116,28,547,589206,Ibrahimpatnam (CT),002007, Bengali,3,1,2,0,0,0,3,1,2
C0116,28,547,589206,Ibrahimpatnam (CT),006000,6 HINDI ,407,194,213,0,0,0,407,194,213
C0116,28,547,589206,Ibrahimpatnam (CT),006102, Bhojpuri,4,4,0,0,0,0,4,4,0
C0116,28,547,589206,Ibrahimpatnam (CT),006240, Hindi,26,15,11,0,0,0,26,15,11
C0116,28,547,589206,Ibrahimpatnam (CT),006353, Lamani/Lambadi,222,98,124,0,0,0,222,98,124
C0116,28,547,589206,Ibrahimpatnam (CT),006400, Marwari,11,5,6,0,0,0,11,5,6
C0116,28,547,589206,Ibrahimpatnam (CT),006541, Sugali,144,72,72,0,0,0,144,72,72
C0116,28,547,589206,Ibrahimpatnam (CT),007000,7 KANNADA,7,4,3,0,0,0,7,4,3
C0116,28,547,589206,Ibrahimpatnam (CT),007016, Kannada,7,4,3,0,0,0,7,4,3
C0116,28,547,589206,Ibrahimpatnam (CT),010000,10 MAITHILI ,5,4,1,0,0,0,5,4,1
C0116,28,547,589206,Ibrahimpatnam (CT),010008, Maithili,5,4,1,0,0,0,5,4,1
C0116,28,547,589206,Ibrahimpatnam (CT),011000,11 MALAYALAM,31,14,17,0,0,0,31,14,17
C0116,28,547,589206,Ibrahimpatnam (CT),011016, Malayalam,31,14,17,0,0,0,31,14,17
C0116,28,547,589206,Ibrahimpatnam (CT),013000,13 MARATHI ,10,5,5,0,0,0,10,5,5
C0116,28,547,589206,Ibrahimpatnam (CT),013071, Marathi,10,5,5,0,0,0,10,5,5
C0116,28,547,589206,Ibrahimpatnam (CT),014000,14 NEPALI ,3,3,0,0,0,0,3,3,0
C0116,28,547,589206,Ibrahimpatnam (CT),014011, Nepali,3,3,0,0,0,0,3,3,0
C0116,28,547,589206,Ibrahimpatnam (CT),015000,15 ODIA ,34,14,20,0,0,0,34,14,20
C0116,28,547,589206,Ibrahimpatnam (CT),015043, Odia,18,7,11,0,0,0,18,7,11
C0116,28,547,589206,Ibrahimpatnam (CT),015055, Relli,16,7,9,0,0,0,16,7,9
C0116,28,547,589206,Ibrahimpatnam (CT),016000,16 PUNJABI ,3,1,2,0,0,0,3,1,2
C0116,28,547,589206,Ibrahimpatnam (CT),016038, Punjabi,3,1,2,0,0,0,3,1,2
C0116,28,547,589206,Ibrahimpatnam (CT),020000,20 TAMIL ,36,19,17,0,0,0,36,19,17
C0116,28,547,589206,Ibrahimpatnam (CT),020027, Tamil,32,17,15,0,0,0,32,17,15
C0116,28,547,589206,Ibrahimpatnam (CT),020029, Yerukala/Yerukula,4,2,2,0,0,0,4,2,2
C0116,28,547,589206,Ibrahimpatnam (CT),021000,21 TELUGU ,26811,12365,14446,0,0,0,26811,12365,14446
C0116,28,547,589206,Ibrahimpatnam (CT),021046, Telugu,26809,12364,14445,0,0,0,26809,12364,14445
C0116,28,547,589206,Ibrahimpatnam (CT),021999,21 Others,2,1,1,0,0,0,2,1,1
C0116,28,547,589206,Ibrahimpatnam (CT),022000,22 URDU,2079,1064,1015,0,0,0,2079,1064,1015
C0116,28,547,589206,Ibrahimpatnam (CT),022015, Urdu,2079,1064,1015,0,0,0,2079,1064,1015
C0116,28,547,589206,Ibrahimpatnam (CT),040000,40 ENGLISH ,1,1,0,0,0,0,1,1,0
C0116,28,547,589206,Ibrahimpatnam (CT),040001, English,1,1,0,0,0,0,1,1,0
C0116,28,547,589206,Ibrahimpatnam (CT),069000,69 KOYA ,1,0,1,0,0,0,1,0,1
C0116,28,547,589206,Ibrahimpatnam (CT),069002, Koya,1,0,1,0,0,0,1,0,1
C0116,28,547,589206,Ibrahimpatnam (CT),124000,124 OTHERS,1,1,0,0,0,0,1,1,0
C0116,28,547,589207,Guntupalle (CT),002000,2 BENGALI ,8,5,3,0,0,0,8,5,3
C0116,28,547,589207,Guntupalle (CT),002007, Bengali,8,5,3,0,0,0,8,5,3
C0116,28,547,589207,Guntupalle (CT),006000,6 HINDI ,794,392,402,0,0,0,794,392,402
C0116,28,547,589207,Guntupalle (CT),006240, Hindi,50,30,20,0,0,0,50,30,20
C0116,28,547,589207,Guntupalle (CT),006353, Lamani/Lambadi,711,346,365,0,0,0,711,346,365
C0116,28,547,589207,Guntupalle (CT),006400, Marwari,7,5,2,0,0,0,7,5,2
C0116,28,547,589207,Guntupalle (CT),006541, Sugali,26,11,15,0,0,0,26,11,15
C0116,28,547,589207,Guntupalle (CT),007000,7 KANNADA,13,7,6,0,0,0,13,7,6
C0116,28,547,589207,Guntupalle (CT),007016, Kannada,13,7,6,0,0,0,13,7,6
C0116,28,547,589207,Guntupalle (CT),011000,11 MALAYALAM,54,20,34,0,0,0,54,20,34
C0116,28,547,589207,Guntupalle (CT),011016, Malayalam,54,20,34,0,0,0,54,20,34
C0116,28,547,589207,Guntupalle (CT),013000,13 MARATHI ,9,4,5,0,0,0,9,4,5
C0116,28,547,589207,Guntupalle (CT),013071, Marathi,9,4,5,0,0,0,9,4,5
C0116,28,547,589207,Guntupalle (CT),014000,14 NEPALI ,2,1,1,0,0,0,2,1,1
C0116,28,547,589207,Guntupalle (CT),014011, Nepali,2,1,1,0,0,0,2,1,1
C0116,28,547,589207,Guntupalle (CT),015000,15 ODIA ,10,5,5,0,0,0,10,5,5
C0116,28,547,589207,Guntupalle (CT),015043, Odia,9,4,5,0,0,0,9,4,5
C0116,28,547,589207,Guntupalle (CT),015055, Relli,1,1,0,0,0,0,1,1,0
C0116,28,547,589207,Guntupalle (CT),016000,16 PUNJABI ,4,1,3,0,0,0,4,1,3
C0116,28,547,589207,Guntupalle (CT),016038, Punjabi,4,1,3,0,0,0,4,1,3
C0116,28,547,589207,Guntupalle (CT),020000,20 TAMIL ,70,36,34,0,0,0,70,36,34
C0116,28,547,589207,Guntupalle (CT),020027, Tamil,50,28,22,0,0,0,50,28,22
C0116,28,547,589207,Guntupalle (CT),020029, Yerukala/Yerukula,20,8,12,0,0,0,20,8,12
C0116,28,547,589207,Guntupalle (CT),021000,21 TELUGU ,9499,4730,4769,0,0,0,9499,4730,4769
C0116,28,547,589207,Guntupalle (CT),021046, Telugu,9499,4730,4769,0,0,0,9499,4730,4769
C0116,28,547,589207,Guntupalle (CT),022000,22 URDU,716,367,349,0,0,0,716,367,349
C0116,28,547,589207,Guntupalle (CT),022015, Urdu,716,367,349,0,0,0,716,367,349
C0116,28,547,589207,Guntupalle (CT),040000,40 ENGLISH ,4,2,2,0,0,0,4,2,2
C0116,28,547,589207,Guntupalle (CT),040001, English,4,2,2,0,0,0,4,2,2
C0116,28,547,589207,Guntupalle (CT),069000,69 KOYA ,4,3,1,0,0,0,4,3,1
C0116,28,547,589207,Guntupalle (CT),069002, Koya,4,3,1,0,0,0,4,3,1
C0116,28,547,589215,Ramavarappadu (CT),002000,2 BENGALI ,2,2,0,0,0,0,2,2,0
C0116,28,547,589215,Ramavarappadu (CT),002007, Bengali,2,2,0,0,0,0,2,2,0
C0116,28,547,589215,Ramavarappadu (CT),005000,5 GUJARATI,5,2,3,0,0,0,5,2,3
C0116,28,547,589215,Ramavarappadu (CT),005018, Gujarati,5,2,3,0,0,0,5,2,3
C0116,28,547,589215,Ramavarappadu (CT),006000,6 HINDI ,71,37,34,0,0,0,71,37,34
C0116,28,547,589215,Ramavarappadu (CT),006240, Hindi,67,35,32,0,0,0,67,35,32
C0116,28,547,589215,Ramavarappadu (CT),006353, Lamani/Lambadi,4,2,2,0,0,0,4,2,2
C0116,28,547,589215,Ramavarappadu (CT),007000,7 KANNADA,2,0,2,0,0,0,2,0,2
C0116,28,547,589215,Ramavarappadu (CT),007016, Kannada,2,0,2,0,0,0,2,0,2
C0116,28,547,589215,Ramavarappadu (CT),011000,11 MALAYALAM,25,11,14,0,0,0,25,11,14
C0116,28,547,589215,Ramavarappadu (CT),011016, Malayalam,25,11,14,0,0,0,25,11,14
C0116,28,547,589215,Ramavarappadu (CT),013000,13 MARATHI ,3,2,1,0,0,0,3,2,1
C0116,28,547,589215,Ramavarappadu (CT),013071, Marathi,3,2,1,0,0,0,3,2,1
C0116,28,547,589215,Ramavarappadu (CT),015000,15 ODIA ,20,15,5,0,0,0,20,15,5
C0116,28,547,589215,Ramavarappadu (CT),015043, Odia,20,15,5,0,0,0,20,15,5
C0116,28,547,589215,Ramavarappadu (CT),019000,19 SINDHI,5,2,3,0,0,0,5,2,3
C0116,28,547,589215,Ramavarappadu (CT),019014, Sindhi,5,2,3,0,0,0,5,2,3
C0116,28,547,589215,Ramavarappadu (CT),020000,20 TAMIL ,18,13,5,0,0,0,18,13,5
C0116,28,547,589215,Ramavarappadu (CT),020027, Tamil,18,13,5,0,0,0,18,13,5
C0116,28,547,589215,Ramavarappadu (CT),021000,21 TELUGU ,21524,10725,10799,0,0,0,21524,10725,10799
C0116,28,547,589215,Ramavarappadu (CT),021046, Telugu,21524,10725,10799,0,0,0,21524,10725,10799
C0116,28,547,589215,Ramavarappadu (CT),022000,22 URDU,536,277,259,0,0,0,536,277,259
C0116,28,547,589215,Ramavarappadu (CT),022015, Urdu,536,277,259,0,0,0,536,277,259
C0116,28,547,589215,Ramavarappadu (CT),040000,40 ENGLISH ,11,6,5,0,0,0,11,6,5
C0116,28,547,589215,Ramavarappadu (CT),040001, English,11,6,5,0,0,0,11,6,5
C0116,28,547,589216,Prasadampadu (CT),001000,1 ASSAMESE,1,0,1,0,0,0,1,0,1
C0116,28,547,589216,Prasadampadu (CT),001002, Assamese,1,0,1,0,0,0,1,0,1
C0116,28,547,589216,Prasadampadu (CT),002000,2 BENGALI ,1,0,1,0,0,0,1,0,1
C0116,28,547,589216,Prasadampadu (CT),002007, Bengali,1,0,1,0,0,0,1,0,1
C0116,28,547,589216,Prasadampadu (CT),006000,6 HINDI ,58,32,26,0,0,0,58,32,26
C0116,28,547,589216,Prasadampadu (CT),006240, Hindi,13,7,6,0,0,0,13,7,6
C0116,28,547,589216,Prasadampadu (CT),006353, Lamani/Lambadi,29,16,13,0,0,0,29,16,13
C0116,28,547,589216,Prasadampadu (CT),006400, Marwari,8,4,4,0,0,0,8,4,4
C0116,28,547,589216,Prasadampadu (CT),006541, Sugali,8,5,3,0,0,0,8,5,3
C0116,28,547,589216,Prasadampadu (CT),007000,7 KANNADA,11,5,6,0,0,0,11,5,6
C0116,28,547,589216,Prasadampadu (CT),007016, Kannada,11,5,6,0,0,0,11,5,6
C0116,28,547,589216,Prasadampadu (CT),011000,11 MALAYALAM,6,3,3,0,0,0,6,3,3
C0116,28,547,589216,Prasadampadu (CT),011016, Malayalam,6,3,3,0,0,0,6,3,3
C0116,28,547,589216,Prasadampadu (CT),015000,15 ODIA ,1,0,1,0,0,0,1,0,1
C0116,28,547,589216,Prasadampadu (CT),015043, Odia,1,0,1,0,0,0,1,0,1
C0116,28,547,589216,Prasadampadu (CT),020000,20 TAMIL ,22,6,16,0,0,0,22,6,16
C0116,28,547,589216,Prasadampadu (CT),020027, Tamil,14,5,9,0,0,0,14,5,9
C0116,28,547,589216,Prasadampadu (CT),020029, Yerukala/Yerukula,8,1,7,0,0,0,8,1,7
C0116,28,547,589216,Prasadampadu (CT),021000,21 TELUGU ,13502,6830,6672,0,0,0,13502,6830,6672
C0116,28,547,589216,Prasadampadu (CT),021046, Telugu,13502,6830,6672,0,0,0,13502,6830,6672
C0116,28,547,589216,Prasadampadu (CT),022000,22 URDU,333,171,162,0,0,0,333,171,162
C0116,28,547,589216,Prasadampadu (CT),022015, Urdu,333,171,162,0,0,0,333,171,162
C0116,28,547,589216,Prasadampadu (CT),040000,40 ENGLISH ,1,1,0,0,0,0,1,1,0
C0116,28,547,589216,Prasadampadu (CT),040001, English,1,1,0,0,0,0,1,1,0
C0116,28,547,589216,Prasadampadu (CT),124000,124 OTHERS,5,3,2,0,0,0,5,3,2
C0116,28,547,589503,Kankipadu (CT),006000,6 HINDI ,13,7,6,0,0,0,13,7,6
C0116,28,547,589503,Kankipadu (CT),006240, Hindi,9,5,4,0,0,0,9,5,4
C0116,28,547,589503,Kankipadu (CT),006353, Lamani/Lambadi,4,2,2,0,0,0,4,2,2
C0116,28,547,589503,Kankipadu (CT),007000,7 KANNADA,12,7,5,0,0,0,12,7,5
C0116,28,547,589503,Kankipadu (CT),007016, Kannada,12,7,5,0,0,0,12,7,5
C0116,28,547,589503,Kankipadu (CT),011000,11 MALAYALAM,26,9,17,0,0,0,26,9,17
C0116,28,547,589503,Kankipadu (CT),011016, Malayalam,26,9,17,0,0,0,26,9,17
C0116,28,547,589503,Kankipadu (CT),013000,13 MARATHI ,5,1,4,0,0,0,5,1,4
C0116,28,547,589503,Kankipadu (CT),013071, Marathi,5,1,4,0,0,0,5,1,4
C0116,28,547,589503,Kankipadu (CT),014000,14 NEPALI ,3,2,1,0,0,0,3,2,1
C0116,28,547,589503,Kankipadu (CT),014011, Nepali,3,2,1,0,0,0,3,2,1
C0116,28,547,589503,Kankipadu (CT),020000,20 TAMIL ,117,57,60,0,0,0,117,57,60
C0116,28,547,589503,Kankipadu (CT),020027, Tamil,9,4,5,0,0,0,9,4,5
C0116,28,547,589503,Kankipadu (CT),020029, Yerukala/Yerukula,108,53,55,0,0,0,108,53,55
C0116,28,547,589503,Kankipadu (CT),021000,21 TELUGU ,13790,6857,6933,0,0,0,13790,6857,6933
C0116,28,547,589503,Kankipadu (CT),021046, Telugu,13790,6857,6933,0,0,0,13790,6857,6933
C0116,28,547,589503,Kankipadu (CT),022000,22 URDU,650,331,319,0,0,0,650,331,319
C0116,28,547,589503,Kankipadu (CT),022015, Urdu,650,331,319,0,0,0,650,331,319
C0116,28,547,589508,Kanuru (CT),002000,2 BENGALI ,78,59,19,0,0,0,78,59,19
C0116,28,547,589508,Kanuru (CT),002007, Bengali,78,59,19,0,0,0,78,59,19
C0116,28,547,589508,Kanuru (CT),005000,5 GUJARATI,4,3,1,0,0,0,4,3,1
C0116,28,547,589508,Kanuru (CT),005018, Gujarati,4,3,1,0,0,0,4,3,1
C0116,28,547,589508,Kanuru (CT),006000,6 HINDI ,409,270,139,0,0,0,409,270,139
C0116,28,547,589508,Kanuru (CT),006102, Bhojpuri,11,7,4,0,0,0,11,7,4
C0116,28,547,589508,Kanuru (CT),006240, Hindi,306,212,94,0,0,0,306,212,94
C0116,28,547,589508,Kanuru (CT),006353, Lamani/Lambadi,54,31,23,0,0,0,54,31,23
C0116,28,547,589508,Kanuru (CT),006400, Marwari,1,1,0,0,0,0,1,1,0
C0116,28,547,589508,Kanuru (CT),006541, Sugali,23,11,12,0,0,0,23,11,12
C0116,28,547,589508,Kanuru (CT),006999,6 Others,14,8,6,0,0,0,14,8,6
C0116,28,547,589508,Kanuru (CT),007000,7 KANNADA,13,9,4,0,0,0,13,9,4
C0116,28,547,589508,Kanuru (CT),007016, Kannada,13,9,4,0,0,0,13,9,4
C0116,28,547,589508,Kanuru (CT),009000,9 KONKANI,3,2,1,0,0,0,3,2,1
C0116,28,547,589508,Kanuru (CT),009011, Konkani,3,2,1,0,0,0,3,2,1
C0116,28,547,589508,Kanuru (CT),011000,11 MALAYALAM,32,20,12,0,0,0,32,20,12
C0116,28,547,589508,Kanuru (CT),011016, Malayalam,32,20,12,0,0,0,32,20,12
C0116,28,547,589508,Kanuru (CT),012000,12 MANIPURI ,61,51,10,0,0,0,61,51,10
C0116,28,547,589508,Kanuru (CT),012003, Manipuri,61,51,10,0,0,0,61,51,10
C0116,28,547,589508,Kanuru (CT),013000,13 MARATHI ,31,17,14,0,0,0,31,17,14
C0116,28,547,589508,Kanuru (CT),013071, Marathi,31,17,14,0,0,0,31,17,14
C0116,28,547,589508,Kanuru (CT),014000,14 NEPALI ,21,18,3,0,0,0,21,18,3
C0116,28,547,589508,Kanuru (CT),014011, Nepali,21,18,3,0,0,0,21,18,3
C0116,28,547,589508,Kanuru (CT),015000,15 ODIA ,89,57,32,0,0,0,89,57,32
C0116,28,547,589508,Kanuru (CT),015043, Odia,89,57,32,0,0,0,89,57,32
C0116,28,547,589508,Kanuru (CT),016000,16 PUNJABI ,4,4,0,0,0,0,4,4,0
C0116,28,547,589508,Kanuru (CT),016038, Punjabi,4,4,0,0,0,0,4,4,0
C0116,28,547,589508,Kanuru (CT),018000,18 SANTALI ,2,1,1,0,0,0,2,1,1
C0116,28,547,589508,Kanuru (CT),018040, Santali,2,1,1,0,0,0,2,1,1
C0116,28,547,589508,Kanuru (CT),019000,19 SINDHI,2,2,0,0,0,0,2,2,0
C0116,28,547,589508,Kanuru (CT),019014, Sindhi,2,2,0,0,0,0,2,2,0
C0116,28,547,589508,Kanuru (CT),020000,20 TAMIL ,76,39,37,0,0,0,76,39,37
C0116,28,547,589508,Kanuru (CT),020027, Tamil,76,39,37,0,0,0,76,39,37
C0116,28,547,589508,Kanuru (CT),021000,21 TELUGU ,38000,20780,17220,0,0,0,38000,20780,17220
C0116,28,547,589508,Kanuru (CT),021046, Telugu,38000,20780,17220,0,0,0,38000,20780,17220
C0116,28,547,589508,Kanuru (CT),022000,22 URDU,10165,5231,4934,0,0,0,10165,5231,4934
C0116,28,547,589508,Kanuru (CT),022015, Urdu,10165,5231,4934,0,0,0,10165,5231,4934
C0116,28,547,589508,Kanuru (CT),028000,28 ARABIC/ARBI ,1,1,0,0,0,0,1,1,0
C0116,28,547,589508,Kanuru (CT),028001, Arabic/Arbi,1,1,0,0,0,0,1,1,0
C0116,28,547,589508,Kanuru (CT),030000,30 BHILI/BHILODI ,1,0,1,0,0,0,1,0,1
C0116,28,547,589508,Kanuru (CT),030035, Kokna/Kokni/Kukna,1,0,1,0,0,0,1,0,1
C0116,28,547,589508,Kanuru (CT),040000,40 ENGLISH ,7,7,0,0,0,0,7,7,0
C0116,28,547,589508,Kanuru (CT),040001, English,7,7,0,0,0,0,7,7,0
C0116,28,547,589508,Kanuru (CT),067000,67 KORKU ,1,1,0,0,0,0,1,1,0
C0116,28,547,589508,Kanuru (CT),067999,67 Others ,1,1,0,0,0,0,1,1,0
C0116,28,547,589508,Kanuru (CT),082000,82 LUSHAI/MIZO ,5,1,4,0,0,0,5,1,4
C0116,28,547,589508,Kanuru (CT),082005, Lushai/Mizo,5,1,4,0,0,0,5,1,4
C0116,28,547,589508,Kanuru (CT),124000,124 OTHERS,1,1,0,0,0,0,1,1,0
C0116,28,547,589509,Poranki (CT),002000,2 BENGALI ,1,0,1,0,0,0,1,0,1
C0116,28,547,589509,Poranki (CT),002007, Bengali,1,0,1,0,0,0,1,0,1
C0116,28,547,589509,Poranki (CT),006000,6 HINDI ,194,91,103,0,0,0,194,91,103
C0116,28,547,589509,Poranki (CT),006102, Bhojpuri,2,1,1,0,0,0,2,1,1
C0116,28,547,589509,Poranki (CT),006240, Hindi,26,13,13,0,0,0,26,13,13
C0116,28,547,589509,Poranki (CT),006353, Lamani/Lambadi,14,8,6,0,0,0,14,8,6
C0116,28,547,589509,Poranki (CT),006400, Marwari,5,3,2,0,0,0,5,3,2
C0116,28,547,589509,Poranki (CT),006541, Sugali,147,66,81,0,0,0,147,66,81
C0116,28,547,589509,Poranki (CT),007000,7 KANNADA,4,1,3,0,0,0,4,1,3
C0116,28,547,589509,Poranki (CT),007016, Kannada,4,1,3,0,0,0,4,1,3
C0116,28,547,589509,Poranki (CT),011000,11 MALAYALAM,14,7,7,0,0,0,14,7,7
C0116,28,547,589509,Poranki (CT),011016, Malayalam,14,7,7,0,0,0,14,7,7
C0116,28,547,589509,Poranki (CT),012000,12 MANIPURI ,34,27,7,0,0,0,34,27,7
C0116,28,547,589509,Poranki (CT),012003, Manipuri,34,27,7,0,0,0,34,27,7
C0116,28,547,589509,Poranki (CT),013000,13 MARATHI ,7,5,2,0,0,0,7,5,2
C0116,28,547,589509,Poranki (CT),013071, Marathi,7,5,2,0,0,0,7,5,2
C0116,28,547,589509,Poranki (CT),015000,15 ODIA ,18,7,11,0,0,0,18,7,11
C0116,28,547,589509,Poranki (CT),015043, Odia,7,2,5,0,0,0,7,2,5
C0116,28,547,589509,Poranki (CT),015055, Relli,11,5,6,0,0,0,11,5,6
C0116,28,547,589509,Poranki (CT),020000,20 TAMIL ,18,9,9,0,0,0,18,9,9
C0116,28,547,589509,Poranki (CT),020027, Tamil,18,9,9,0,0,0,18,9,9
C0116,28,547,589509,Poranki (CT),021000,21 TELUGU ,24666,11984,12682,0,0,0,24666,11984,12682
C0116,28,547,589509,Poranki (CT),021046, Telugu,24666,11984,12682,0,0,0,24666,11984,12682
C0116,28,547,589509,Poranki (CT),022000,22 URDU,582,302,280,0,0,0,582,302,280
C0116,28,547,589509,Poranki (CT),022015, Urdu,582,302,280,0,0,0,582,302,280
C0116,28,547,589509,Poranki (CT),040000,40 ENGLISH ,7,5,2,0,0,0,7,5,2
C0116,28,547,589509,Poranki (CT),040001, English,7,5,2,0,0,0,7,5,2
C0116,28,547,589510,Tadigadapa (CT),006000,6 HINDI ,63,35,28,0,0,0,63,35,28
C0116,28,547,589510,Tadigadapa (CT),006240, Hindi,21,14,7,0,0,0,21,14,7
C0116,28,547,589510,Tadigadapa (CT),006353, Lamani/Lambadi,36,17,19,0,0,0,36,17,19
C0116,28,547,589510,Tadigadapa (CT),006541, Sugali,6,4,2,0,0,0,6,4,2
C0116,28,547,589510,Tadigadapa (CT),011000,11 MALAYALAM,1,1,0,0,0,0,1,1,0
C0116,28,547,589510,Tadigadapa (CT),011016, Malayalam,1,1,0,0,0,0,1,1,0
C0116,28,547,589510,Tadigadapa (CT),013000,13 MARATHI ,1,1,0,0,0,0,1,1,0
C0116,28,547,589510,Tadigadapa (CT),013071, Marathi,1,1,0,0,0,0,1,1,0
C0116,28,547,589510,Tadigadapa (CT),014000,14 NEPALI ,2,1,1,0,0,0,2,1,1
C0116,28,547,589510,Tadigadapa (CT),014011, Nepali,2,1,1,0,0,0,2,1,1
C0116,28,547,589510,Tadigadapa (CT),015000,15 ODIA ,8,4,4,0,0,0,8,4,4
C0116,28,547,589510,Tadigadapa (CT),015043, Odia,8,4,4,0,0,0,8,4,4
C0116,28,547,589510,Tadigadapa (CT),020000,20 TAMIL ,5,2,3,0,0,0,5,2,3
C0116,28,547,589510,Tadigadapa (CT),020027, Tamil,1,0,1,0,0,0,1,0,1
C0116,28,547,589510,Tadigadapa (CT),020029, Yerukala/Yerukula,4,2,2,0,0,0,4,2,2
C0116,28,547,589510,Tadigadapa (CT),021000,21 TELUGU ,15439,7841,7598,0,0,0,15439,7841,7598
C0116,28,547,589510,Tadigadapa (CT),021046, Telugu,15439,7841,7598,0,0,0,15439,7841,7598
C0116,28,547,589510,Tadigadapa (CT),022000,22 URDU,1943,975,968,0,0,0,1943,975,968
C0116,28,547,589510,Tadigadapa (CT),022015, Urdu,1943,975,968,0,0,0,1943,975,968
C0116,28,547,589511,Yenamalakuduru (CT),006000,6 HINDI ,742,347,395,0,0,0,742,347,395
C0116,28,547,589511,Yenamalakuduru (CT),006240, Hindi,52,23,29,0,0,0,52,23,29
C0116,28,547,589511,Yenamalakuduru (CT),006353, Lamani/Lambadi,294,130,164,0,0,0,294,130,164
C0116,28,547,589511,Yenamalakuduru (CT),006541, Sugali,396,194,202,0,0,0,396,194,202
C0116,28,547,589511,Yenamalakuduru (CT),007000,7 KANNADA,1,0,1,0,0,0,1,0,1
C0116,28,547,589511,Yenamalakuduru (CT),007016, Kannada,1,0,1,0,0,0,1,0,1
C0116,28,547,589511,Yenamalakuduru (CT),011000,11 MALAYALAM,8,3,5,0,0,0,8,3,5
C0116,28,547,589511,Yenamalakuduru (CT),011016, Malayalam,8,3,5,0,0,0,8,3,5
C0116,28,547,589511,Yenamalakuduru (CT),013000,13 MARATHI ,10,5,5,0,0,0,10,5,5
C0116,28,547,589511,Yenamalakuduru (CT),013071, Marathi,10,5,5,0,0,0,10,5,5
C0116,28,547,589511,Yenamalakuduru (CT),014000,14 NEPALI ,1,1,0,0,0,0,1,1,0
C0116,28,547,589511,Yenamalakuduru (CT),014011, Nepali,1,1,0,0,0,0,1,1,0
C0116,28,547,589511,Yenamalakuduru (CT),015000,15 ODIA ,21,10,11,0,0,0,21,10,11
C0116,28,547,589511,Yenamalakuduru (CT),015043, Odia,21,10,11,0,0,0,21,10,11
C0116,28,547,589511,Yenamalakuduru (CT),020000,20 TAMIL ,266,139,127,0,0,0,266,139,127
C0116,28,547,589511,Yenamalakuduru (CT),020027, Tamil,50,29,21,0,0,0,50,29,21
C0116,28,547,589511,Yenamalakuduru (CT),020029, Yerukala/Yerukula,216,110,106,0,0,0,216,110,106
C0116,28,547,589511,Yenamalakuduru (CT),021000,21 TELUGU ,26512,13301,13211,0,0,0,26512,13301,13211
C0116,28,547,589511,Yenamalakuduru (CT),021046, Telugu,26512,13301,13211,0,0,0,26512,13301,13211
C0116,28,547,589511,Yenamalakuduru (CT),022000,22 URDU,6614,3339,3275,0,0,0,6614,3339,3275
C0116,28,547,589511,Yenamalakuduru (CT),022015, Urdu,6614,3339,3275,0,0,0,6614,3339,3275
C0116,28,547,589511,Yenamalakuduru (CT),040000,40 ENGLISH ,1,1,0,0,0,0,1,1,0
C0116,28,547,589511,Yenamalakuduru (CT),040001, English,1,1,0,0,0,0,1,1,0
C0116,28,547,589511,Yenamalakuduru (CT),124000,124 OTHERS,1,0,1,0,0,0,1,0,1
C0116,28,548,000000,Guntur,001000,1 ASSAMESE,4,1,3,0,0,0,4,1,3
C0116,28,548,000000,Guntur,001002, Assamese,4,1,3,0,0,0,4,1,3
C0116,28,548,000000,Guntur,002000,2 BENGALI ,553,346,207,0,0,0,553,346,207
C0116,28,548,000000,Guntur,002007, Bengali,550,345,205,0,0,0,550,345,205
C0116,28,548,000000,Guntur,002999,2 Others,3,1,2,0,0,0,3,1,2
C0116,28,548,000000,Guntur,004000,4 DOGRI ,2,1,1,0,0,0,2,1,1
C0116,28,548,000000,Guntur,004001, Dogri,2,1,1,0,0,0,2,1,1
C0116,28,548,000000,Guntur,005000,5 GUJARATI,224,113,111,0,0,0,224,113,111
C0116,28,548,000000,Guntur,005018, Gujarati,183,96,87,0,0,0,183,96,87
C0116,28,548,000000,Guntur,005057, Saurashtra/Saurashtri,9,4,5,0,0,0,9,4,5
C0116,28,548,000000,Guntur,005999,5 Others,32,13,19,0,0,0,32,13,19
C0116,28,548,000000,Guntur,006000,6 HINDI ,16961,8770,8191,0,0,0,16961,8770,8191
C0116,28,548,000000,Guntur,006066, Banjari,662,331,331,0,0,0,662,331,331
C0116,28,548,000000,Guntur,006102, Bhojpuri,13,10,3,0,0,0,13,10,3
C0116,28,548,000000,Guntur,006240, Hindi,6477,3499,2978,0,0,0,6477,3499,2978
C0116,28,548,000000,Guntur,006353, Lamani/Lambadi,3516,1778,1738,0,0,0,3516,1778,1738
C0116,28,548,000000,Guntur,006400, Marwari,1688,864,824,0,0,0,1688,864,824
C0116,28,548,000000,Guntur,006489, Rajasthani,526,268,258,0,0,0,526,268,258
C0116,28,548,000000,Guntur,006541, Sugali,4019,1987,2032,0,0,0,4019,1987,2032
C0116,28,548,000000,Guntur,006999,6 Others,60,33,27,0,0,0,60,33,27
C0116,28,548,000000,Guntur,007000,7 KANNADA,383,208,175,0,0,0,383,208,175
C0116,28,548,000000,Guntur,007016, Kannada,382,208,174,0,0,0,382,208,174
C0116,28,548,000000,Guntur,007999,7 Others,1,0,1,0,0,0,1,0,1
C0116,28,548,000000,Guntur,009000,9 KONKANI,6,5,1,0,0,0,6,5,1
C0116,28,548,000000,Guntur,009011, Konkani,6,5,1,0,0,0,6,5,1
C0116,28,548,000000,Guntur,010000,10 MAITHILI ,26,18,8,0,0,0,26,18,8
C0116,28,548,000000,Guntur,010008, Maithili,26,18,8,0,0,0,26,18,8
C0116,28,548,000000,Guntur,011000,11 MALAYALAM,1114,406,708,0,0,0,1114,406,708
C0116,28,548,000000,Guntur,011016, Malayalam,1114,406,708,0,0,0,1114,406,708
C0116,28,548,000000,Guntur,012000,12 MANIPURI ,74,6,68,0,0,0,74,6,68
C0116,28,548,000000,Guntur,012003, Manipuri,74,6,68,0,0,0,74,6,68
C0116,28,548,000000,Guntur,013000,13 MARATHI ,911,460,451,0,0,0,911,460,451
C0116,28,548,000000,Guntur,013071, Marathi,911,460,451,0,0,0,911,460,451
C0116,28,548,000000,Guntur,014000,14 NEPALI ,306,201,105,0,0,0,306,201,105
C0116,28,548,000000,Guntur,014011, Nepali,306,201,105,0,0,0,306,201,105
C0116,28,548,000000,Guntur,015000,15 ODIA ,2478,1342,1136,0,0,0,2478,1342,1136
C0116,28,548,000000,Guntur,015043, Odia,1932,1076,856,0,0,0,1932,1076,856
C0116,28,548,000000,Guntur,015055, Relli,531,259,272,0,0,0,531,259,272
C0116,28,548,000000,Guntur,015999,15 Others,15,7,8,0,0,0,15,7,8
C0116,28,548,000000,Guntur,016000,16 PUNJABI ,90,51,39,0,0,0,90,51,39
C0116,28,548,000000,Guntur,016038, Punjabi,90,51,39,0,0,0,90,51,39
C0116,28,548,000000,Guntur,017000,17 SANSKRIT ,39,21,18,0,0,0,39,21,18
C0116,28,548,000000,Guntur,017002, Sanskrit,39,21,18,0,0,0,39,21,18
C0116,28,548,000000,Guntur,018000,18 SANTALI ,4,2,2,0,0,0,4,2,2
C0116,28,548,000000,Guntur,018040, Santali,4,2,2,0,0,0,4,2,2
C0116,28,548,000000,Guntur,019000,19 SINDHI,52,29,23,0,0,0,52,29,23
C0116,28,548,000000,Guntur,019008, Kachchhi,4,2,2,0,0,0,4,2,2
C0116,28,548,000000,Guntur,019014, Sindhi,48,27,21,0,0,0,48,27,21
C0116,28,548,000000,Guntur,020000,20 TAMIL ,5279,2657,2622,0,0,0,5279,2657,2622
C0116,28,548,000000,Guntur,020027, Tamil,3029,1549,1480,0,0,0,3029,1549,1480
C0116,28,548,000000,Guntur,020029, Yerukala/Yerukula,2206,1089,1117,0,0,0,2206,1089,1117
C0116,28,548,000000,Guntur,020999,20 Others,44,19,25,0,0,0,44,19,25
C0116,28,548,000000,Guntur,021000,21 TELUGU ,1365111,674879,690232,0,0,0,1365111,674879,690232
C0116,28,548,000000,Guntur,021046, Telugu,1365033,674837,690196,0,0,0,1365033,674837,690196
C0116,28,548,000000,Guntur,021999,21 Others,78,42,36,0,0,0,78,42,36
C0116,28,548,000000,Guntur,022000,22 URDU,258740,129290,129450,0,0,0,258740,129290,129450
C0116,28,548,000000,Guntur,022015, Urdu,258670,129257,129413,0,0,0,258670,129257,129413
C0116,28,548,000000,Guntur,022999,22 Others,70,33,37,0,0,0,70,33,37
C0116,28,548,000000,Guntur,027000,27 AO ,3,2,1,0,0,0,3,2,1
C0116,28,548,000000,Guntur,027003, Chungli,3,2,1,0,0,0,3,2,1
C0116,28,548,000000,Guntur,028000,28 ARABIC/ARBI ,17,8,9,0,0,0,17,8,9
C0116,28,548,000000,Guntur,028001, Arabic/Arbi,17,8,9,0,0,0,17,8,9
C0116,28,548,000000,Guntur,030000,30 BHILI/BHILODI ,5,2,3,0,0,0,5,2,3
C0116,28,548,000000,Guntur,030035, Kokna/Kokni/Kukna,5,2,3,0,0,0,5,2,3
C0116,28,548,000000,Guntur,031000,31 BHOTIA ,37,37,0,0,0,0,37,37,0
C0116,28,548,000000,Guntur,031999,31 Others,37,37,0,0,0,0,37,37,0
C0116,28,548,000000,Guntur,037000,37 COORGI/KODAGU ,4,1,3,0,0,0,4,1,3
C0116,28,548,000000,Guntur,037001, Coorgi/Kodagu,4,1,3,0,0,0,4,1,3
C0116,28,548,000000,Guntur,040000,40 ENGLISH ,167,81,86,0,0,0,167,81,86
C0116,28,548,000000,Guntur,040001, English,167,81,86,0,0,0,167,81,86
C0116,28,548,000000,Guntur,044000,44 GONDI,1,0,1,0,0,0,1,0,1
C0116,28,548,000000,Guntur,044007, Gondi,1,0,1,0,0,0,1,0,1
C0116,28,548,000000,Guntur,058000,58 KHOND/KONDH ,1,0,1,0,0,0,1,0,1
C0116,28,548,000000,Guntur,058006, Kuvi,1,0,1,0,0,0,1,0,1
C0116,28,548,000000,Guntur,069000,69 KOYA ,35,17,18,0,0,0,35,17,18
C0116,28,548,000000,Guntur,069002, Koya,35,17,18,0,0,0,35,17,18
C0116,28,548,000000,Guntur,071000,71 KUKI,1,1,0,0,0,0,1,1,0
C0116,28,548,000000,Guntur,071008, Kuki,1,1,0,0,0,0,1,1,0
C0116,28,548,000000,Guntur,076000,76 LAKHER,3,3,0,0,0,0,3,3,0
C0116,28,548,000000,Guntur,076002, Mara,3,3,0,0,0,0,3,3,0
C0116,28,548,000000,Guntur,082000,82 LUSHAI/MIZO ,20,20,0,0,0,0,20,20,0
C0116,28,548,000000,Guntur,082005, Lushai/Mizo,20,20,0,0,0,0,20,20,0
C0116,28,548,000000,Guntur,106000,106 SAVARA,5,3,2,0,0,0,5,3,2
C0116,28,548,000000,Guntur,106004, Savara,5,3,2,0,0,0,5,3,2
C0116,28,548,000000,Guntur,108000,108 SHERPA ,7,7,0,0,0,0,7,7,0
C0116,28,548,000000,Guntur,108001, Sherpa,7,7,0,0,0,0,7,7,0
C0116,28,548,000000,Guntur,116000,116 TRIPURI ,1,0,1,0,0,0,1,0,1
C0116,28,548,000000,Guntur,116011, Reang,1,0,1,0,0,0,1,0,1
C0116,28,548,000000,Guntur,124000,124 OTHERS,74,42,32,0,0,0,74,42,32
C0116,28,548,802973,Macherla (M),002000,2 BENGALI ,5,3,2,0,0,0,5,3,2
C0116,28,548,802973,Macherla (M),002007, Bengali,5,3,2,0,0,0,5,3,2
C0116,28,548,802973,Macherla (M),006000,6 HINDI ,788,411,377,0,0,0,788,411,377
C0116,28,548,802973,Macherla (M),006066, Banjari,12,8,4,0,0,0,12,8,4
C0116,28,548,802973,Macherla (M),006240, Hindi,96,59,37,0,0,0,96,59,37
C0116,28,548,802973,Macherla (M),006353, Lamani/Lambadi,78,34,44,0,0,0,78,34,44
C0116,28,548,802973,Macherla (M),006400, Marwari,27,21,6,0,0,0,27,21,6
C0116,28,548,802973,Macherla (M),006489, Rajasthani,4,2,2,0,0,0,4,2,2
C0116,28,548,802973,Macherla (M),006541, Sugali,560,281,279,0,0,0,560,281,279
C0116,28,548,802973,Macherla (M),006999,6 Others,11,6,5,0,0,0,11,6,5
C0116,28,548,802973,Macherla (M),011000,11 MALAYALAM,7,5,2,0,0,0,7,5,2
C0116,28,548,802973,Macherla (M),011016, Malayalam,7,5,2,0,0,0,7,5,2
C0116,28,548,802973,Macherla (M),013000,13 MARATHI ,28,15,13,0,0,0,28,15,13
C0116,28,548,802973,Macherla (M),013071, Marathi,28,15,13,0,0,0,28,15,13
C0116,28,548,802973,Macherla (M),014000,14 NEPALI ,12,7,5,0,0,0,12,7,5
C0116,28,548,802973,Macherla (M),014011, Nepali,12,7,5,0,0,0,12,7,5
C0116,28,548,802973,Macherla (M),015000,15 ODIA ,2,1,1,0,0,0,2,1,1
C0116,28,548,802973,Macherla (M),015043, Odia,2,1,1,0,0,0,2,1,1
C0116,28,548,802973,Macherla (M),020000,20 TAMIL ,601,296,305,0,0,0,601,296,305
C0116,28,548,802973,Macherla (M),020027, Tamil,40,21,19,0,0,0,40,21,19
C0116,28,548,802973,Macherla (M),020029, Yerukala/Yerukula,561,275,286,0,0,0,561,275,286
C0116,28,548,802973,Macherla (M),021000,21 TELUGU ,48772,24219,24553,0,0,0,48772,24219,24553
C0116,28,548,802973,Macherla (M),021046, Telugu,48772,24219,24553,0,0,0,48772,24219,24553
C0116,28,548,802973,Macherla (M),022000,22 URDU,7072,3496,3576,0,0,0,7072,3496,3576
C0116,28,548,802973,Macherla (M),022015, Urdu,7069,3495,3574,0,0,0,7069,3495,3574
C0116,28,548,802973,Macherla (M),022999,22 Others,3,1,2,0,0,0,3,1,2
C0116,28,548,802973,Macherla (M),040000,40 ENGLISH ,3,1,2,0,0,0,3,1,2
C0116,28,548,802973,Macherla (M),040001, English,3,1,2,0,0,0,3,1,2
C0116,28,548,802974,Piduguralla (NP),002000,2 BENGALI ,14,9,5,0,0,0,14,9,5
C0116,28,548,802974,Piduguralla (NP),002007, Bengali,11,8,3,0,0,0,11,8,3
C0116,28,548,802974,Piduguralla (NP),002999,2 Others,3,1,2,0,0,0,3,1,2
C0116,28,548,802974,Piduguralla (NP),006000,6 HINDI ,1029,490,539,0,0,0,1029,490,539
C0116,28,548,802974,Piduguralla (NP),006066, Banjari,3,2,1,0,0,0,3,2,1
C0116,28,548,802974,Piduguralla (NP),006240, Hindi,172,95,77,0,0,0,172,95,77
C0116,28,548,802974,Piduguralla (NP),006353, Lamani/Lambadi,104,54,50,0,0,0,104,54,50
C0116,28,548,802974,Piduguralla (NP),006400, Marwari,6,3,3,0,0,0,6,3,3
C0116,28,548,802974,Piduguralla (NP),006541, Sugali,744,336,408,0,0,0,744,336,408
C0116,28,548,802974,Piduguralla (NP),007000,7 KANNADA,11,3,8,0,0,0,11,3,8
C0116,28,548,802974,Piduguralla (NP),007016, Kannada,11,3,8,0,0,0,11,3,8
C0116,28,548,802974,Piduguralla (NP),011000,11 MALAYALAM,27,17,10,0,0,0,27,17,10
C0116,28,548,802974,Piduguralla (NP),011016, Malayalam,27,17,10,0,0,0,27,17,10
C0116,28,548,802974,Piduguralla (NP),013000,13 MARATHI ,6,4,2,0,0,0,6,4,2
C0116,28,548,802974,Piduguralla (NP),013071, Marathi,6,4,2,0,0,0,6,4,2
C0116,28,548,802974,Piduguralla (NP),014000,14 NEPALI ,7,4,3,0,0,0,7,4,3
C0116,28,548,802974,Piduguralla (NP),014011, Nepali,7,4,3,0,0,0,7,4,3
C0116,28,548,802974,Piduguralla (NP),015000,15 ODIA ,33,26,7,0,0,0,33,26,7
C0116,28,548,802974,Piduguralla (NP),015043, Odia,33,26,7,0,0,0,33,26,7
C0116,28,548,802974,Piduguralla (NP),020000,20 TAMIL ,216,115,101,0,0,0,216,115,101
C0116,28,548,802974,Piduguralla (NP),020027, Tamil,131,70,61,0,0,0,131,70,61
C0116,28,548,802974,Piduguralla (NP),020029, Yerukala/Yerukula,85,45,40,0,0,0,85,45,40
C0116,28,548,802974,Piduguralla (NP),021000,21 TELUGU ,53029,26453,26576,0,0,0,53029,26453,26576
C0116,28,548,802974,Piduguralla (NP),021046, Telugu,53029,26453,26576,0,0,0,53029,26453,26576
C0116,28,548,802974,Piduguralla (NP),022000,22 URDU,8730,4390,4340,0,0,0,8730,4390,4340
C0116,28,548,802974,Piduguralla (NP),022015, Urdu,8730,4390,4340,0,0,0,8730,4390,4340
C0116,28,548,802974,Piduguralla (NP),040000,40 ENGLISH ,1,1,0,0,0,0,1,1,0
C0116,28,548,802974,Piduguralla (NP),040001, English,1,1,0,0,0,0,1,1,0
C0116,28,548,802975,Tadepalle (M + OG),002000,2 BENGALI ,13,10,3,0,0,0,13,10,3
C0116,28,548,802975,Tadepalle (M + OG),002007, Bengali,13,10,3,0,0,0,13,10,3
C0116,28,548,802975,Tadepalle (M + OG),005000,5 GUJARATI,8,4,4,0,0,0,8,4,4
C0116,28,548,802975,Tadepalle (M + OG),005018, Gujarati,5,2,3,0,0,0,5,2,3
C0116,28,548,802975,Tadepalle (M + OG),005999,5 Others,3,2,1,0,0,0,3,2,1
C0116,28,548,802975,Tadepalle (M + OG),006000,6 HINDI ,257,138,119,0,0,0,257,138,119
C0116,28,548,802975,Tadepalle (M + OG),006240, Hindi,182,103,79,0,0,0,182,103,79
C0116,28,548,802975,Tadepalle (M + OG),006353, Lamani/Lambadi,59,26,33,0,0,0,59,26,33
C0116,28,548,802975,Tadepalle (M + OG),006400, Marwari,8,5,3,0,0,0,8,5,3
C0116,28,548,802975,Tadepalle (M + OG),006489, Rajasthani,8,4,4,0,0,0,8,4,4
C0116,28,548,802975,Tadepalle (M + OG),007000,7 KANNADA,14,7,7,0,0,0,14,7,7
C0116,28,548,802975,Tadepalle (M + OG),007016, Kannada,14,7,7,0,0,0,14,7,7
C0116,28,548,802975,Tadepalle (M + OG),011000,11 MALAYALAM,41,19,22,0,0,0,41,19,22
C0116,28,548,802975,Tadepalle (M + OG),011016, Malayalam,41,19,22,0,0,0,41,19,22
C0116,28,548,802975,Tadepalle (M + OG),013000,13 MARATHI ,20,9,11,0,0,0,20,9,11
C0116,28,548,802975,Tadepalle (M + OG),013071, Marathi,20,9,11,0,0,0,20,9,11
C0116,28,548,802975,Tadepalle (M + OG),014000,14 NEPALI ,6,5,1,0,0,0,6,5,1
C0116,28,548,802975,Tadepalle (M + OG),014011, Nepali,6,5,1,0,0,0,6,5,1
C0116,28,548,802975,Tadepalle (M + OG),015000,15 ODIA ,13,8,5,0,0,0,13,8,5
C0116,28,548,802975,Tadepalle (M + OG),015043, Odia,13,8,5,0,0,0,13,8,5
C0116,28,548,802975,Tadepalle (M + OG),020000,20 TAMIL ,361,184,177,0,0,0,361,184,177
C0116,28,548,802975,Tadepalle (M + OG),020027, Tamil,151,78,73,0,0,0,151,78,73
C0116,28,548,802975,Tadepalle (M + OG),020029, Yerukala/Yerukula,210,106,104,0,0,0,210,106,104
C0116,28,548,802975,Tadepalle (M + OG),021000,21 TELUGU ,58280,29030,29250,0,0,0,58280,29030,29250
C0116,28,548,802975,Tadepalle (M + OG),021046, Telugu,58280,29030,29250,0,0,0,58280,29030,29250
C0116,28,548,802975,Tadepalle (M + OG),022000,22 URDU,5079,2548,2531,0,0,0,5079,2548,2531
C0116,28,548,802975,Tadepalle (M + OG),022015, Urdu,5079,2548,2531,0,0,0,5079,2548,2531
C0116,28,548,802975,Tadepalle (M + OG),028000,28 ARABIC/ARBI ,1,1,0,0,0,0,1,1,0
C0116,28,548,802975,Tadepalle (M + OG),028001, Arabic/Arbi,1,1,0,0,0,0,1,1,0
C0116,28,548,802975,Tadepalle (M + OG),031000,31 BHOTIA ,36,36,0,0,0,0,36,36,0
C0116,28,548,802975,Tadepalle (M + OG),031999,31 Others,36,36,0,0,0,0,36,36,0
C0116,28,548,802975,Tadepalle (M + OG),040000,40 ENGLISH ,8,4,4,0,0,0,8,4,4
C0116,28,548,802975,Tadepalle (M + OG),040001, English,8,4,4,0,0,0,8,4,4
C0116,28,548,802975,Tadepalle (M + OG),108000,108 SHERPA ,5,5,0,0,0,0,5,5,0
C0116,28,548,802975,Tadepalle (M + OG),108001, Sherpa,5,5,0,0,0,0,5,5,0
C0116,28,548,802975,Tadepalle (M + OG),124000,124 OTHERS,7,3,4,0,0,0,7,3,4
C0116,28,548,802976,Mangalagiri (M + OG),002000,2 BENGALI ,14,10,4,0,0,0,14,10,4
C0116,28,548,802976,Mangalagiri (M + OG),002007, Bengali,14,10,4,0,0,0,14,10,4
C0116,28,548,802976,Mangalagiri (M + OG),005000,5 GUJARATI,11,6,5,0,0,0,11,6,5
C0116,28,548,802976,Mangalagiri (M + OG),005018, Gujarati,11,6,5,0,0,0,11,6,5
C0116,28,548,802976,Mangalagiri (M + OG),006000,6 HINDI ,441,234,207,0,0,0,441,234,207
C0116,28,548,802976,Mangalagiri (M + OG),006240, Hindi,141,79,62,0,0,0,141,79,62
C0116,28,548,802976,Mangalagiri (M + OG),006353, Lamani/Lambadi,253,123,130,0,0,0,253,123,130
C0116,28,548,802976,Mangalagiri (M + OG),006400, Marwari,17,14,3,0,0,0,17,14,3
C0116,28,548,802976,Mangalagiri (M + OG),006489, Rajasthani,26,15,11,0,0,0,26,15,11
C0116,28,548,802976,Mangalagiri (M + OG),006541, Sugali,4,3,1,0,0,0,4,3,1
C0116,28,548,802976,Mangalagiri (M + OG),007000,7 KANNADA,23,11,12,0,0,0,23,11,12
C0116,28,548,802976,Mangalagiri (M + OG),007016, Kannada,23,11,12,0,0,0,23,11,12
C0116,28,548,802976,Mangalagiri (M + OG),011000,11 MALAYALAM,39,20,19,0,0,0,39,20,19
C0116,28,548,802976,Mangalagiri (M + OG),011016, Malayalam,39,20,19,0,0,0,39,20,19
C0116,28,548,802976,Mangalagiri (M + OG),013000,13 MARATHI ,45,18,27,0,0,0,45,18,27
C0116,28,548,802976,Mangalagiri (M + OG),013071, Marathi,45,18,27,0,0,0,45,18,27
C0116,28,548,802976,Mangalagiri (M + OG),014000,14 NEPALI ,8,5,3,0,0,0,8,5,3
C0116,28,548,802976,Mangalagiri (M + OG),014011, Nepali,8,5,3,0,0,0,8,5,3
C0116,28,548,802976,Mangalagiri (M + OG),015000,15 ODIA ,42,18,24,0,0,0,42,18,24
C0116,28,548,802976,Mangalagiri (M + OG),015043, Odia,34,14,20,0,0,0,34,14,20
C0116,28,548,802976,Mangalagiri (M + OG),015055, Relli,8,4,4,0,0,0,8,4,4
C0116,28,548,802976,Mangalagiri (M + OG),016000,16 PUNJABI ,4,4,0,0,0,0,4,4,0
C0116,28,548,802976,Mangalagiri (M + OG),016038, Punjabi,4,4,0,0,0,0,4,4,0
C0116,28,548,802976,Mangalagiri (M + OG),017000,17 SANSKRIT ,6,3,3,0,0,0,6,3,3
C0116,28,548,802976,Mangalagiri (M + OG),017002, Sanskrit,6,3,3,0,0,0,6,3,3
C0116,28,548,802976,Mangalagiri (M + OG),020000,20 TAMIL ,142,71,71,0,0,0,142,71,71
C0116,28,548,802976,Mangalagiri (M + OG),020027, Tamil,106,55,51,0,0,0,106,55,51
C0116,28,548,802976,Mangalagiri (M + OG),020029, Yerukala/Yerukula,36,16,20,0,0,0,36,16,20
C0116,28,548,802976,Mangalagiri (M + OG),021000,21 TELUGU ,93624,46531,47093,0,0,0,93624,46531,47093
C0116,28,548,802976,Mangalagiri (M + OG),021046, Telugu,93624,46531,47093,0,0,0,93624,46531,47093
C0116,28,548,802976,Mangalagiri (M + OG),022000,22 URDU,12784,6364,6420,0,0,0,12784,6364,6420
C0116,28,548,802976,Mangalagiri (M + OG),022015, Urdu,12784,6364,6420,0,0,0,12784,6364,6420
C0116,28,548,802976,Mangalagiri (M + OG),040000,40 ENGLISH ,8,4,4,0,0,0,8,4,4
C0116,28,548,802976,Mangalagiri (M + OG),040001, English,8,4,4,0,0,0,8,4,4
C0116,28,548,802976,Mangalagiri (M + OG),069000,69 KOYA ,6,2,4,0,0,0,6,2,4
C0116,28,548,802976,Mangalagiri (M + OG),069002, Koya,6,2,4,0,0,0,6,2,4
C0116,28,548,802977,Sattenapalle (M),006000,6 HINDI ,866,413,453,0,0,0,866,413,453
C0116,28,548,802977,Sattenapalle (M),006240, Hindi,96,47,49,0,0,0,96,47,49
C0116,28,548,802977,Sattenapalle (M),006353, Lamani/Lambadi,742,356,386,0,0,0,742,356,386
C0116,28,548,802977,Sattenapalle (M),006541, Sugali,28,10,18,0,0,0,28,10,18
C0116,28,548,802977,Sattenapalle (M),007000,7 KANNADA,3,2,1,0,0,0,3,2,1
C0116,28,548,802977,Sattenapalle (M),007016, Kannada,3,2,1,0,0,0,3,2,1
C0116,28,548,802977,Sattenapalle (M),011000,11 MALAYALAM,21,11,10,0,0,0,21,11,10
C0116,28,548,802977,Sattenapalle (M),011016, Malayalam,21,11,10,0,0,0,21,11,10
C0116,28,548,802977,Sattenapalle (M),013000,13 MARATHI ,9,4,5,0,0,0,9,4,5
C0116,28,548,802977,Sattenapalle (M),013071, Marathi,9,4,5,0,0,0,9,4,5
C0116,28,548,802977,Sattenapalle (M),014000,14 NEPALI ,10,6,4,0,0,0,10,6,4
C0116,28,548,802977,Sattenapalle (M),014011, Nepali,10,6,4,0,0,0,10,6,4
C0116,28,548,802977,Sattenapalle (M),020000,20 TAMIL ,93,56,37,0,0,0,93,56,37
C0116,28,548,802977,Sattenapalle (M),020027, Tamil,67,41,26,0,0,0,67,41,26
C0116,28,548,802977,Sattenapalle (M),020029, Yerukala/Yerukula,26,15,11,0,0,0,26,15,11
C0116,28,548,802977,Sattenapalle (M),021000,21 TELUGU ,46059,22954,23105,0,0,0,46059,22954,23105
C0116,28,548,802977,Sattenapalle (M),021046, Telugu,46059,22954,23105,0,0,0,46059,22954,23105
C0116,28,548,802977,Sattenapalle (M),022000,22 URDU,9657,4902,4755,0,0,0,9657,4902,4755
C0116,28,548,802977,Sattenapalle (M),022015, Urdu,9657,4902,4755,0,0,0,9657,4902,4755
C0116,28,548,802977,Sattenapalle (M),040000,40 ENGLISH ,3,2,1,0,0,0,3,2,1
C0116,28,548,802977,Sattenapalle (M),040001, English,3,2,1,0,0,0,3,2,1
C0116,28,548,802978,Vinukonda (M + OG),002000,2 BENGALI ,7,5,2,0,0,0,7,5,2
C0116,28,548,802978,Vinukonda (M + OG),002007, Bengali,7,5,2,0,0,0,7,5,2
C0116,28,548,802978,Vinukonda (M + OG),005000,5 GUJARATI,16,8,8,0,0,0,16,8,8
C0116,28,548,802978,Vinukonda (M + OG),005018, Gujarati,16,8,8,0,0,0,16,8,8
C0116,28,548,802978,Vinukonda (M + OG),006000,6 HINDI ,396,214,182,0,0,0,396,214,182
C0116,28,548,802978,Vinukonda (M + OG),006240, Hindi,106,60,46,0,0,0,106,60,46
C0116,28,548,802978,Vinukonda (M + OG),006353, Lamani/Lambadi,63,32,31,0,0,0,63,32,31
C0116,28,548,802978,Vinukonda (M + OG),006541, Sugali,227,122,105,0,0,0,227,122,105
C0116,28,548,802978,Vinukonda (M + OG),007000,7 KANNADA,3,2,1,0,0,0,3,2,1
C0116,28,548,802978,Vinukonda (M + OG),007016, Kannada,3,2,1,0,0,0,3,2,1
C0116,28,548,802978,Vinukonda (M + OG),011000,11 MALAYALAM,10,7,3,0,0,0,10,7,3
C0116,28,548,802978,Vinukonda (M + OG),011016, Malayalam,10,7,3,0,0,0,10,7,3
C0116,28,548,802978,Vinukonda (M + OG),013000,13 MARATHI ,29,14,15,0,0,0,29,14,15
C0116,28,548,802978,Vinukonda (M + OG),013071, Marathi,29,14,15,0,0,0,29,14,15
C0116,28,548,802978,Vinukonda (M + OG),014000,14 NEPALI ,18,9,9,0,0,0,18,9,9
C0116,28,548,802978,Vinukonda (M + OG),014011, Nepali,18,9,9,0,0,0,18,9,9
C0116,28,548,802978,Vinukonda (M + OG),015000,15 ODIA ,7,3,4,0,0,0,7,3,4
C0116,28,548,802978,Vinukonda (M + OG),015043, Odia,7,3,4,0,0,0,7,3,4
C0116,28,548,802978,Vinukonda (M + OG),016000,16 PUNJABI ,4,3,1,0,0,0,4,3,1
C0116,28,548,802978,Vinukonda (M + OG),016038, Punjabi,4,3,1,0,0,0,4,3,1
C0116,28,548,802978,Vinukonda (M + OG),020000,20 TAMIL ,78,43,35,0,0,0,78,43,35
C0116,28,548,802978,Vinukonda (M + OG),020027, Tamil,68,38,30,0,0,0,68,38,30
C0116,28,548,802978,Vinukonda (M + OG),020029, Yerukala/Yerukula,10,5,5,0,0,0,10,5,5
C0116,28,548,802978,Vinukonda (M + OG),021000,21 TELUGU ,48756,24619,24137,0,0,0,48756,24619,24137
C0116,28,548,802978,Vinukonda (M + OG),021046, Telugu,48752,24616,24136,0,0,0,48752,24616,24136
C0116,28,548,802978,Vinukonda (M + OG),021999,21 Others,4,3,1,0,0,0,4,3,1
C0116,28,548,802978,Vinukonda (M + OG),022000,22 URDU,13224,6639,6585,0,0,0,13224,6639,6585
C0116,28,548,802978,Vinukonda (M + OG),022015, Urdu,13224,6639,6585,0,0,0,13224,6639,6585
C0116,28,548,802978,Vinukonda (M + OG),040000,40 ENGLISH ,2,0,2,0,0,0,2,0,2
C0116,28,548,802978,Vinukonda (M + OG),040001, English,2,0,2,0,0,0,2,0,2
C0116,28,548,802979,Narasaraopet (M + OG),002000,2 BENGALI ,21,11,10,0,0,0,21,11,10
C0116,28,548,802979,Narasaraopet (M + OG),002007, Bengali,21,11,10,0,0,0,21,11,10
C0116,28,548,802979,Narasaraopet (M + OG),005000,5 GUJARATI,34,16,18,0,0,0,34,16,18
C0116,28,548,802979,Narasaraopet (M + OG),005018, Gujarati,34,16,18,0,0,0,34,16,18
C0116,28,548,802979,Narasaraopet (M + OG),006000,6 HINDI ,448,233,215,0,0,0,448,233,215
C0116,28,548,802979,Narasaraopet (M + OG),006066, Banjari,6,3,3,0,0,0,6,3,3
C0116,28,548,802979,Narasaraopet (M + OG),006240, Hindi,284,150,134,0,0,0,284,150,134
C0116,28,548,802979,Narasaraopet (M + OG),006353, Lamani/Lambadi,92,46,46,0,0,0,92,46,46
C0116,28,548,802979,Narasaraopet (M + OG),006400, Marwari,11,4,7,0,0,0,11,4,7
C0116,28,548,802979,Narasaraopet (M + OG),006489, Rajasthani,15,6,9,0,0,0,15,6,9
C0116,28,548,802979,Narasaraopet (M + OG),006541, Sugali,40,24,16,0,0,0,40,24,16
C0116,28,548,802979,Narasaraopet (M + OG),007000,7 KANNADA,33,17,16,0,0,0,33,17,16
C0116,28,548,802979,Narasaraopet (M + OG),007016, Kannada,33,17,16,0,0,0,33,17,16
C0116,28,548,802979,Narasaraopet (M + OG),009000,9 KONKANI,3,2,1,0,0,0,3,2,1
C0116,28,548,802979,Narasaraopet (M + OG),009011, Konkani,3,2,1,0,0,0,3,2,1
C0116,28,548,802979,Narasaraopet (M + OG),010000,10 MAITHILI ,17,11,6,0,0,0,17,11,6
C0116,28,548,802979,Narasaraopet (M + OG),010008, Maithili,17,11,6,0,0,0,17,11,6
C0116,28,548,802979,Narasaraopet (M + OG),011000,11 MALAYALAM,31,20,11,0,0,0,31,20,11
C0116,28,548,802979,Narasaraopet (M + OG),011016, Malayalam,31,20,11,0,0,0,31,20,11
C0116,28,548,802979,Narasaraopet (M + OG),013000,13 MARATHI ,39,23,16,0,0,0,39,23,16
C0116,28,548,802979,Narasaraopet (M + OG),013071, Marathi,39,23,16,0,0,0,39,23,16
C0116,28,548,802979,Narasaraopet (M + OG),014000,14 NEPALI ,18,15,3,0,0,0,18,15,3
C0116,28,548,802979,Narasaraopet (M + OG),014011, Nepali,18,15,3,0,0,0,18,15,3
C0116,28,548,802979,Narasaraopet (M + OG),015000,15 ODIA ,90,47,43,0,0,0,90,47,43
C0116,28,548,802979,Narasaraopet (M + OG),015043, Odia,75,40,35,0,0,0,75,40,35
C0116,28,548,802979,Narasaraopet (M + OG),015999,15 Others,15,7,8,0,0,0,15,7,8
C0116,28,548,802979,Narasaraopet (M + OG),017000,17 SANSKRIT ,11,6,5,0,0,0,11,6,5
C0116,28,548,802979,Narasaraopet (M + OG),017002, Sanskrit,11,6,5,0,0,0,11,6,5
C0116,28,548,802979,Narasaraopet (M + OG),019000,19 SINDHI,18,9,9,0,0,0,18,9,9
C0116,28,548,802979,Narasaraopet (M + OG),019014, Sindhi,18,9,9,0,0,0,18,9,9
C0116,28,548,802979,Narasaraopet (M + OG),020000,20 TAMIL ,293,147,146,0,0,0,293,147,146
C0116,28,548,802979,Narasaraopet (M + OG),020027, Tamil,134,69,65,0,0,0,134,69,65
C0116,28,548,802979,Narasaraopet (M + OG),020029, Yerukala/Yerukula,159,78,81,0,0,0,159,78,81
C0116,28,548,802979,Narasaraopet (M + OG),021000,21 TELUGU ,91434,46373,45061,0,0,0,91434,46373,45061
C0116,28,548,802979,Narasaraopet (M + OG),021046, Telugu,91429,46370,45059,0,0,0,91429,46370,45059
C0116,28,548,802979,Narasaraopet (M + OG),021999,21 Others,5,3,2,0,0,0,5,3,2
C0116,28,548,802979,Narasaraopet (M + OG),022000,22 URDU,24986,12486,12500,0,0,0,24986,12486,12500
C0116,28,548,802979,Narasaraopet (M + OG),022015, Urdu,24986,12486,12500,0,0,0,24986,12486,12500
C0116,28,548,802979,Narasaraopet (M + OG),027000,27 AO ,3,2,1,0,0,0,3,2,1
C0116,28,548,802979,Narasaraopet (M + OG),027003, Chungli,3,2,1,0,0,0,3,2,1
C0116,28,548,802979,Narasaraopet (M + OG),028000,28 ARABIC/ARBI ,4,2,2,0,0,0,4,2,2
C0116,28,548,802979,Narasaraopet (M + OG),028001, Arabic/Arbi,4,2,2,0,0,0,4,2,2
C0116,28,548,802979,Narasaraopet (M + OG),040000,40 ENGLISH ,4,2,2,0,0,0,4,2,2
C0116,28,548,802979,Narasaraopet (M + OG),040001, English,4,2,2,0,0,0,4,2,2
C0116,28,548,802979,Narasaraopet (M + OG),124000,124 OTHERS,2,2,0,0,0,0,2,2,0
C0116,28,548,802980,Chilakaluripet (M),002000,2 BENGALI ,7,2,5,0,0,0,7,2,5
C0116,28,548,802980,Chilakaluripet (M),002007, Bengali,7,2,5,0,0,0,7,2,5
C0116,28,548,802980,Chilakaluripet (M),005000,5 GUJARATI,4,2,2,0,0,0,4,2,2
C0116,28,548,802980,Chilakaluripet (M),005018, Gujarati,4,2,2,0,0,0,4,2,2
C0116,28,548,802980,Chilakaluripet (M),006000,6 HINDI ,2114,1064,1050,0,0,0,2114,1064,1050
C0116,28,548,802980,Chilakaluripet (M),006066, Banjari,347,172,175,0,0,0,347,172,175
C0116,28,548,802980,Chilakaluripet (M),006240, Hindi,125,72,53,0,0,0,125,72,53
C0116,28,548,802980,Chilakaluripet (M),006353, Lamani/Lambadi,36,19,17,0,0,0,36,19,17
C0116,28,548,802980,Chilakaluripet (M),006400, Marwari,10,5,5,0,0,0,10,5,5
C0116,28,548,802980,Chilakaluripet (M),006489, Rajasthani,41,23,18,0,0,0,41,23,18
C0116,28,548,802980,Chilakaluripet (M),006541, Sugali,1555,773,782,0,0,0,1555,773,782
C0116,28,548,802980,Chilakaluripet (M),007000,7 KANNADA,12,6,6,0,0,0,12,6,6
C0116,28,548,802980,Chilakaluripet (M),007016, Kannada,12,6,6,0,0,0,12,6,6
C0116,28,548,802980,Chilakaluripet (M),011000,11 MALAYALAM,7,2,5,0,0,0,7,2,5
C0116,28,548,802980,Chilakaluripet (M),011016, Malayalam,7,2,5,0,0,0,7,2,5
C0116,28,548,802980,Chilakaluripet (M),013000,13 MARATHI ,51,25,26,0,0,0,51,25,26
C0116,28,548,802980,Chilakaluripet (M),013071, Marathi,51,25,26,0,0,0,51,25,26
C0116,28,548,802980,Chilakaluripet (M),014000,14 NEPALI ,11,10,1,0,0,0,11,10,1
C0116,28,548,802980,Chilakaluripet (M),014011, Nepali,11,10,1,0,0,0,11,10,1
C0116,28,548,802980,Chilakaluripet (M),015000,15 ODIA ,26,14,12,0,0,0,26,14,12
C0116,28,548,802980,Chilakaluripet (M),015043, Odia,20,13,7,0,0,0,20,13,7
C0116,28,548,802980,Chilakaluripet (M),015055, Relli,6,1,5,0,0,0,6,1,5
C0116,28,548,802980,Chilakaluripet (M),016000,16 PUNJABI ,1,0,1,0,0,0,1,0,1
C0116,28,548,802980,Chilakaluripet (M),016038, Punjabi,1,0,1,0,0,0,1,0,1
C0116,28,548,802980,Chilakaluripet (M),020000,20 TAMIL ,403,201,202,0,0,0,403,201,202
C0116,28,548,802980,Chilakaluripet (M),020027, Tamil,112,60,52,0,0,0,112,60,52
C0116,28,548,802980,Chilakaluripet (M),020029, Yerukala/Yerukula,290,140,150,0,0,0,290,140,150
C0116,28,548,802980,Chilakaluripet (M),020999,20 Others,1,1,0,0,0,0,1,1,0
C0116,28,548,802980,Chilakaluripet (M),021000,21 TELUGU ,75665,37402,38263,0,0,0,75665,37402,38263
C0116,28,548,802980,Chilakaluripet (M),021046, Telugu,75665,37402,38263,0,0,0,75665,37402,38263
C0116,28,548,802980,Chilakaluripet (M),022000,22 URDU,23090,11476,11614,0,0,0,23090,11476,11614
C0116,28,548,802980,Chilakaluripet (M),022015, Urdu,23090,11476,11614,0,0,0,23090,11476,11614
C0116,28,548,802980,Chilakaluripet (M),040000,40 ENGLISH ,7,3,4,0,0,0,7,3,4
C0116,28,548,802980,Chilakaluripet (M),040001, English,7,3,4,0,0,0,7,3,4
C0116,28,548,802981,Guntur (M Corp. + OG),001000,1 ASSAMESE,4,1,3,0,0,0,4,1,3
C0116,28,548,802981,Guntur (M Corp. + OG),001002, Assamese,4,1,3,0,0,0,4,1,3
C0116,28,548,802981,Guntur (M Corp. + OG),002000,2 BENGALI ,319,201,118,0,0,0,319,201,118
C0116,28,548,802981,Guntur (M Corp. + OG),002007, Bengali,319,201,118,0,0,0,319,201,118
C0116,28,548,802981,Guntur (M Corp. + OG),004000,4 DOGRI ,2,1,1,0,0,0,2,1,1
C0116,28,548,802981,Guntur (M Corp. + OG),004001, Dogri,2,1,1,0,0,0,2,1,1
C0116,28,548,802981,Guntur (M Corp. + OG),005000,5 GUJARATI,116,55,61,0,0,0,116,55,61
C0116,28,548,802981,Guntur (M Corp. + OG),005018, Gujarati,83,42,41,0,0,0,83,42,41
C0116,28,548,802981,Guntur (M Corp. + OG),005057, Saurashtra/Saurashtri,9,4,5,0,0,0,9,4,5
C0116,28,548,802981,Guntur (M Corp. + OG),005999,5 Others,24,9,15,0,0,0,24,9,15
C0116,28,548,802981,Guntur (M Corp. + OG),006000,6 HINDI ,8349,4322,4027,0,0,0,8349,4322,4027
C0116,28,548,802981,Guntur (M Corp. + OG),006066, Banjari,294,146,148,0,0,0,294,146,148
C0116,28,548,802981,Guntur (M Corp. + OG),006102, Bhojpuri,12,9,3,0,0,0,12,9,3
C0116,28,548,802981,Guntur (M Corp. + OG),006240, Hindi,4105,2158,1947,0,0,0,4105,2158,1947
C0116,28,548,802981,Guntur (M Corp. + OG),006353, Lamani/Lambadi,1777,918,859,0,0,0,1777,918,859
C0116,28,548,802981,Guntur (M Corp. + OG),006400, Marwari,1433,721,712,0,0,0,1433,721,712
C0116,28,548,802981,Guntur (M Corp. + OG),006489, Rajasthani,391,195,196,0,0,0,391,195,196
C0116,28,548,802981,Guntur (M Corp. + OG),006541, Sugali,289,148,141,0,0,0,289,148,141
C0116,28,548,802981,Guntur (M Corp. + OG),006999,6 Others,48,27,21,0,0,0,48,27,21
C0116,28,548,802981,Guntur (M Corp. + OG),007000,7 KANNADA,231,127,104,0,0,0,231,127,104
C0116,28,548,802981,Guntur (M Corp. + OG),007016, Kannada,230,127,103,0,0,0,230,127,103
C0116,28,548,802981,Guntur (M Corp. + OG),007999,7 Others,1,0,1,0,0,0,1,0,1
C0116,28,548,802981,Guntur (M Corp. + OG),009000,9 KONKANI,1,1,0,0,0,0,1,1,0
C0116,28,548,802981,Guntur (M Corp. + OG),009011, Konkani,1,1,0,0,0,0,1,1,0
C0116,28,548,802981,Guntur (M Corp. + OG),010000,10 MAITHILI ,4,3,1,0,0,0,4,3,1
C0116,28,548,802981,Guntur (M Corp. + OG),010008, Maithili,4,3,1,0,0,0,4,3,1
C0116,28,548,802981,Guntur (M Corp. + OG),011000,11 MALAYALAM,783,244,539,0,0,0,783,244,539
C0116,28,548,802981,Guntur (M Corp. + OG),011016, Malayalam,783,244,539,0,0,0,783,244,539
C0116,28,548,802981,Guntur (M Corp. + OG),012000,12 MANIPURI ,73,5,68,0,0,0,73,5,68
C0116,28,548,802981,Guntur (M Corp. + OG),012003, Manipuri,73,5,68,0,0,0,73,5,68
C0116,28,548,802981,Guntur (M Corp. + OG),013000,13 MARATHI ,433,217,216,0,0,0,433,217,216
C0116,28,548,802981,Guntur (M Corp. + OG),013071, Marathi,433,217,216,0,0,0,433,217,216
C0116,28,548,802981,Guntur (M Corp. + OG),014000,14 NEPALI ,141,84,57,0,0,0,141,84,57
C0116,28,548,802981,Guntur (M Corp. + OG),014011, Nepali,141,84,57,0,0,0,141,84,57
C0116,28,548,802981,Guntur (M Corp. + OG),015000,15 ODIA ,2113,1152,961,0,0,0,2113,1152,961
C0116,28,548,802981,Guntur (M Corp. + OG),015043, Odia,1684,942,742,0,0,0,1684,942,742
C0116,28,548,802981,Guntur (M Corp. + OG),015055, Relli,429,210,219,0,0,0,429,210,219
C0116,28,548,802981,Guntur (M Corp. + OG),016000,16 PUNJABI ,77,43,34,0,0,0,77,43,34
C0116,28,548,802981,Guntur (M Corp. + OG),016038, Punjabi,77,43,34,0,0,0,77,43,34
C0116,28,548,802981,Guntur (M Corp. + OG),017000,17 SANSKRIT ,14,8,6,0,0,0,14,8,6
C0116,28,548,802981,Guntur (M Corp. + OG),017002, Sanskrit,14,8,6,0,0,0,14,8,6
C0116,28,548,802981,Guntur (M Corp. + OG),018000,18 SANTALI ,4,2,2,0,0,0,4,2,2
C0116,28,548,802981,Guntur (M Corp. + OG),018040, Santali,4,2,2,0,0,0,4,2,2
C0116,28,548,802981,Guntur (M Corp. + OG),019000,19 SINDHI,34,20,14,0,0,0,34,20,14
C0116,28,548,802981,Guntur (M Corp. + OG),019008, Kachchhi,4,2,2,0,0,0,4,2,2
C0116,28,548,802981,Guntur (M Corp. + OG),019014, Sindhi,30,18,12,0,0,0,30,18,12
C0116,28,548,802981,Guntur (M Corp. + OG),020000,20 TAMIL ,1623,828,795,0,0,0,1623,828,795
C0116,28,548,802981,Guntur (M Corp. + OG),020027, Tamil,1346,695,651,0,0,0,1346,695,651
C0116,28,548,802981,Guntur (M Corp. + OG),020029, Yerukala/Yerukula,263,125,138,0,0,0,263,125,138
C0116,28,548,802981,Guntur (M Corp. + OG),020999,20 Others,14,8,6,0,0,0,14,8,6
C0116,28,548,802981,Guntur (M Corp. + OG),021000,21 TELUGU ,545928,269116,276812,0,0,0,545928,269116,276812
C0116,28,548,802981,Guntur (M Corp. + OG),021046, Telugu,545880,269090,276790,0,0,0,545880,269090,276790
C0116,28,548,802981,Guntur (M Corp. + OG),021999,21 Others,48,26,22,0,0,0,48,26,22
C0116,28,548,802981,Guntur (M Corp. + OG),022000,22 URDU,109574,54870,54704,0,0,0,109574,54870,54704
C0116,28,548,802981,Guntur (M Corp. + OG),022015, Urdu,109507,54838,54669,0,0,0,109507,54838,54669
C0116,28,548,802981,Guntur (M Corp. + OG),022999,22 Others,67,32,35,0,0,0,67,32,35
C0116,28,548,802981,Guntur (M Corp. + OG),028000,28 ARABIC/ARBI ,11,4,7,0,0,0,11,4,7
C0116,28,548,802981,Guntur (M Corp. + OG),028001, Arabic/Arbi,11,4,7,0,0,0,11,4,7
C0116,28,548,802981,Guntur (M Corp. + OG),030000,30 BHILI/BHILODI ,5,2,3,0,0,0,5,2,3
C0116,28,548,802981,Guntur (M Corp. + OG),030035, Kokna/Kokni/Kukna,5,2,3,0,0,0,5,2,3
C0116,28,548,802981,Guntur (M Corp. + OG),037000,37 COORGI/KODAGU ,4,1,3,0,0,0,4,1,3
C0116,28,548,802981,Guntur (M Corp. + OG),037001, Coorgi/Kodagu,4,1,3,0,0,0,4,1,3
C0116,28,548,802981,Guntur (M Corp. + OG),040000,40 ENGLISH ,119,58,61,0,0,0,119,58,61
C0116,28,548,802981,Guntur (M Corp. + OG),040001, English,119,58,61,0,0,0,119,58,61
C0116,28,548,802981,Guntur (M Corp. + OG),044000,44 GONDI,1,0,1,0,0,0,1,0,1
C0116,28,548,802981,Guntur (M Corp. + OG),044007, Gondi,1,0,1,0,0,0,1,0,1
C0116,28,548,802981,Guntur (M Corp. + OG),058000,58 KHOND/KONDH ,1,0,1,0,0,0,1,0,1
C0116,28,548,802981,Guntur (M Corp. + OG),058006, Kuvi,1,0,1,0,0,0,1,0,1
C0116,28,548,802981,Guntur (M Corp. + OG),069000,69 KOYA ,22,11,11,0,0,0,22,11,11
C0116,28,548,802981,Guntur (M Corp. + OG),069002, Koya,22,11,11,0,0,0,22,11,11
C0116,28,548,802981,Guntur (M Corp. + OG),076000,76 LAKHER,3,3,0,0,0,0,3,3,0
C0116,28,548,802981,Guntur (M Corp. + OG),076002, Mara,3,3,0,0,0,0,3,3,0
C0116,28,548,802981,Guntur (M Corp. + OG),082000,82 LUSHAI/MIZO ,20,20,0,0,0,0,20,20,0
C0116,28,548,802981,Guntur (M Corp. + OG),082005, Lushai/Mizo,20,20,0,0,0,0,20,20,0
C0116,28,548,802981,Guntur (M Corp. + OG),106000,106 SAVARA,5,3,2,0,0,0,5,3,2
C0116,28,548,802981,Guntur (M Corp. + OG),106004, Savara,5,3,2,0,0,0,5,3,2
C0116,28,548,802981,Guntur (M Corp. + OG),116000,116 TRIPURI ,1,0,1,0,0,0,1,0,1
C0116,28,548,802981,Guntur (M Corp. + OG),116011, Reang,1,0,1,0,0,0,1,0,1
C0116,28,548,802981,Guntur (M Corp. + OG),124000,124 OTHERS,58,33,25,0,0,0,58,33,25
C0116,28,548,802982,Tenali (M),002000,2 BENGALI ,131,81,50,0,0,0,131,81,50
C0116,28,548,802982,Tenali (M),002007, Bengali,131,81,50,0,0,0,131,81,50
C0116,28,548,802982,Tenali (M),005000,5 GUJARATI,9,4,5,0,0,0,9,4,5
C0116,28,548,802982,Tenali (M),005018, Gujarati,5,3,2,0,0,0,5,3,2
C0116,28,548,802982,Tenali (M),005999,5 Others,4,1,3,0,0,0,4,1,3
C0116,28,548,802982,Tenali (M),006000,6 HINDI ,1786,953,833,0,0,0,1786,953,833
C0116,28,548,802982,Tenali (M),006240, Hindi,825,450,375,0,0,0,825,450,375
C0116,28,548,802982,Tenali (M),006353, Lamani/Lambadi,248,135,113,0,0,0,248,135,113
C0116,28,548,802982,Tenali (M),006400, Marwari,160,83,77,0,0,0,160,83,77
C0116,28,548,802982,Tenali (M),006489, Rajasthani,15,9,6,0,0,0,15,9,6
C0116,28,548,802982,Tenali (M),006541, Sugali,538,276,262,0,0,0,538,276,262
C0116,28,548,802982,Tenali (M),007000,7 KANNADA,29,16,13,0,0,0,29,16,13
C0116,28,548,802982,Tenali (M),007016, Kannada,29,16,13,0,0,0,29,16,13
C0116,28,548,802982,Tenali (M),011000,11 MALAYALAM,71,31,40,0,0,0,71,31,40
C0116,28,548,802982,Tenali (M),011016, Malayalam,71,31,40,0,0,0,71,31,40
C0116,28,548,802982,Tenali (M),013000,13 MARATHI ,167,88,79,0,0,0,167,88,79
C0116,28,548,802982,Tenali (M),013071, Marathi,167,88,79,0,0,0,167,88,79
C0116,28,548,802982,Tenali (M),014000,14 NEPALI ,27,15,12,0,0,0,27,15,12
C0116,28,548,802982,Tenali (M),014011, Nepali,27,15,12,0,0,0,27,15,12
C0116,28,548,802982,Tenali (M),015000,15 ODIA ,111,55,56,0,0,0,111,55,56
C0116,28,548,802982,Tenali (M),015043, Odia,23,11,12,0,0,0,23,11,12
C0116,28,548,802982,Tenali (M),015055, Relli,88,44,44,0,0,0,88,44,44
C0116,28,548,802982,Tenali (M),016000,16 PUNJABI ,4,1,3,0,0,0,4,1,3
C0116,28,548,802982,Tenali (M),016038, Punjabi,4,1,3,0,0,0,4,1,3
C0116,28,548,802982,Tenali (M),020000,20 TAMIL ,588,288,300,0,0,0,588,288,300
C0116,28,548,802982,Tenali (M),020027, Tamil,262,129,133,0,0,0,262,129,133
C0116,28,548,802982,Tenali (M),020029, Yerukala/Yerukula,315,155,160,0,0,0,315,155,160
C0116,28,548,802982,Tenali (M),020999,20 Others,11,4,7,0,0,0,11,4,7
C0116,28,548,802982,Tenali (M),021000,21 TELUGU ,142085,69997,72088,0,0,0,142085,69997,72088
C0116,28,548,802982,Tenali (M),021046, Telugu,142068,69990,72078,0,0,0,142068,69990,72078
C0116,28,548,802982,Tenali (M),021999,21 Others,17,7,10,0,0,0,17,7,10
C0116,28,548,802982,Tenali (M),022000,22 URDU,19923,9893,10030,0,0,0,19923,9893,10030
C0116,28,548,802982,Tenali (M),022015, Urdu,19923,9893,10030,0,0,0,19923,9893,10030
C0116,28,548,802982,Tenali (M),028000,28 ARABIC/ARBI ,1,1,0,0,0,0,1,1,0
C0116,28,548,802982,Tenali (M),028001, Arabic/Arbi,1,1,0,0,0,0,1,1,0
C0116,28,548,802982,Tenali (M),040000,40 ENGLISH ,2,1,1,0,0,0,2,1,1
C0116,28,548,802982,Tenali (M),040001, English,2,1,1,0,0,0,2,1,1
C0116,28,548,802982,Tenali (M),071000,71 KUKI,1,1,0,0,0,0,1,1,0
C0116,28,548,802982,Tenali (M),071008, Kuki,1,1,0,0,0,0,1,1,0
C0116,28,548,802982,Tenali (M),124000,124 OTHERS,2,2,0,0,0,0,2,2,0
C0116,28,548,802983,Ponnur (M),002000,2 BENGALI ,11,7,4,0,0,0,11,7,4
C0116,28,548,802983,Ponnur (M),002007, Bengali,11,7,4,0,0,0,11,7,4
C0116,28,548,802983,Ponnur (M),006000,6 HINDI ,180,97,83,0,0,0,180,97,83
C0116,28,548,802983,Ponnur (M),006240, Hindi,107,62,45,0,0,0,107,62,45
C0116,28,548,802983,Ponnur (M),006353, Lamani/Lambadi,43,23,20,0,0,0,43,23,20
C0116,28,548,802983,Ponnur (M),006400, Marwari,6,2,4,0,0,0,6,2,4
C0116,28,548,802983,Ponnur (M),006489, Rajasthani,6,3,3,0,0,0,6,3,3
C0116,28,548,802983,Ponnur (M),006541, Sugali,18,7,11,0,0,0,18,7,11
C0116,28,548,802983,Ponnur (M),007000,7 KANNADA,7,4,3,0,0,0,7,4,3
C0116,28,548,802983,Ponnur (M),007016, Kannada,7,4,3,0,0,0,7,4,3
C0116,28,548,802983,Ponnur (M),011000,11 MALAYALAM,26,9,17,0,0,0,26,9,17
C0116,28,548,802983,Ponnur (M),011016, Malayalam,26,9,17,0,0,0,26,9,17
C0116,28,548,802983,Ponnur (M),013000,13 MARATHI ,32,16,16,0,0,0,32,16,16
C0116,28,548,802983,Ponnur (M),013071, Marathi,32,16,16,0,0,0,32,16,16
C0116,28,548,802983,Ponnur (M),014000,14 NEPALI ,4,4,0,0,0,0,4,4,0
C0116,28,548,802983,Ponnur (M),014011, Nepali,4,4,0,0,0,0,4,4,0
C0116,28,548,802983,Ponnur (M),015000,15 ODIA ,5,3,2,0,0,0,5,3,2
C0116,28,548,802983,Ponnur (M),015043, Odia,5,3,2,0,0,0,5,3,2
C0116,28,548,802983,Ponnur (M),020000,20 TAMIL ,250,100,150,0,0,0,250,100,150
C0116,28,548,802983,Ponnur (M),020027, Tamil,244,97,147,0,0,0,244,97,147
C0116,28,548,802983,Ponnur (M),020029, Yerukala/Yerukula,6,3,3,0,0,0,6,3,3
C0116,28,548,802983,Ponnur (M),021000,21 TELUGU ,47174,23190,23984,0,0,0,47174,23190,23984
C0116,28,548,802983,Ponnur (M),021046, Telugu,47174,23190,23984,0,0,0,47174,23190,23984
C0116,28,548,802983,Ponnur (M),022000,22 URDU,12221,6056,6165,0,0,0,12221,6056,6165
C0116,28,548,802983,Ponnur (M),022015, Urdu,12221,6056,6165,0,0,0,12221,6056,6165
C0116,28,548,802983,Ponnur (M),040000,40 ENGLISH ,3,0,3,0,0,0,3,0,3
C0116,28,548,802983,Ponnur (M),040001, English,3,0,3,0,0,0,3,0,3
C0116,28,548,802984,Bapatla (M),002000,2 BENGALI ,3,1,2,0,0,0,3,1,2
C0116,28,548,802984,Bapatla (M),002007, Bengali,3,1,2,0,0,0,3,1,2
C0116,28,548,802984,Bapatla (M),005000,5 GUJARATI,21,14,7,0,0,0,21,14,7
C0116,28,548,802984,Bapatla (M),005018, Gujarati,21,14,7,0,0,0,21,14,7
C0116,28,548,802984,Bapatla (M),006000,6 HINDI ,190,127,63,0,0,0,190,127,63
C0116,28,548,802984,Bapatla (M),006240, Hindi,171,116,55,0,0,0,171,116,55
C0116,28,548,802984,Bapatla (M),006353, Lamani/Lambadi,13,7,6,0,0,0,13,7,6
C0116,28,548,802984,Bapatla (M),006489, Rajasthani,5,4,1,0,0,0,5,4,1
C0116,28,548,802984,Bapatla (M),006999,6 Others,1,0,1,0,0,0,1,0,1
C0116,28,548,802984,Bapatla (M),007000,7 KANNADA,6,4,2,0,0,0,6,4,2
C0116,28,548,802984,Bapatla (M),007016, Kannada,6,4,2,0,0,0,6,4,2
C0116,28,548,802984,Bapatla (M),010000,10 MAITHILI ,1,0,1,0,0,0,1,0,1
C0116,28,548,802984,Bapatla (M),010008, Maithili,1,0,1,0,0,0,1,0,1
C0116,28,548,802984,Bapatla (M),011000,11 MALAYALAM,36,15,21,0,0,0,36,15,21
C0116,28,548,802984,Bapatla (M),011016, Malayalam,36,15,21,0,0,0,36,15,21
C0116,28,548,802984,Bapatla (M),012000,12 MANIPURI ,1,1,0,0,0,0,1,1,0
C0116,28,548,802984,Bapatla (M),012003, Manipuri,1,1,0,0,0,0,1,1,0
C0116,28,548,802984,Bapatla (M),013000,13 MARATHI ,23,11,12,0,0,0,23,11,12
C0116,28,548,802984,Bapatla (M),013071, Marathi,23,11,12,0,0,0,23,11,12
C0116,28,548,802984,Bapatla (M),014000,14 NEPALI ,11,9,2,0,0,0,11,9,2
C0116,28,548,802984,Bapatla (M),014011, Nepali,11,9,2,0,0,0,11,9,2
C0116,28,548,802984,Bapatla (M),015000,15 ODIA ,23,8,15,0,0,0,23,8,15
C0116,28,548,802984,Bapatla (M),015043, Odia,23,8,15,0,0,0,23,8,15
C0116,28,548,802984,Bapatla (M),020000,20 TAMIL ,354,180,174,0,0,0,354,180,174
C0116,28,548,802984,Bapatla (M),020027, Tamil,333,173,160,0,0,0,333,173,160
C0116,28,548,802984,Bapatla (M),020029, Yerukala/Yerukula,3,1,2,0,0,0,3,1,2
C0116,28,548,802984,Bapatla (M),020999,20 Others,18,6,12,0,0,0,18,6,12
C0116,28,548,802984,Bapatla (M),021000,21 TELUGU ,63713,30853,32860,0,0,0,63713,30853,32860
C0116,28,548,802984,Bapatla (M),021046, Telugu,63713,30853,32860,0,0,0,63713,30853,32860
C0116,28,548,802984,Bapatla (M),022000,22 URDU,6379,3154,3225,0,0,0,6379,3154,3225
C0116,28,548,802984,Bapatla (M),022015, Urdu,6379,3154,3225,0,0,0,6379,3154,3225
C0116,28,548,802984,Bapatla (M),040000,40 ENGLISH ,6,4,2,0,0,0,6,4,2
C0116,28,548,802984,Bapatla (M),040001, English,6,4,2,0,0,0,6,4,2
C0116,28,548,802984,Bapatla (M),069000,69 KOYA ,7,4,3,0,0,0,7,4,3
C0116,28,548,802984,Bapatla (M),069002, Koya,7,4,3,0,0,0,7,4,3
C0116,28,548,802984,Bapatla (M),124000,124 OTHERS,3,0,3,0,0,0,3,0,3
C0116,28,548,802985,Repalle (M),002000,2 BENGALI ,5,4,1,0,0,0,5,4,1
C0116,28,548,802985,Repalle (M),002007, Bengali,5,4,1,0,0,0,5,4,1
C0116,28,548,802985,Repalle (M),005000,5 GUJARATI,5,4,1,0,0,0,5,4,1
C0116,28,548,802985,Repalle (M),005018, Gujarati,4,3,1,0,0,0,4,3,1
C0116,28,548,802985,Repalle (M),005999,5 Others,1,1,0,0,0,0,1,1,0
C0116,28,548,802985,Repalle (M),006000,6 HINDI ,72,42,30,0,0,0,72,42,30
C0116,28,548,802985,Repalle (M),006240, Hindi,33,21,12,0,0,0,33,21,12
C0116,28,548,802985,Repalle (M),006353, Lamani/Lambadi,8,5,3,0,0,0,8,5,3
C0116,28,548,802985,Repalle (M),006400, Marwari,10,6,4,0,0,0,10,6,4
C0116,28,548,802985,Repalle (M),006489, Rajasthani,15,7,8,0,0,0,15,7,8
C0116,28,548,802985,Repalle (M),006541, Sugali,6,3,3,0,0,0,6,3,3
C0116,28,548,802985,Repalle (M),007000,7 KANNADA,11,9,2,0,0,0,11,9,2
C0116,28,548,802985,Repalle (M),007016, Kannada,11,9,2,0,0,0,11,9,2
C0116,28,548,802985,Repalle (M),011000,11 MALAYALAM,9,4,5,0,0,0,9,4,5
C0116,28,548,802985,Repalle (M),011016, Malayalam,9,4,5,0,0,0,9,4,5
C0116,28,548,802985,Repalle (M),013000,13 MARATHI ,21,11,10,0,0,0,21,11,10
C0116,28,548,802985,Repalle (M),013071, Marathi,21,11,10,0,0,0,21,11,10
C0116,28,548,802985,Repalle (M),014000,14 NEPALI ,12,7,5,0,0,0,12,7,5
C0116,28,548,802985,Repalle (M),014011, Nepali,12,7,5,0,0,0,12,7,5
C0116,28,548,802985,Repalle (M),017000,17 SANSKRIT ,8,4,4,0,0,0,8,4,4
C0116,28,548,802985,Repalle (M),017002, Sanskrit,8,4,4,0,0,0,8,4,4
C0116,28,548,802985,Repalle (M),020000,20 TAMIL ,271,142,129,0,0,0,271,142,129
C0116,28,548,802985,Repalle (M),020027, Tamil,32,20,12,0,0,0,32,20,12
C0116,28,548,802985,Repalle (M),020029, Yerukala/Yerukula,239,122,117,0,0,0,239,122,117
C0116,28,548,802985,Repalle (M),021000,21 TELUGU ,45823,21857,23966,0,0,0,45823,21857,23966
C0116,28,548,802985,Repalle (M),021046, Telugu,45819,21854,23965,0,0,0,45819,21854,23965
C0116,28,548,802985,Repalle (M),021999,21 Others,4,3,1,0,0,0,4,3,1
C0116,28,548,802985,Repalle (M),022000,22 URDU,4629,2301,2328,0,0,0,4629,2301,2328
C0116,28,548,802985,Repalle (M),022015, Urdu,4629,2301,2328,0,0,0,4629,2301,2328
C0116,28,548,589981,Vaddeswaram (CT),002000,2 BENGALI ,3,2,1,0,0,0,3,2,1
C0116,28,548,589981,Vaddeswaram (CT),002007, Bengali,3,2,1,0,0,0,3,2,1
C0116,28,548,589981,Vaddeswaram (CT),006000,6 HINDI ,45,32,13,0,0,0,45,32,13
C0116,28,548,589981,Vaddeswaram (CT),006102, Bhojpuri,1,1,0,0,0,0,1,1,0
C0116,28,548,589981,Vaddeswaram (CT),006240, Hindi,34,27,7,0,0,0,34,27,7
C0116,28,548,589981,Vaddeswaram (CT),006541, Sugali,10,4,6,0,0,0,10,4,6
C0116,28,548,589981,Vaddeswaram (CT),009000,9 KONKANI,2,2,0,0,0,0,2,2,0
C0116,28,548,589981,Vaddeswaram (CT),009011, Konkani,2,2,0,0,0,0,2,2,0
C0116,28,548,589981,Vaddeswaram (CT),010000,10 MAITHILI ,4,4,0,0,0,0,4,4,0
C0116,28,548,589981,Vaddeswaram (CT),010008, Maithili,4,4,0,0,0,0,4,4,0
C0116,28,548,589981,Vaddeswaram (CT),011000,11 MALAYALAM,6,2,4,0,0,0,6,2,4
C0116,28,548,589981,Vaddeswaram (CT),011016, Malayalam,6,2,4,0,0,0,6,2,4
C0116,28,548,589981,Vaddeswaram (CT),013000,13 MARATHI ,8,5,3,0,0,0,8,5,3
C0116,28,548,589981,Vaddeswaram (CT),013071, Marathi,8,5,3,0,0,0,8,5,3
C0116,28,548,589981,Vaddeswaram (CT),014000,14 NEPALI ,21,21,0,0,0,0,21,21,0
C0116,28,548,589981,Vaddeswaram (CT),014011, Nepali,21,21,0,0,0,0,21,21,0
C0116,28,548,589981,Vaddeswaram (CT),015000,15 ODIA ,13,7,6,0,0,0,13,7,6
C0116,28,548,589981,Vaddeswaram (CT),015043, Odia,13,7,6,0,0,0,13,7,6
C0116,28,548,589981,Vaddeswaram (CT),020000,20 TAMIL ,6,6,0,0,0,0,6,6,0
C0116,28,548,589981,Vaddeswaram (CT),020027, Tamil,3,3,0,0,0,0,3,3,0
C0116,28,548,589981,Vaddeswaram (CT),020029, Yerukala/Yerukula,3,3,0,0,0,0,3,3,0
C0116,28,548,589981,Vaddeswaram (CT),021000,21 TELUGU ,4769,2285,2484,0,0,0,4769,2285,2484
C0116,28,548,589981,Vaddeswaram (CT),021046, Telugu,4769,2285,2484,0,0,0,4769,2285,2484
C0116,28,548,589981,Vaddeswaram (CT),022000,22 URDU,1392,715,677,0,0,0,1392,715,677
C0116,28,548,589981,Vaddeswaram (CT),022015, Urdu,1392,715,677,0,0,0,1392,715,677
C0116,28,548,589981,Vaddeswaram (CT),031000,31 BHOTIA ,1,1,0,0,0,0,1,1,0
C0116,28,548,589981,Vaddeswaram (CT),031999,31 Others,1,1,0,0,0,0,1,1,0
C0116,28,548,589981,Vaddeswaram (CT),040000,40 ENGLISH ,1,1,0,0,0,0,1,1,0
C0116,28,548,589981,Vaddeswaram (CT),040001, English,1,1,0,0,0,0,1,1,0
C0116,28,548,589981,Vaddeswaram (CT),108000,108 SHERPA ,2,2,0,0,0,0,2,2,0
C0116,28,548,589981,Vaddeswaram (CT),108001, Sherpa,2,2,0,0,0,0,2,2,0
C0116,28,548,589981,Vaddeswaram (CT),124000,124 OTHERS,2,2,0,0,0,0,2,2,0
C0116,28,549,000000,Prakasam,001000,1 ASSAMESE,2,0,2,0,0,0,2,0,2
C0116,28,549,000000,Prakasam,001002, Assamese,2,0,2,0,0,0,2,0,2
C0116,28,549,000000,Prakasam,002000,2 BENGALI ,78,40,38,0,0,0,78,40,38
C0116,28,549,000000,Prakasam,002007, Bengali,78,40,38,0,0,0,78,40,38
C0116,28,549,000000,Prakasam,004000,4 DOGRI ,4,3,1,0,0,0,4,3,1
C0116,28,549,000000,Prakasam,004001, Dogri,4,3,1,0,0,0,4,3,1
C0116,28,549,000000,Prakasam,005000,5 GUJARATI,79,42,37,0,0,0,79,42,37
C0116,28,549,000000,Prakasam,005018, Gujarati,72,39,33,0,0,0,72,39,33
C0116,28,549,000000,Prakasam,005999,5 Others,7,3,4,0,0,0,7,3,4
C0116,28,549,000000,Prakasam,006000,6 HINDI ,2164,1165,999,0,0,0,2164,1165,999
C0116,28,549,000000,Prakasam,006066, Banjari,17,13,4,0,0,0,17,13,4
C0116,28,549,000000,Prakasam,006102, Bhojpuri,5,1,4,0,0,0,5,1,4
C0116,28,549,000000,Prakasam,006173, Dhundhari,7,2,5,0,0,0,7,2,5
C0116,28,549,000000,Prakasam,006240, Hindi,1394,773,621,0,0,0,1394,773,621
C0116,28,549,000000,Prakasam,006353, Lamani/Lambadi,369,196,173,0,0,0,369,196,173
C0116,28,549,000000,Prakasam,006400, Marwari,112,74,38,0,0,0,112,74,38
C0116,28,549,000000,Prakasam,006489, Rajasthani,109,69,40,0,0,0,109,69,40
C0116,28,549,000000,Prakasam,006541, Sugali,131,29,102,0,0,0,131,29,102
C0116,28,549,000000,Prakasam,006999,6 Others,20,8,12,0,0,0,20,8,12
C0116,28,549,000000,Prakasam,007000,7 KANNADA,214,111,103,0,0,0,214,111,103
C0116,28,549,000000,Prakasam,007016, Kannada,214,111,103,0,0,0,214,111,103
C0116,28,549,000000,Prakasam,009000,9 KONKANI,2,1,1,0,0,0,2,1,1
C0116,28,549,000000,Prakasam,009011, Konkani,2,1,1,0,0,0,2,1,1
C0116,28,549,000000,Prakasam,011000,11 MALAYALAM,304,116,188,0,0,0,304,116,188
C0116,28,549,000000,Prakasam,011016, Malayalam,300,114,186,0,0,0,300,114,186
C0116,28,549,000000,Prakasam,011026, Yerava,4,2,2,0,0,0,4,2,2
C0116,28,549,000000,Prakasam,012000,12 MANIPURI ,31,0,31,0,0,0,31,0,31
C0116,28,549,000000,Prakasam,012003, Manipuri,31,0,31,0,0,0,31,0,31
C0116,28,549,000000,Prakasam,013000,13 MARATHI ,491,261,230,0,0,0,491,261,230
C0116,28,549,000000,Prakasam,013071, Marathi,491,261,230,0,0,0,491,261,230
C0116,28,549,000000,Prakasam,014000,14 NEPALI ,108,68,40,0,0,0,108,68,40
C0116,28,549,000000,Prakasam,014011, Nepali,108,68,40,0,0,0,108,68,40
C0116,28,549,000000,Prakasam,015000,15 ODIA ,83,44,39,0,0,0,83,44,39
C0116,28,549,000000,Prakasam,015043, Odia,73,38,35,0,0,0,73,38,35
C0116,28,549,000000,Prakasam,015999,15 Others,10,6,4,0,0,0,10,6,4
C0116,28,549,000000,Prakasam,016000,16 PUNJABI ,5,2,3,0,0,0,5,2,3
C0116,28,549,000000,Prakasam,016038, Punjabi,5,2,3,0,0,0,5,2,3
C0116,28,549,000000,Prakasam,017000,17 SANSKRIT ,1,1,0,0,0,0,1,1,0
C0116,28,549,000000,Prakasam,017002, Sanskrit,1,1,0,0,0,0,1,1,0
C0116,28,549,000000,Prakasam,019000,19 SINDHI,8,3,5,0,0,0,8,3,5
C0116,28,549,000000,Prakasam,019014, Sindhi,8,3,5,0,0,0,8,3,5
C0116,28,549,000000,Prakasam,020000,20 TAMIL ,2913,1438,1475,0,0,0,2913,1438,1475
C0116,28,549,000000,Prakasam,020027, Tamil,1932,958,974,0,0,0,1932,958,974
C0116,28,549,000000,Prakasam,020029, Yerukala/Yerukula,980,480,500,0,0,0,980,480,500
C0116,28,549,000000,Prakasam,020999,20 Others,1,0,1,0,0,0,1,0,1
C0116,28,549,000000,Prakasam,021000,21 TELUGU ,575972,287766,288206,0,0,0,575972,287766,288206
C0116,28,549,000000,Prakasam,021046, Telugu,575955,287757,288198,0,0,0,575955,287757,288198
C0116,28,549,000000,Prakasam,021999,21 Others,17,9,8,0,0,0,17,9,8
C0116,28,549,000000,Prakasam,022000,22 URDU,82068,41033,41035,0,0,0,82068,41033,41035
C0116,28,549,000000,Prakasam,022015, Urdu,82053,41025,41028,0,0,0,82053,41025,41028
C0116,28,549,000000,Prakasam,022999,22 Others,15,8,7,0,0,0,15,8,7
C0116,28,549,000000,Prakasam,028000,28 ARABIC/ARBI ,7,4,3,0,0,0,7,4,3
C0116,28,549,000000,Prakasam,028001, Arabic/Arbi,7,4,3,0,0,0,7,4,3
C0116,28,549,000000,Prakasam,040000,40 ENGLISH ,37,19,18,0,0,0,37,19,18
C0116,28,549,000000,Prakasam,040001, English,37,19,18,0,0,0,37,19,18
C0116,28,549,000000,Prakasam,044000,44 GONDI,5,3,2,0,0,0,5,3,2
C0116,28,549,000000,Prakasam,044007, Gondi,5,3,2,0,0,0,5,3,2
C0116,28,549,000000,Prakasam,124000,124 OTHERS,6,3,3,0,0,0,6,3,3
C0116,28,549,802986,Markapur (M),002000,2 BENGALI ,3,2,1,0,0,0,3,2,1
C0116,28,549,802986,Markapur (M),002007, Bengali,3,2,1,0,0,0,3,2,1
C0116,28,549,802986,Markapur (M),005000,5 GUJARATI,1,0,1,0,0,0,1,0,1
C0116,28,549,802986,Markapur (M),005999,5 Others,1,0,1,0,0,0,1,0,1
C0116,28,549,802986,Markapur (M),006000,6 HINDI ,389,173,216,0,0,0,389,173,216
C0116,28,549,802986,Markapur (M),006066, Banjari,2,2,0,0,0,0,2,2,0
C0116,28,549,802986,Markapur (M),006240, Hindi,226,119,107,0,0,0,226,119,107
C0116,28,549,802986,Markapur (M),006353, Lamani/Lambadi,60,32,28,0,0,0,60,32,28
C0116,28,549,802986,Markapur (M),006400, Marwari,15,9,6,0,0,0,15,9,6
C0116,28,549,802986,Markapur (M),006489, Rajasthani,5,3,2,0,0,0,5,3,2
C0116,28,549,802986,Markapur (M),006541, Sugali,69,4,65,0,0,0,69,4,65
C0116,28,549,802986,Markapur (M),006999,6 Others,12,4,8,0,0,0,12,4,8
C0116,28,549,802986,Markapur (M),007000,7 KANNADA,3,2,1,0,0,0,3,2,1
C0116,28,549,802986,Markapur (M),007016, Kannada,3,2,1,0,0,0,3,2,1
C0116,28,549,802986,Markapur (M),009000,9 KONKANI,2,1,1,0,0,0,2,1,1
C0116,28,549,802986,Markapur (M),009011, Konkani,2,1,1,0,0,0,2,1,1
C0116,28,549,802986,Markapur (M),011000,11 MALAYALAM,2,0,2,0,0,0,2,0,2
C0116,28,549,802986,Markapur (M),011016, Malayalam,2,0,2,0,0,0,2,0,2
C0116,28,549,802986,Markapur (M),013000,13 MARATHI ,86,46,40,0,0,0,86,46,40
C0116,28,549,802986,Markapur (M),013071, Marathi,86,46,40,0,0,0,86,46,40
C0116,28,549,802986,Markapur (M),014000,14 NEPALI ,9,5,4,0,0,0,9,5,4
C0116,28,549,802986,Markapur (M),014011, Nepali,9,5,4,0,0,0,9,5,4
C0116,28,549,802986,Markapur (M),015000,15 ODIA ,5,3,2,0,0,0,5,3,2
C0116,28,549,802986,Markapur (M),015999,15 Others,5,3,2,0,0,0,5,3,2
C0116,28,549,802986,Markapur (M),020000,20 TAMIL ,60,32,28,0,0,0,60,32,28
C0116,28,549,802986,Markapur (M),020027, Tamil,46,25,21,0,0,0,46,25,21
C0116,28,549,802986,Markapur (M),020029, Yerukala/Yerukula,14,7,7,0,0,0,14,7,7
C0116,28,549,802986,Markapur (M),021000,21 TELUGU ,58556,29470,29086,0,0,0,58556,29470,29086
C0116,28,549,802986,Markapur (M),021046, Telugu,58554,29469,29085,0,0,0,58554,29469,29085
C0116,28,549,802986,Markapur (M),021999,21 Others,2,1,1,0,0,0,2,1,1
C0116,28,549,802986,Markapur (M),022000,22 URDU,11964,5956,6008,0,0,0,11964,5956,6008
C0116,28,549,802986,Markapur (M),022015, Urdu,11964,5956,6008,0,0,0,11964,5956,6008
C0116,28,549,802986,Markapur (M),040000,40 ENGLISH ,11,5,6,0,0,0,11,5,6
C0116,28,549,802986,Markapur (M),040001, English,11,5,6,0,0,0,11,5,6
C0116,28,549,802986,Markapur (M),124000,124 OTHERS,1,1,0,0,0,0,1,1,0
C0116,28,549,802987,Chirala (M + OG) (Part),002000,2 BENGALI ,8,5,3,0,0,0,8,5,3
C0116,28,549,802987,Chirala (M + OG) (Part),002007, Bengali,8,5,3,0,0,0,8,5,3
C0116,28,549,802987,Chirala (M + OG) (Part),005000,5 GUJARATI,1,1,0,0,0,0,1,1,0
C0116,28,549,802987,Chirala (M + OG) (Part),005999,5 Others,1,1,0,0,0,0,1,1,0
C0116,28,549,802987,Chirala (M + OG) (Part),006000,6 HINDI ,180,112,68,0,0,0,180,112,68
C0116,28,549,802987,Chirala (M + OG) (Part),006240, Hindi,144,90,54,0,0,0,144,90,54
C0116,28,549,802987,Chirala (M + OG) (Part),006353, Lamani/Lambadi,16,9,7,0,0,0,16,9,7
C0116,28,549,802987,Chirala (M + OG) (Part),006400, Marwari,6,4,2,0,0,0,6,4,2
C0116,28,549,802987,Chirala (M + OG) (Part),006489, Rajasthani,11,7,4,0,0,0,11,7,4
C0116,28,549,802987,Chirala (M + OG) (Part),006999,6 Others,3,2,1,0,0,0,3,2,1
C0116,28,549,802987,Chirala (M + OG) (Part),007000,7 KANNADA,12,6,6,0,0,0,12,6,6
C0116,28,549,802987,Chirala (M + OG) (Part),007016, Kannada,12,6,6,0,0,0,12,6,6
C0116,28,549,802987,Chirala (M + OG) (Part),011000,11 MALAYALAM,30,18,12,0,0,0,30,18,12
C0116,28,549,802987,Chirala (M + OG) (Part),011016, Malayalam,30,18,12,0,0,0,30,18,12
C0116,28,549,802987,Chirala (M + OG) (Part),013000,13 MARATHI ,72,43,29,0,0,0,72,43,29
C0116,28,549,802987,Chirala (M + OG) (Part),013071, Marathi,72,43,29,0,0,0,72,43,29
C0116,28,549,802987,Chirala (M + OG) (Part),014000,14 NEPALI ,2,1,1,0,0,0,2,1,1
C0116,28,549,802987,Chirala (M + OG) (Part),014011, Nepali,2,1,1,0,0,0,2,1,1
C0116,28,549,802987,Chirala (M + OG) (Part),015000,15 ODIA ,10,5,5,0,0,0,10,5,5
C0116,28,549,802987,Chirala (M + OG) (Part),015043, Odia,10,5,5,0,0,0,10,5,5
C0116,28,549,802987,Chirala (M + OG) (Part),019000,19 SINDHI,8,3,5,0,0,0,8,3,5
C0116,28,549,802987,Chirala (M + OG) (Part),019014, Sindhi,8,3,5,0,0,0,8,3,5
C0116,28,549,802987,Chirala (M + OG) (Part),020000,20 TAMIL ,676,317,359,0,0,0,676,317,359
C0116,28,549,802987,Chirala (M + OG) (Part),020027, Tamil,377,173,204,0,0,0,377,173,204
C0116,28,549,802987,Chirala (M + OG) (Part),020029, Yerukala/Yerukula,299,144,155,0,0,0,299,144,155
C0116,28,549,802987,Chirala (M + OG) (Part),021000,21 TELUGU ,85866,42203,43663,0,0,0,85866,42203,43663
C0116,28,549,802987,Chirala (M + OG) (Part),021046, Telugu,85866,42203,43663,0,0,0,85866,42203,43663
C0116,28,549,802987,Chirala (M + OG) (Part),022000,22 URDU,6075,3031,3044,0,0,0,6075,3031,3044
C0116,28,549,802987,Chirala (M + OG) (Part),022015, Urdu,6075,3031,3044,0,0,0,6075,3031,3044
C0116,28,549,802987,Chirala (M + OG) (Part),040000,40 ENGLISH ,1,1,0,0,0,0,1,1,0
C0116,28,549,802987,Chirala (M + OG) (Part),040001, English,1,1,0,0,0,0,1,1,0
C0116,28,549,802987,Chirala (M + OG) (Part),124000,124 OTHERS,1,1,0,0,0,0,1,1,0
C0116,28,549,802988,Ongole (M + OG) (Part),001000,1 ASSAMESE,1,0,1,0,0,0,1,0,1
C0116,28,549,802988,Ongole (M + OG) (Part),001002, Assamese,1,0,1,0,0,0,1,0,1
C0116,28,549,802988,Ongole (M + OG) (Part),002000,2 BENGALI ,47,25,22,0,0,0,47,25,22
C0116,28,549,802988,Ongole (M + OG) (Part),002007, Bengali,47,25,22,0,0,0,47,25,22
C0116,28,549,802988,Ongole (M + OG) (Part),004000,4 DOGRI ,4,3,1,0,0,0,4,3,1
C0116,28,549,802988,Ongole (M + OG) (Part),004001, Dogri,4,3,1,0,0,0,4,3,1
C0116,28,549,802988,Ongole (M + OG) (Part),005000,5 GUJARATI,4,2,2,0,0,0,4,2,2
C0116,28,549,802988,Ongole (M + OG) (Part),005999,5 Others,4,2,2,0,0,0,4,2,2
C0116,28,549,802988,Ongole (M + OG) (Part),006000,6 HINDI ,1014,583,431,0,0,0,1014,583,431
C0116,28,549,802988,Ongole (M + OG) (Part),006066, Banjari,15,11,4,0,0,0,15,11,4
C0116,28,549,802988,Ongole (M + OG) (Part),006240, Hindi,648,376,272,0,0,0,648,376,272
C0116,28,549,802988,Ongole (M + OG) (Part),006353, Lamani/Lambadi,282,151,131,0,0,0,282,151,131
C0116,28,549,802988,Ongole (M + OG) (Part),006400, Marwari,48,32,16,0,0,0,48,32,16
C0116,28,549,802988,Ongole (M + OG) (Part),006489, Rajasthani,20,13,7,0,0,0,20,13,7
C0116,28,549,802988,Ongole (M + OG) (Part),006541, Sugali,1,0,1,0,0,0,1,0,1
C0116,28,549,802988,Ongole (M + OG) (Part),007000,7 KANNADA,132,68,64,0,0,0,132,68,64
C0116,28,549,802988,Ongole (M + OG) (Part),007016, Kannada,132,68,64,0,0,0,132,68,64
C0116,28,549,802988,Ongole (M + OG) (Part),011000,11 MALAYALAM,204,64,140,0,0,0,204,64,140
C0116,28,549,802988,Ongole (M + OG) (Part),011016, Malayalam,204,64,140,0,0,0,204,64,140
C0116,28,549,802988,Ongole (M + OG) (Part),012000,12 MANIPURI ,31,0,31,0,0,0,31,0,31
C0116,28,549,802988,Ongole (M + OG) (Part),012003, Manipuri,31,0,31,0,0,0,31,0,31
C0116,28,549,802988,Ongole (M + OG) (Part),013000,13 MARATHI ,174,85,89,0,0,0,174,85,89
C0116,28,549,802988,Ongole (M + OG) (Part),013071, Marathi,174,85,89,0,0,0,174,85,89
C0116,28,549,802988,Ongole (M + OG) (Part),014000,14 NEPALI ,63,38,25,0,0,0,63,38,25
C0116,28,549,802988,Ongole (M + OG) (Part),014011, Nepali,63,38,25,0,0,0,63,38,25
C0116,28,549,802988,Ongole (M + OG) (Part),015000,15 ODIA ,42,23,19,0,0,0,42,23,19
C0116,28,549,802988,Ongole (M + OG) (Part),015043, Odia,42,23,19,0,0,0,42,23,19
C0116,28,549,802988,Ongole (M + OG) (Part),016000,16 PUNJABI ,5,2,3,0,0,0,5,2,3
C0116,28,549,802988,Ongole (M + OG) (Part),016038, Punjabi,5,2,3,0,0,0,5,2,3
C0116,28,549,802988,Ongole (M + OG) (Part),017000,17 SANSKRIT ,1,1,0,0,0,0,1,1,0
C0116,28,549,802988,Ongole (M + OG) (Part),017002, Sanskrit,1,1,0,0,0,0,1,1,0
C0116,28,549,802988,Ongole (M + OG) (Part),020000,20 TAMIL ,979,484,495,0,0,0,979,484,495
C0116,28,549,802988,Ongole (M + OG) (Part),020027, Tamil,752,372,380,0,0,0,752,372,380
C0116,28,549,802988,Ongole (M + OG) (Part),020029, Yerukala/Yerukula,226,112,114,0,0,0,226,112,114
C0116,28,549,802988,Ongole (M + OG) (Part),020999,20 Others,1,0,1,0,0,0,1,0,1
C0116,28,549,802988,Ongole (M + OG) (Part),021000,21 TELUGU ,187672,94200,93472,0,0,0,187672,94200,93472
C0116,28,549,802988,Ongole (M + OG) (Part),021046, Telugu,187657,94192,93465,0,0,0,187657,94192,93465
C0116,28,549,802988,Ongole (M + OG) (Part),021999,21 Others,15,8,7,0,0,0,15,8,7
C0116,28,549,802988,Ongole (M + OG) (Part),022000,22 URDU,17947,9057,8890,0,0,0,17947,9057,8890
C0116,28,549,802988,Ongole (M + OG) (Part),022015, Urdu,17947,9057,8890,0,0,0,17947,9057,8890
C0116,28,549,802988,Ongole (M + OG) (Part),040000,40 ENGLISH ,16,8,8,0,0,0,16,8,8
C0116,28,549,802988,Ongole (M + OG) (Part),040001, English,16,8,8,0,0,0,16,8,8
C0116,28,549,802988,Ongole (M + OG) (Part),044000,44 GONDI,5,3,2,0,0,0,5,3,2
C0116,28,549,802988,Ongole (M + OG) (Part),044007, Gondi,5,3,2,0,0,0,5,3,2
C0116,28,549,802988,Ongole (M + OG) (Part),124000,124 OTHERS,3,0,3,0,0,0,3,0,3
C0116,28,549,802989,Kandukur (M),002000,2 BENGALI ,7,3,4,0,0,0,7,3,4
C0116,28,549,802989,Kandukur (M),002007, Bengali,7,3,4,0,0,0,7,3,4
C0116,28,549,802989,Kandukur (M),006000,6 HINDI ,83,46,37,0,0,0,83,46,37
C0116,28,549,802989,Kandukur (M),006240, Hindi,44,24,20,0,0,0,44,24,20
C0116,28,549,802989,Kandukur (M),006400, Marwari,21,13,8,0,0,0,21,13,8
C0116,28,549,802989,Kandukur (M),006489, Rajasthani,18,9,9,0,0,0,18,9,9
C0116,28,549,802989,Kandukur (M),007000,7 KANNADA,20,11,9,0,0,0,20,11,9
C0116,28,549,802989,Kandukur (M),007016, Kannada,20,11,9,0,0,0,20,11,9
C0116,28,549,802989,Kandukur (M),011000,11 MALAYALAM,18,7,11,0,0,0,18,7,11
C0116,28,549,802989,Kandukur (M),011016, Malayalam,18,7,11,0,0,0,18,7,11
C0116,28,549,802989,Kandukur (M),013000,13 MARATHI ,41,22,19,0,0,0,41,22,19
C0116,28,549,802989,Kandukur (M),013071, Marathi,41,22,19,0,0,0,41,22,19
C0116,28,549,802989,Kandukur (M),014000,14 NEPALI ,4,3,1,0,0,0,4,3,1
C0116,28,549,802989,Kandukur (M),014011, Nepali,4,3,1,0,0,0,4,3,1
C0116,28,549,802989,Kandukur (M),015000,15 ODIA ,18,10,8,0,0,0,18,10,8
C0116,28,549,802989,Kandukur (M),015043, Odia,13,7,6,0,0,0,13,7,6
C0116,28,549,802989,Kandukur (M),015999,15 Others,5,3,2,0,0,0,5,3,2
C0116,28,549,802989,Kandukur (M),020000,20 TAMIL ,99,47,52,0,0,0,99,47,52
C0116,28,549,802989,Kandukur (M),020027, Tamil,34,15,19,0,0,0,34,15,19
C0116,28,549,802989,Kandukur (M),020029, Yerukala/Yerukula,65,32,33,0,0,0,65,32,33
C0116,28,549,802989,Kandukur (M),021000,21 TELUGU ,47247,23582,23665,0,0,0,47247,23582,23665
C0116,28,549,802989,Kandukur (M),021046, Telugu,47247,23582,23665,0,0,0,47247,23582,23665
C0116,28,549,802989,Kandukur (M),022000,22 URDU,9703,4909,4794,0,0,0,9703,4909,4794
C0116,28,549,802989,Kandukur (M),022015, Urdu,9703,4909,4794,0,0,0,9703,4909,4794
C0116,28,549,802989,Kandukur (M),028000,28 ARABIC/ARBI ,3,2,1,0,0,0,3,2,1
C0116,28,549,802989,Kandukur (M),028001, Arabic/Arbi,3,2,1,0,0,0,3,2,1
C0116,28,549,802989,Kandukur (M),040000,40 ENGLISH ,2,1,1,0,0,0,2,1,1
C0116,28,549,802989,Kandukur (M),040001, English,2,1,1,0,0,0,2,1,1
C0116,28,549,802989,Kandukur (M),124000,124 OTHERS,1,1,0,0,0,0,1,1,0
C0116,28,549,590896,Cumbum (CT),006000,6 HINDI ,19,12,7,0,0,0,19,12,7
C0116,28,549,590896,Cumbum (CT),006240, Hindi,5,2,3,0,0,0,5,2,3
C0116,28,549,590896,Cumbum (CT),006400, Marwari,9,7,2,0,0,0,9,7,2
C0116,28,549,590896,Cumbum (CT),006541, Sugali,5,3,2,0,0,0,5,3,2
C0116,28,549,590896,Cumbum (CT),011000,11 MALAYALAM,4,2,2,0,0,0,4,2,2
C0116,28,549,590896,Cumbum (CT),011026, Yerava,4,2,2,0,0,0,4,2,2
C0116,28,549,590896,Cumbum (CT),013000,13 MARATHI ,23,14,9,0,0,0,23,14,9
C0116,28,549,590896,Cumbum (CT),013071, Marathi,23,14,9,0,0,0,23,14,9
C0116,28,549,590896,Cumbum (CT),014000,14 NEPALI ,3,2,1,0,0,0,3,2,1
C0116,28,549,590896,Cumbum (CT),014011, Nepali,3,2,1,0,0,0,3,2,1
C0116,28,549,590896,Cumbum (CT),020000,20 TAMIL ,25,14,11,0,0,0,25,14,11
C0116,28,549,590896,Cumbum (CT),020027, Tamil,12,7,5,0,0,0,12,7,5
C0116,28,549,590896,Cumbum (CT),020029, Yerukala/Yerukula,13,7,6,0,0,0,13,7,6
C0116,28,549,590896,Cumbum (CT),021000,21 TELUGU ,9654,4780,4874,0,0,0,9654,4780,4874
C0116,28,549,590896,Cumbum (CT),021046, Telugu,9654,4780,4874,0,0,0,9654,4780,4874
C0116,28,549,590896,Cumbum (CT),022000,22 URDU,5441,2764,2677,0,0,0,5441,2764,2677
C0116,28,549,590896,Cumbum (CT),022015, Urdu,5441,2764,2677,0,0,0,5441,2764,2677
C0116,28,549,590988,Podili (CT),005000,5 GUJARATI,15,8,7,0,0,0,15,8,7
C0116,28,549,590988,Podili (CT),005018, Gujarati,15,8,7,0,0,0,15,8,7
C0116,28,549,590988,Podili (CT),006000,6 HINDI ,38,22,16,0,0,0,38,22,16
C0116,28,549,590988,Podili (CT),006173, Dhundhari,1,0,1,0,0,0,1,0,1
C0116,28,549,590988,Podili (CT),006240, Hindi,24,12,12,0,0,0,24,12,12
C0116,28,549,590988,Podili (CT),006353, Lamani/Lambadi,5,2,3,0,0,0,5,2,3
C0116,28,549,590988,Podili (CT),006400, Marwari,4,4,0,0,0,0,4,4,0
C0116,28,549,590988,Podili (CT),006489, Rajasthani,4,4,0,0,0,0,4,4,0
C0116,28,549,590988,Podili (CT),007000,7 KANNADA,1,0,1,0,0,0,1,0,1
C0116,28,549,590988,Podili (CT),007016, Kannada,1,0,1,0,0,0,1,0,1
C0116,28,549,590988,Podili (CT),011000,11 MALAYALAM,2,1,1,0,0,0,2,1,1
C0116,28,549,590988,Podili (CT),011016, Malayalam,2,1,1,0,0,0,2,1,1
C0116,28,549,590988,Podili (CT),013000,13 MARATHI ,6,2,4,0,0,0,6,2,4
C0116,28,549,590988,Podili (CT),013071, Marathi,6,2,4,0,0,0,6,2,4
C0116,28,549,590988,Podili (CT),014000,14 NEPALI ,14,10,4,0,0,0,14,10,4
C0116,28,549,590988,Podili (CT),014011, Nepali,14,10,4,0,0,0,14,10,4
C0116,28,549,590988,Podili (CT),020000,20 TAMIL ,59,31,28,0,0,0,59,31,28
C0116,28,549,590988,Podili (CT),020027, Tamil,54,29,25,0,0,0,54,29,25
C0116,28,549,590988,Podili (CT),020029, Yerukala/Yerukula,5,2,3,0,0,0,5,2,3
C0116,28,549,590988,Podili (CT),021000,21 TELUGU ,26569,13408,13161,0,0,0,26569,13408,13161
C0116,28,549,590988,Podili (CT),021046, Telugu,26569,13408,13161,0,0,0,26569,13408,13161
C0116,28,549,590988,Podili (CT),022000,22 URDU,4440,2198,2242,0,0,0,4440,2198,2242
C0116,28,549,590988,Podili (CT),022015, Urdu,4440,2198,2242,0,0,0,4440,2198,2242
C0116,28,549,590988,Podili (CT),040000,40 ENGLISH ,1,1,0,0,0,0,1,1,0
C0116,28,549,590988,Podili (CT),040001, English,1,1,0,0,0,0,1,1,0
C0116,28,549,591018,Chirala (CT),002000,2 BENGALI ,1,0,1,0,0,0,1,0,1
C0116,28,549,591018,Chirala (CT),002007, Bengali,1,0,1,0,0,0,1,0,1
C0116,28,549,591018,Chirala (CT),007000,7 KANNADA,1,0,1,0,0,0,1,0,1
C0116,28,549,591018,Chirala (CT),007016, Kannada,1,0,1,0,0,0,1,0,1
C0116,28,549,591018,Chirala (CT),014000,14 NEPALI ,1,1,0,0,0,0,1,1,0
C0116,28,549,591018,Chirala (CT),014011, Nepali,1,1,0,0,0,0,1,1,0
C0116,28,549,591018,Chirala (CT),020000,20 TAMIL ,24,10,14,0,0,0,24,10,14
C0116,28,549,591018,Chirala (CT),020027, Tamil,24,10,14,0,0,0,24,10,14
C0116,28,549,591018,Chirala (CT),021000,21 TELUGU ,28795,14171,14624,0,0,0,28795,14171,14624
C0116,28,549,591018,Chirala (CT),021046, Telugu,28795,14171,14624,0,0,0,28795,14171,14624
C0116,28,549,591018,Chirala (CT),022000,22 URDU,2034,1010,1024,0,0,0,2034,1010,1024
C0116,28,549,591018,Chirala (CT),022015, Urdu,2034,1010,1024,0,0,0,2034,1010,1024
C0116,28,549,591018,Chirala (CT),040000,40 ENGLISH ,2,1,1,0,0,0,2,1,1
C0116,28,549,591018,Chirala (CT),040001, English,2,1,1,0,0,0,2,1,1
C0116,28,549,591023,Vetapalem (CT),002000,2 BENGALI ,4,2,2,0,0,0,4,2,2
C0116,28,549,591023,Vetapalem (CT),002007, Bengali,4,2,2,0,0,0,4,2,2
C0116,28,549,591023,Vetapalem (CT),005000,5 GUJARATI,57,31,26,0,0,0,57,31,26
C0116,28,549,591023,Vetapalem (CT),005018, Gujarati,57,31,26,0,0,0,57,31,26
C0116,28,549,591023,Vetapalem (CT),006000,6 HINDI ,23,14,9,0,0,0,23,14,9
C0116,28,549,591023,Vetapalem (CT),006240, Hindi,12,8,4,0,0,0,12,8,4
C0116,28,549,591023,Vetapalem (CT),006489, Rajasthani,6,4,2,0,0,0,6,4,2
C0116,28,549,591023,Vetapalem (CT),006999,6 Others,5,2,3,0,0,0,5,2,3
C0116,28,549,591023,Vetapalem (CT),011000,11 MALAYALAM,2,2,0,0,0,0,2,2,0
C0116,28,549,591023,Vetapalem (CT),011016, Malayalam,2,2,0,0,0,0,2,2,0
C0116,28,549,591023,Vetapalem (CT),014000,14 NEPALI ,5,4,1,0,0,0,5,4,1
C0116,28,549,591023,Vetapalem (CT),014011, Nepali,5,4,1,0,0,0,5,4,1
C0116,28,549,591023,Vetapalem (CT),015000,15 ODIA ,5,1,4,0,0,0,5,1,4
C0116,28,549,591023,Vetapalem (CT),015043, Odia,5,1,4,0,0,0,5,1,4
C0116,28,549,591023,Vetapalem (CT),020000,20 TAMIL ,475,242,233,0,0,0,475,242,233
C0116,28,549,591023,Vetapalem (CT),020027, Tamil,462,235,227,0,0,0,462,235,227
C0116,28,549,591023,Vetapalem (CT),020029, Yerukala/Yerukula,13,7,6,0,0,0,13,7,6
C0116,28,549,591023,Vetapalem (CT),021000,21 TELUGU ,34291,16933,17358,0,0,0,34291,16933,17358
C0116,28,549,591023,Vetapalem (CT),021046, Telugu,34291,16933,17358,0,0,0,34291,16933,17358
C0116,28,549,591023,Vetapalem (CT),022000,22 URDU,3808,1850,1958,0,0,0,3808,1850,1958
C0116,28,549,591023,Vetapalem (CT),022015, Urdu,3808,1850,1958,0,0,0,3808,1850,1958
C0116,28,549,591023,Vetapalem (CT),040000,40 ENGLISH ,1,0,1,0,0,0,1,0,1
C0116,28,549,591023,Vetapalem (CT),040001, English,1,0,1,0,0,0,1,0,1
C0116,28,549,591202,Giddaluru (CT),002000,2 BENGALI ,4,1,3,0,0,0,4,1,3
C0116,28,549,591202,Giddaluru (CT),002007, Bengali,4,1,3,0,0,0,4,1,3
C0116,28,549,591202,Giddaluru (CT),006000,6 HINDI ,112,55,57,0,0,0,112,55,57
C0116,28,549,591202,Giddaluru (CT),006240, Hindi,37,19,18,0,0,0,37,19,18
C0116,28,549,591202,Giddaluru (CT),006400, Marwari,6,4,2,0,0,0,6,4,2
C0116,28,549,591202,Giddaluru (CT),006489, Rajasthani,20,14,6,0,0,0,20,14,6
C0116,28,549,591202,Giddaluru (CT),006541, Sugali,49,18,31,0,0,0,49,18,31
C0116,28,549,591202,Giddaluru (CT),007000,7 KANNADA,23,11,12,0,0,0,23,11,12
C0116,28,549,591202,Giddaluru (CT),007016, Kannada,23,11,12,0,0,0,23,11,12
C0116,28,549,591202,Giddaluru (CT),013000,13 MARATHI ,40,19,21,0,0,0,40,19,21
C0116,28,549,591202,Giddaluru (CT),013071, Marathi,40,19,21,0,0,0,40,19,21
C0116,28,549,591202,Giddaluru (CT),020000,20 TAMIL ,280,138,142,0,0,0,280,138,142
C0116,28,549,591202,Giddaluru (CT),020027, Tamil,11,7,4,0,0,0,11,7,4
C0116,28,549,591202,Giddaluru (CT),020029, Yerukala/Yerukula,269,131,138,0,0,0,269,131,138
C0116,28,549,591202,Giddaluru (CT),021000,21 TELUGU ,30368,15370,14998,0,0,0,30368,15370,14998
C0116,28,549,591202,Giddaluru (CT),021046, Telugu,30368,15370,14998,0,0,0,30368,15370,14998
C0116,28,549,591202,Giddaluru (CT),022000,22 URDU,4322,2134,2188,0,0,0,4322,2134,2188
C0116,28,549,591202,Giddaluru (CT),022015, Urdu,4307,2126,2181,0,0,0,4307,2126,2181
C0116,28,549,591202,Giddaluru (CT),022999,22 Others,15,8,7,0,0,0,15,8,7
C0116,28,549,591202,Giddaluru (CT),040000,40 ENGLISH ,1,0,1,0,0,0,1,0,1
C0116,28,549,591202,Giddaluru (CT),040001, English,1,0,1,0,0,0,1,0,1
C0116,28,549,591289,Kanigiri (U) (CT),006000,6 HINDI ,35,18,17,0,0,0,35,18,17
C0116,28,549,591289,Kanigiri (U) (CT),006240, Hindi,19,11,8,0,0,0,19,11,8
C0116,28,549,591289,Kanigiri (U) (CT),006353, Lamani/Lambadi,6,2,4,0,0,0,6,2,4
C0116,28,549,591289,Kanigiri (U) (CT),006400, Marwari,3,1,2,0,0,0,3,1,2
C0116,28,549,591289,Kanigiri (U) (CT),006541, Sugali,7,4,3,0,0,0,7,4,3
C0116,28,549,591289,Kanigiri (U) (CT),007000,7 KANNADA,3,1,2,0,0,0,3,1,2
C0116,28,549,591289,Kanigiri (U) (CT),007016, Kannada,3,1,2,0,0,0,3,1,2
C0116,28,549,591289,Kanigiri (U) (CT),011000,11 MALAYALAM,1,0,1,0,0,0,1,0,1
C0116,28,549,591289,Kanigiri (U) (CT),011016, Malayalam,1,0,1,0,0,0,1,0,1
C0116,28,549,591289,Kanigiri (U) (CT),013000,13 MARATHI ,19,11,8,0,0,0,19,11,8
C0116,28,549,591289,Kanigiri (U) (CT),013071, Marathi,19,11,8,0,0,0,19,11,8
C0116,28,549,591289,Kanigiri (U) (CT),014000,14 NEPALI ,7,4,3,0,0,0,7,4,3
C0116,28,549,591289,Kanigiri (U) (CT),014011, Nepali,7,4,3,0,0,0,7,4,3
C0116,28,549,591289,Kanigiri (U) (CT),020000,20 TAMIL ,63,35,28,0,0,0,63,35,28
C0116,28,549,591289,Kanigiri (U) (CT),020027, Tamil,63,35,28,0,0,0,63,35,28
C0116,28,549,591289,Kanigiri (U) (CT),021000,21 TELUGU ,29651,15033,14618,0,0,0,29651,15033,14618
C0116,28,549,591289,Kanigiri (U) (CT),021046, Telugu,29651,15033,14618,0,0,0,29651,15033,14618
C0116,28,549,591289,Kanigiri (U) (CT),022000,22 URDU,7641,3784,3857,0,0,0,7641,3784,3857
C0116,28,549,591289,Kanigiri (U) (CT),022015, Urdu,7641,3784,3857,0,0,0,7641,3784,3857
C0116,28,549,591504,Pamur (CT),006000,6 HINDI ,207,103,104,0,0,0,207,103,104
C0116,28,549,591504,Pamur (CT),006240, Hindi,200,98,102,0,0,0,200,98,102
C0116,28,549,591504,Pamur (CT),006489, Rajasthani,7,5,2,0,0,0,7,5,2
C0116,28,549,591504,Pamur (CT),007000,7 KANNADA,5,3,2,0,0,0,5,3,2
C0116,28,549,591504,Pamur (CT),007016, Kannada,5,3,2,0,0,0,5,3,2
C0116,28,549,591504,Pamur (CT),011000,11 MALAYALAM,2,1,1,0,0,0,2,1,1
C0116,28,549,591504,Pamur (CT),011016, Malayalam,2,1,1,0,0,0,2,1,1
C0116,28,549,591504,Pamur (CT),013000,13 MARATHI ,25,15,10,0,0,0,25,15,10
C0116,28,549,591504,Pamur (CT),013071, Marathi,25,15,10,0,0,0,25,15,10
C0116,28,549,591504,Pamur (CT),020000,20 TAMIL ,29,15,14,0,0,0,29,15,14
C0116,28,549,591504,Pamur (CT),020027, Tamil,29,15,14,0,0,0,29,15,14
C0116,28,549,591504,Pamur (CT),021000,21 TELUGU ,16171,8377,7794,0,0,0,16171,8377,7794
C0116,28,549,591504,Pamur (CT),021046, Telugu,16171,8377,7794,0,0,0,16171,8377,7794
C0116,28,549,591504,Pamur (CT),022000,22 URDU,3556,1823,1733,0,0,0,3556,1823,1733
C0116,28,549,591504,Pamur (CT),022015, Urdu,3556,1823,1733,0,0,0,3556,1823,1733
C0116,28,549,591504,Pamur (CT),028000,28 ARABIC/ARBI ,4,2,2,0,0,0,4,2,2
C0116,28,549,591504,Pamur (CT),028001, Arabic/Arbi,4,2,2,0,0,0,4,2,2
C0116,28,549,591504,Pamur (CT),040000,40 ENGLISH ,1,1,0,0,0,0,1,1,0
C0116,28,549,591504,Pamur (CT),040001, English,1,1,0,0,0,0,1,1,0
C0116,28,549,591552,Mulaguntapadu (CT),001000,1 ASSAMESE,1,0,1,0,0,0,1,0,1
C0116,28,549,591552,Mulaguntapadu (CT),001002, Assamese,1,0,1,0,0,0,1,0,1
C0116,28,549,591552,Mulaguntapadu (CT),002000,2 BENGALI ,4,2,2,0,0,0,4,2,2
C0116,28,549,591552,Mulaguntapadu (CT),002007, Bengali,4,2,2,0,0,0,4,2,2
C0116,28,549,591552,Mulaguntapadu (CT),005000,5 GUJARATI,1,0,1,0,0,0,1,0,1
C0116,28,549,591552,Mulaguntapadu (CT),005999,5 Others,1,0,1,0,0,0,1,0,1
C0116,28,549,591552,Mulaguntapadu (CT),006000,6 HINDI ,35,12,23,0,0,0,35,12,23
C0116,28,549,591552,Mulaguntapadu (CT),006173, Dhundhari,6,2,4,0,0,0,6,2,4
C0116,28,549,591552,Mulaguntapadu (CT),006240, Hindi,23,8,15,0,0,0,23,8,15
C0116,28,549,591552,Mulaguntapadu (CT),006489, Rajasthani,6,2,4,0,0,0,6,2,4
C0116,28,549,591552,Mulaguntapadu (CT),007000,7 KANNADA,12,7,5,0,0,0,12,7,5
C0116,28,549,591552,Mulaguntapadu (CT),007016, Kannada,12,7,5,0,0,0,12,7,5
C0116,28,549,591552,Mulaguntapadu (CT),011000,11 MALAYALAM,27,14,13,0,0,0,27,14,13
C0116,28,549,591552,Mulaguntapadu (CT),011016, Malayalam,27,14,13,0,0,0,27,14,13
C0116,28,549,591552,Mulaguntapadu (CT),020000,20 TAMIL ,99,50,49,0,0,0,99,50,49
C0116,28,549,591552,Mulaguntapadu (CT),020027, Tamil,27,14,13,0,0,0,27,14,13
C0116,28,549,591552,Mulaguntapadu (CT),020029, Yerukala/Yerukula,72,36,36,0,0,0,72,36,36
C0116,28,549,591552,Mulaguntapadu (CT),021000,21 TELUGU ,6343,3252,3091,0,0,0,6343,3252,3091
C0116,28,549,591552,Mulaguntapadu (CT),021046, Telugu,6343,3252,3091,0,0,0,6343,3252,3091
C0116,28,549,591552,Mulaguntapadu (CT),022000,22 URDU,623,313,310,0,0,0,623,313,310
C0116,28,549,591552,Mulaguntapadu (CT),022015, Urdu,623,313,310,0,0,0,623,313,310
C0116,28,549,591553,Singarayakonda (RS) (CT),006000,6 HINDI ,29,15,14,0,0,0,29,15,14
C0116,28,549,591553,Singarayakonda (RS) (CT),006102, Bhojpuri,5,1,4,0,0,0,5,1,4
C0116,28,549,591553,Singarayakonda (RS) (CT),006240, Hindi,12,6,6,0,0,0,12,6,6
C0116,28,549,591553,Singarayakonda (RS) (CT),006489, Rajasthani,12,8,4,0,0,0,12,8,4
C0116,28,549,591553,Singarayakonda (RS) (CT),007000,7 KANNADA,2,2,0,0,0,0,2,2,0
C0116,28,549,591553,Singarayakonda (RS) (CT),007016, Kannada,2,2,0,0,0,0,2,2,0
C0116,28,549,591553,Singarayakonda (RS) (CT),011000,11 MALAYALAM,12,7,5,0,0,0,12,7,5
C0116,28,549,591553,Singarayakonda (RS) (CT),011016, Malayalam,12,7,5,0,0,0,12,7,5
C0116,28,549,591553,Singarayakonda (RS) (CT),013000,13 MARATHI ,5,4,1,0,0,0,5,4,1
C0116,28,549,591553,Singarayakonda (RS) (CT),013071, Marathi,5,4,1,0,0,0,5,4,1
C0116,28,549,591553,Singarayakonda (RS) (CT),015000,15 ODIA ,3,2,1,0,0,0,3,2,1
C0116,28,549,591553,Singarayakonda (RS) (CT),015043, Odia,3,2,1,0,0,0,3,2,1
C0116,28,549,591553,Singarayakonda (RS) (CT),020000,20 TAMIL ,45,23,22,0,0,0,45,23,22
C0116,28,549,591553,Singarayakonda (RS) (CT),020027, Tamil,41,21,20,0,0,0,41,21,20
C0116,28,549,591553,Singarayakonda (RS) (CT),020029, Yerukala/Yerukula,4,2,2,0,0,0,4,2,2
C0116,28,549,591553,Singarayakonda (RS) (CT),021000,21 TELUGU ,14789,6987,7802,0,0,0,14789,6987,7802
C0116,28,549,591553,Singarayakonda (RS) (CT),021046, Telugu,14789,6987,7802,0,0,0,14789,6987,7802
C0116,28,549,591553,Singarayakonda (RS) (CT),022000,22 URDU,4514,2204,2310,0,0,0,4514,2204,2310
C0116,28,549,591553,Singarayakonda (RS) (CT),022015, Urdu,4514,2204,2310,0,0,0,4514,2204,2310
C0116,28,549,591553,Singarayakonda (RS) (CT),040000,40 ENGLISH ,1,1,0,0,0,0,1,1,0
C0116,28,549,591553,Singarayakonda (RS) (CT),040001, English,1,1,0,0,0,0,1,1,0
C0116,28,550,000000,Sri Potti Sriramulu Nellore,001000,1 ASSAMESE,6,4,2,0,0,0,6,4,2
C0116,28,550,000000,Sri Potti Sriramulu Nellore,001002, Assamese,6,4,2,0,0,0,6,4,2
C0116,28,550,000000,Sri Potti Sriramulu Nellore,002000,2 BENGALI ,277,175,102,0,0,0,277,175,102
C0116,28,550,000000,Sri Potti Sriramulu Nellore,002007, Bengali,277,175,102,0,0,0,277,175,102
C0116,28,550,000000,Sri Potti Sriramulu Nellore,005000,5 GUJARATI,253,129,124,0,0,0,253,129,124
C0116,28,550,000000,Sri Potti Sriramulu Nellore,005018, Gujarati,177,93,84,0,0,0,177,93,84
C0116,28,550,000000,Sri Potti Sriramulu Nellore,005057, Saurashtra/Saurashtri,2,2,0,0,0,0,2,2,0
C0116,28,550,000000,Sri Potti Sriramulu Nellore,005999,5 Others,74,34,40,0,0,0,74,34,40
C0116,28,550,000000,Sri Potti Sriramulu Nellore,006000,6 HINDI ,8095,4434,3661,0,0,0,8095,4434,3661
C0116,28,550,000000,Sri Potti Sriramulu Nellore,006066, Banjari,6,3,3,0,0,0,6,3,3
C0116,28,550,000000,Sri Potti Sriramulu Nellore,006102, Bhojpuri,14,7,7,0,0,0,14,7,7
C0116,28,550,000000,Sri Potti Sriramulu Nellore,006173, Dhundhari,27,12,15,0,0,0,27,12,15
C0116,28,550,000000,Sri Potti Sriramulu Nellore,006235, Haryanvi,1,1,0,0,0,0,1,1,0
C0116,28,550,000000,Sri Potti Sriramulu Nellore,006240, Hindi,6035,3362,2673,0,0,0,6035,3362,2673
C0116,28,550,000000,Sri Potti Sriramulu Nellore,006353, Lamani/Lambadi,27,15,12,0,0,0,27,15,12
C0116,28,550,000000,Sri Potti Sriramulu Nellore,006400, Marwari,1565,803,762,0,0,0,1565,803,762
C0116,28,550,000000,Sri Potti Sriramulu Nellore,006420, Nagpuria,1,0,1,0,0,0,1,0,1
C0116,28,550,000000,Sri Potti Sriramulu Nellore,006489, Rajasthani,363,198,165,0,0,0,363,198,165
C0116,28,550,000000,Sri Potti Sriramulu Nellore,006541, Sugali,15,7,8,0,0,0,15,7,8
C0116,28,550,000000,Sri Potti Sriramulu Nellore,006999,6 Others,41,26,15,0,0,0,41,26,15
C0116,28,550,000000,Sri Potti Sriramulu Nellore,007000,7 KANNADA,373,166,207,0,0,0,373,166,207
C0116,28,550,000000,Sri Potti Sriramulu Nellore,007016, Kannada,373,166,207,0,0,0,373,166,207
C0116,28,550,000000,Sri Potti Sriramulu Nellore,008000,8 KASHMIRI ,3,1,2,0,0,0,3,1,2
C0116,28,550,000000,Sri Potti Sriramulu Nellore,008005, Kashmiri,3,1,2,0,0,0,3,1,2
C0116,28,550,000000,Sri Potti Sriramulu Nellore,009000,9 KONKANI,53,23,30,0,0,0,53,23,30
C0116,28,550,000000,Sri Potti Sriramulu Nellore,009011, Konkani,53,23,30,0,0,0,53,23,30
C0116,28,550,000000,Sri Potti Sriramulu Nellore,010000,10 MAITHILI ,4,3,1,0,0,0,4,3,1
C0116,28,550,000000,Sri Potti Sriramulu Nellore,010008, Maithili,4,3,1,0,0,0,4,3,1
C0116,28,550,000000,Sri Potti Sriramulu Nellore,011000,11 MALAYALAM,1152,387,765,0,0,0,1152,387,765
C0116,28,550,000000,Sri Potti Sriramulu Nellore,011016, Malayalam,1152,387,765,0,0,0,1152,387,765
C0116,28,550,000000,Sri Potti Sriramulu Nellore,012000,12 MANIPURI ,39,0,39,0,0,0,39,0,39
C0116,28,550,000000,Sri Potti Sriramulu Nellore,012003, Manipuri,39,0,39,0,0,0,39,0,39
C0116,28,550,000000,Sri Potti Sriramulu Nellore,013000,13 MARATHI ,928,485,443,0,0,0,928,485,443
C0116,28,550,000000,Sri Potti Sriramulu Nellore,013071, Marathi,928,485,443,0,0,0,928,485,443
C0116,28,550,000000,Sri Potti Sriramulu Nellore,014000,14 NEPALI ,317,163,154,0,0,0,317,163,154
C0116,28,550,000000,Sri Potti Sriramulu Nellore,014011, Nepali,317,163,154,0,0,0,317,163,154
C0116,28,550,000000,Sri Potti Sriramulu Nellore,015000,15 ODIA ,359,207,152,0,0,0,359,207,152
C0116,28,550,000000,Sri Potti Sriramulu Nellore,015043, Odia,359,207,152,0,0,0,359,207,152
C0116,28,550,000000,Sri Potti Sriramulu Nellore,016000,16 PUNJABI ,63,34,29,0,0,0,63,34,29
C0116,28,550,000000,Sri Potti Sriramulu Nellore,016038, Punjabi,63,34,29,0,0,0,63,34,29
C0116,28,550,000000,Sri Potti Sriramulu Nellore,018000,18 SANTALI ,10,6,4,0,0,0,10,6,4
C0116,28,550,000000,Sri Potti Sriramulu Nellore,018040, Santali,10,6,4,0,0,0,10,6,4
C0116,28,550,000000,Sri Potti Sriramulu Nellore,019000,19 SINDHI,8,6,2,0,0,0,8,6,2
C0116,28,550,000000,Sri Potti Sriramulu Nellore,019014, Sindhi,8,6,2,0,0,0,8,6,2
C0116,28,550,000000,Sri Potti Sriramulu Nellore,020000,20 TAMIL ,13992,6987,7005,0,0,0,13992,6987,7005
C0116,28,550,000000,Sri Potti Sriramulu Nellore,020027, Tamil,13823,6897,6926,0,0,0,13823,6897,6926
C0116,28,550,000000,Sri Potti Sriramulu Nellore,020029, Yerukala/Yerukula,71,37,34,0,0,0,71,37,34
C0116,28,550,000000,Sri Potti Sriramulu Nellore,020999,20 Others,98,53,45,0,0,0,98,53,45
C0116,28,550,000000,Sri Potti Sriramulu Nellore,021000,21 TELUGU ,700889,353481,347408,0,0,0,700889,353481,347408
C0116,28,550,000000,Sri Potti Sriramulu Nellore,021046, Telugu,700513,353286,347227,0,0,0,700513,353286,347227
C0116,28,550,000000,Sri Potti Sriramulu Nellore,021999,21 Others,376,195,181,0,0,0,376,195,181
C0116,28,550,000000,Sri Potti Sriramulu Nellore,022000,22 URDU,130611,65369,65242,0,0,0,130611,65369,65242
C0116,28,550,000000,Sri Potti Sriramulu Nellore,022015, Urdu,130605,65366,65239,0,0,0,130605,65366,65239
C0116,28,550,000000,Sri Potti Sriramulu Nellore,022999,22 Others,6,3,3,0,0,0,6,3,3
C0116,28,550,000000,Sri Potti Sriramulu Nellore,028000,28 ARABIC/ARBI ,12,5,7,0,0,0,12,5,7
C0116,28,550,000000,Sri Potti Sriramulu Nellore,028001, Arabic/Arbi,12,5,7,0,0,0,12,5,7
C0116,28,550,000000,Sri Potti Sriramulu Nellore,030000,30 BHILI/BHILODI ,21,10,11,0,0,0,21,10,11
C0116,28,550,000000,Sri Potti Sriramulu Nellore,030035, Kokna/Kokni/Kukna,8,5,3,0,0,0,8,5,3
C0116,28,550,000000,Sri Potti Sriramulu Nellore,030078, Wagdi,9,4,5,0,0,0,9,4,5
C0116,28,550,000000,Sri Potti Sriramulu Nellore,030999,30 Others,4,1,3,0,0,0,4,1,3
C0116,28,550,000000,Sri Potti Sriramulu Nellore,040000,40 ENGLISH ,83,51,32,0,0,0,83,51,32
C0116,28,550,000000,Sri Potti Sriramulu Nellore,040001, English,83,51,32,0,0,0,83,51,32
C0116,28,550,000000,Sri Potti Sriramulu Nellore,072000,72 KURUKH/ORAON ,6,2,4,0,0,0,6,2,4
C0116,28,550,000000,Sri Potti Sriramulu Nellore,072024, Kurukh/Oraon,6,2,4,0,0,0,6,2,4
C0116,28,550,000000,Sri Potti Sriramulu Nellore,117000,117 TULU ,9,6,3,0,0,0,9,6,3
C0116,28,550,000000,Sri Potti Sriramulu Nellore,117009, Tulu,8,6,2,0,0,0,8,6,2
C0116,28,550,000000,Sri Potti Sriramulu Nellore,117999,117 Others ,1,0,1,0,0,0,1,0,1
C0116,28,550,000000,Sri Potti Sriramulu Nellore,124000,124 OTHERS,67,30,37,0,0,0,67,30,37
C0116,28,550,802990,Kavali (M + OG),002000,2 BENGALI ,21,13,8,0,0,0,21,13,8
C0116,28,550,802990,Kavali (M + OG),002007, Bengali,21,13,8,0,0,0,21,13,8
C0116,28,550,802990,Kavali (M + OG),005000,5 GUJARATI,5,1,4,0,0,0,5,1,4
C0116,28,550,802990,Kavali (M + OG),005999,5 Others,5,1,4,0,0,0,5,1,4
C0116,28,550,802990,Kavali (M + OG),006000,6 HINDI ,288,163,125,0,0,0,288,163,125
C0116,28,550,802990,Kavali (M + OG),006240, Hindi,262,145,117,0,0,0,262,145,117
C0116,28,550,802990,Kavali (M + OG),006353, Lamani/Lambadi,4,3,1,0,0,0,4,3,1
C0116,28,550,802990,Kavali (M + OG),006400, Marwari,3,2,1,0,0,0,3,2,1
C0116,28,550,802990,Kavali (M + OG),006489, Rajasthani,12,9,3,0,0,0,12,9,3
C0116,28,550,802990,Kavali (M + OG),006999,6 Others,7,4,3,0,0,0,7,4,3
C0116,28,550,802990,Kavali (M + OG),007000,7 KANNADA,10,3,7,0,0,0,10,3,7
C0116,28,550,802990,Kavali (M + OG),007016, Kannada,10,3,7,0,0,0,10,3,7
C0116,28,550,802990,Kavali (M + OG),009000,9 KONKANI,1,0,1,0,0,0,1,0,1
C0116,28,550,802990,Kavali (M + OG),009011, Konkani,1,0,1,0,0,0,1,0,1
C0116,28,550,802990,Kavali (M + OG),011000,11 MALAYALAM,48,24,24,0,0,0,48,24,24
C0116,28,550,802990,Kavali (M + OG),011016, Malayalam,48,24,24,0,0,0,48,24,24
C0116,28,550,802990,Kavali (M + OG),013000,13 MARATHI ,37,23,14,0,0,0,37,23,14
C0116,28,550,802990,Kavali (M + OG),013071, Marathi,37,23,14,0,0,0,37,23,14
C0116,28,550,802990,Kavali (M + OG),014000,14 NEPALI ,30,16,14,0,0,0,30,16,14
C0116,28,550,802990,Kavali (M + OG),014011, Nepali,30,16,14,0,0,0,30,16,14
C0116,28,550,802990,Kavali (M + OG),015000,15 ODIA ,69,31,38,0,0,0,69,31,38
C0116,28,550,802990,Kavali (M + OG),015043, Odia,69,31,38,0,0,0,69,31,38
C0116,28,550,802990,Kavali (M + OG),020000,20 TAMIL ,333,172,161,0,0,0,333,172,161
C0116,28,550,802990,Kavali (M + OG),020027, Tamil,263,138,125,0,0,0,263,138,125
C0116,28,550,802990,Kavali (M + OG),020029, Yerukala/Yerukula,67,34,33,0,0,0,67,34,33
C0116,28,550,802990,Kavali (M + OG),020999,20 Others,3,0,3,0,0,0,3,0,3
C0116,28,550,802990,Kavali (M + OG),021000,21 TELUGU ,78493,39100,39393,0,0,0,78493,39100,39393
C0116,28,550,802990,Kavali (M + OG),021046, Telugu,78493,39100,39393,0,0,0,78493,39100,39393
C0116,28,550,802990,Kavali (M + OG),022000,22 URDU,10746,5352,5394,0,0,0,10746,5352,5394
C0116,28,550,802990,Kavali (M + OG),022015, Urdu,10746,5352,5394,0,0,0,10746,5352,5394
C0116,28,550,802990,Kavali (M + OG),030000,30 BHILI/BHILODI ,6,3,3,0,0,0,6,3,3
C0116,28,550,802990,Kavali (M + OG),030035, Kokna/Kokni/Kukna,6,3,3,0,0,0,6,3,3
C0116,28,550,802990,Kavali (M + OG),040000,40 ENGLISH ,4,3,1,0,0,0,4,3,1
C0116,28,550,802990,Kavali (M + OG),040001, English,4,3,1,0,0,0,4,3,1
C0116,28,550,802990,Kavali (M + OG),124000,124 OTHERS,8,5,3,0,0,0,8,5,3
C0116,28,550,802991,Nellore (M Corp. + OG),001000,1 ASSAMESE,6,4,2,0,0,0,6,4,2
C0116,28,550,802991,Nellore (M Corp. + OG),001002, Assamese,6,4,2,0,0,0,6,4,2
C0116,28,550,802991,Nellore (M Corp. + OG),002000,2 BENGALI ,193,125,68,0,0,0,193,125,68
C0116,28,550,802991,Nellore (M Corp. + OG),002007, Bengali,193,125,68,0,0,0,193,125,68
C0116,28,550,802991,Nellore (M Corp. + OG),005000,5 GUJARATI,207,110,97,0,0,0,207,110,97
C0116,28,550,802991,Nellore (M Corp. + OG),005018, Gujarati,138,77,61,0,0,0,138,77,61
C0116,28,550,802991,Nellore (M Corp. + OG),005057, Saurashtra/Saurashtri,2,2,0,0,0,0,2,2,0
C0116,28,550,802991,Nellore (M Corp. + OG),005999,5 Others,67,31,36,0,0,0,67,31,36
C0116,28,550,802991,Nellore (M Corp. + OG),006000,6 HINDI ,6610,3603,3007,0,0,0,6610,3603,3007
C0116,28,550,802991,Nellore (M Corp. + OG),006066, Banjari,6,3,3,0,0,0,6,3,3
C0116,28,550,802991,Nellore (M Corp. + OG),006102, Bhojpuri,4,1,3,0,0,0,4,1,3
C0116,28,550,802991,Nellore (M Corp. + OG),006173, Dhundhari,27,12,15,0,0,0,27,12,15
C0116,28,550,802991,Nellore (M Corp. + OG),006240, Hindi,4722,2637,2085,0,0,0,4722,2637,2085
C0116,28,550,802991,Nellore (M Corp. + OG),006353, Lamani/Lambadi,18,9,9,0,0,0,18,9,9
C0116,28,550,802991,Nellore (M Corp. + OG),006400, Marwari,1497,762,735,0,0,0,1497,762,735
C0116,28,550,802991,Nellore (M Corp. + OG),006489, Rajasthani,314,169,145,0,0,0,314,169,145
C0116,28,550,802991,Nellore (M Corp. + OG),006541, Sugali,3,2,1,0,0,0,3,2,1
C0116,28,550,802991,Nellore (M Corp. + OG),006999,6 Others,19,8,11,0,0,0,19,8,11
C0116,28,550,802991,Nellore (M Corp. + OG),007000,7 KANNADA,278,122,156,0,0,0,278,122,156
C0116,28,550,802991,Nellore (M Corp. + OG),007016, Kannada,278,122,156,0,0,0,278,122,156
C0116,28,550,802991,Nellore (M Corp. + OG),008000,8 KASHMIRI ,3,1,2,0,0,0,3,1,2
C0116,28,550,802991,Nellore (M Corp. + OG),008005, Kashmiri,3,1,2,0,0,0,3,1,2
C0116,28,550,802991,Nellore (M Corp. + OG),009000,9 KONKANI,52,23,29,0,0,0,52,23,29
C0116,28,550,802991,Nellore (M Corp. + OG),009011, Konkani,52,23,29,0,0,0,52,23,29
C0116,28,550,802991,Nellore (M Corp. + OG),010000,10 MAITHILI ,4,3,1,0,0,0,4,3,1
C0116,28,550,802991,Nellore (M Corp. + OG),010008, Maithili,4,3,1,0,0,0,4,3,1
C0116,28,550,802991,Nellore (M Corp. + OG),011000,11 MALAYALAM,875,273,602,0,0,0,875,273,602
C0116,28,550,802991,Nellore (M Corp. + OG),011016, Malayalam,875,273,602,0,0,0,875,273,602
C0116,28,550,802991,Nellore (M Corp. + OG),012000,12 MANIPURI ,21,0,21,0,0,0,21,0,21
C0116,28,550,802991,Nellore (M Corp. + OG),012003, Manipuri,21,0,21,0,0,0,21,0,21
C0116,28,550,802991,Nellore (M Corp. + OG),013000,13 MARATHI ,630,334,296,0,0,0,630,334,296
C0116,28,550,802991,Nellore (M Corp. + OG),013071, Marathi,630,334,296,0,0,0,630,334,296
C0116,28,550,802991,Nellore (M Corp. + OG),014000,14 NEPALI ,214,113,101,0,0,0,214,113,101
C0116,28,550,802991,Nellore (M Corp. + OG),014011, Nepali,214,113,101,0,0,0,214,113,101
C0116,28,550,802991,Nellore (M Corp. + OG),015000,15 ODIA ,101,56,45,0,0,0,101,56,45
C0116,28,550,802991,Nellore (M Corp. + OG),015043, Odia,101,56,45,0,0,0,101,56,45
C0116,28,550,802991,Nellore (M Corp. + OG),016000,16 PUNJABI ,59,32,27,0,0,0,59,32,27
C0116,28,550,802991,Nellore (M Corp. + OG),016038, Punjabi,59,32,27,0,0,0,59,32,27
C0116,28,550,802991,Nellore (M Corp. + OG),019000,19 SINDHI,8,6,2,0,0,0,8,6,2
C0116,28,550,802991,Nellore (M Corp. + OG),019014, Sindhi,8,6,2,0,0,0,8,6,2
C0116,28,550,802991,Nellore (M Corp. + OG),020000,20 TAMIL ,8693,4455,4238,0,0,0,8693,4455,4238
C0116,28,550,802991,Nellore (M Corp. + OG),020027, Tamil,8600,4403,4197,0,0,0,8600,4403,4197
C0116,28,550,802991,Nellore (M Corp. + OG),020999,20 Others,93,52,41,0,0,0,93,52,41
C0116,28,550,802991,Nellore (M Corp. + OG),021000,21 TELUGU ,434446,221647,212799,0,0,0,434446,221647,212799
C0116,28,550,802991,Nellore (M Corp. + OG),021046, Telugu,434265,221554,212711,0,0,0,434265,221554,212711
C0116,28,550,802991,Nellore (M Corp. + OG),021999,21 Others,181,93,88,0,0,0,181,93,88
C0116,28,550,802991,Nellore (M Corp. + OG),022000,22 URDU,95077,47803,47274,0,0,0,95077,47803,47274
C0116,28,550,802991,Nellore (M Corp. + OG),022015, Urdu,95071,47800,47271,0,0,0,95071,47800,47271
C0116,28,550,802991,Nellore (M Corp. + OG),022999,22 Others,6,3,3,0,0,0,6,3,3
C0116,28,550,802991,Nellore (M Corp. + OG),028000,28 ARABIC/ARBI ,10,4,6,0,0,0,10,4,6
C0116,28,550,802991,Nellore (M Corp. + OG),028001, Arabic/Arbi,10,4,6,0,0,0,10,4,6
C0116,28,550,802991,Nellore (M Corp. + OG),030000,30 BHILI/BHILODI ,11,6,5,0,0,0,11,6,5
C0116,28,550,802991,Nellore (M Corp. + OG),030035, Kokna/Kokni/Kukna,2,2,0,0,0,0,2,2,0
C0116,28,550,802991,Nellore (M Corp. + OG),030078, Wagdi,9,4,5,0,0,0,9,4,5
C0116,28,550,802991,Nellore (M Corp. + OG),040000,40 ENGLISH ,68,42,26,0,0,0,68,42,26
C0116,28,550,802991,Nellore (M Corp. + OG),040001, English,68,42,26,0,0,0,68,42,26
C0116,28,550,802991,Nellore (M Corp. + OG),117000,117 TULU ,8,6,2,0,0,0,8,6,2
C0116,28,550,802991,Nellore (M Corp. + OG),117009, Tulu,8,6,2,0,0,0,8,6,2
C0116,28,550,802991,Nellore (M Corp. + OG),124000,124 OTHERS,47,19,28,0,0,0,47,19,28
C0116,28,550,802992,Gudur (M + OG) (Part),002000,2 BENGALI ,41,19,22,0,0,0,41,19,22
C0116,28,550,802992,Gudur (M + OG) (Part),002007, Bengali,41,19,22,0,0,0,41,19,22
C0116,28,550,802992,Gudur (M + OG) (Part),006000,6 HINDI ,429,243,186,0,0,0,429,243,186
C0116,28,550,802992,Gudur (M + OG) (Part),006240, Hindi,408,232,176,0,0,0,408,232,176
C0116,28,550,802992,Gudur (M + OG) (Part),006400, Marwari,15,9,6,0,0,0,15,9,6
C0116,28,550,802992,Gudur (M + OG) (Part),006489, Rajasthani,3,1,2,0,0,0,3,1,2
C0116,28,550,802992,Gudur (M + OG) (Part),006541, Sugali,3,1,2,0,0,0,3,1,2
C0116,28,550,802992,Gudur (M + OG) (Part),007000,7 KANNADA,12,5,7,0,0,0,12,5,7
C0116,28,550,802992,Gudur (M + OG) (Part),007016, Kannada,12,5,7,0,0,0,12,5,7
C0116,28,550,802992,Gudur (M + OG) (Part),011000,11 MALAYALAM,48,21,27,0,0,0,48,21,27
C0116,28,550,802992,Gudur (M + OG) (Part),011016, Malayalam,48,21,27,0,0,0,48,21,27
C0116,28,550,802992,Gudur (M + OG) (Part),013000,13 MARATHI ,62,31,31,0,0,0,62,31,31
C0116,28,550,802992,Gudur (M + OG) (Part),013071, Marathi,62,31,31,0,0,0,62,31,31
C0116,28,550,802992,Gudur (M + OG) (Part),014000,14 NEPALI ,46,23,23,0,0,0,46,23,23
C0116,28,550,802992,Gudur (M + OG) (Part),014011, Nepali,46,23,23,0,0,0,46,23,23
C0116,28,550,802992,Gudur (M + OG) (Part),015000,15 ODIA ,43,31,12,0,0,0,43,31,12
C0116,28,550,802992,Gudur (M + OG) (Part),015043, Odia,43,31,12,0,0,0,43,31,12
C0116,28,550,802992,Gudur (M + OG) (Part),016000,16 PUNJABI ,4,2,2,0,0,0,4,2,2
C0116,28,550,802992,Gudur (M + OG) (Part),016038, Punjabi,4,2,2,0,0,0,4,2,2
C0116,28,550,802992,Gudur (M + OG) (Part),020000,20 TAMIL ,1088,538,550,0,0,0,1088,538,550
C0116,28,550,802992,Gudur (M + OG) (Part),020027, Tamil,1086,537,549,0,0,0,1086,537,549
C0116,28,550,802992,Gudur (M + OG) (Part),020999,20 Others,2,1,1,0,0,0,2,1,1
C0116,28,550,802992,Gudur (M + OG) (Part),021000,21 TELUGU ,63178,31021,32157,0,0,0,63178,31021,32157
C0116,28,550,802992,Gudur (M + OG) (Part),021046, Telugu,63072,30965,32107,0,0,0,63072,30965,32107
C0116,28,550,802992,Gudur (M + OG) (Part),021999,21 Others,106,56,50,0,0,0,106,56,50
C0116,28,550,802992,Gudur (M + OG) (Part),022000,22 URDU,9083,4489,4594,0,0,0,9083,4489,4594
C0116,28,550,802992,Gudur (M + OG) (Part),022015, Urdu,9083,4489,4594,0,0,0,9083,4489,4594
C0116,28,550,802992,Gudur (M + OG) (Part),040000,40 ENGLISH ,2,1,1,0,0,0,2,1,1
C0116,28,550,802992,Gudur (M + OG) (Part),040001, English,2,1,1,0,0,0,2,1,1
C0116,28,550,802992,Gudur (M + OG) (Part),124000,124 OTHERS,1,0,1,0,0,0,1,0,1
C0116,28,550,802993,Venkatagiri (M + OG),002000,2 BENGALI ,8,6,2,0,0,0,8,6,2
C0116,28,550,802993,Venkatagiri (M + OG),002007, Bengali,8,6,2,0,0,0,8,6,2
C0116,28,550,802993,Venkatagiri (M + OG),005000,5 GUJARATI,5,2,3,0,0,0,5,2,3
C0116,28,550,802993,Venkatagiri (M + OG),005018, Gujarati,5,2,3,0,0,0,5,2,3
C0116,28,550,802993,Venkatagiri (M + OG),006000,6 HINDI ,148,79,69,0,0,0,148,79,69
C0116,28,550,802993,Venkatagiri (M + OG),006240, Hindi,121,62,59,0,0,0,121,62,59
C0116,28,550,802993,Venkatagiri (M + OG),006353, Lamani/Lambadi,5,3,2,0,0,0,5,3,2
C0116,28,550,802993,Venkatagiri (M + OG),006400, Marwari,8,6,2,0,0,0,8,6,2
C0116,28,550,802993,Venkatagiri (M + OG),006489, Rajasthani,6,4,2,0,0,0,6,4,2
C0116,28,550,802993,Venkatagiri (M + OG),006541, Sugali,8,4,4,0,0,0,8,4,4
C0116,28,550,802993,Venkatagiri (M + OG),007000,7 KANNADA,18,6,12,0,0,0,18,6,12
C0116,28,550,802993,Venkatagiri (M + OG),007016, Kannada,18,6,12,0,0,0,18,6,12
C0116,28,550,802993,Venkatagiri (M + OG),011000,11 MALAYALAM,15,9,6,0,0,0,15,9,6
C0116,28,550,802993,Venkatagiri (M + OG),011016, Malayalam,15,9,6,0,0,0,15,9,6
C0116,28,550,802993,Venkatagiri (M + OG),013000,13 MARATHI ,146,68,78,0,0,0,146,68,78
C0116,28,550,802993,Venkatagiri (M + OG),013071, Marathi,146,68,78,0,0,0,146,68,78
C0116,28,550,802993,Venkatagiri (M + OG),014000,14 NEPALI ,9,3,6,0,0,0,9,3,6
C0116,28,550,802993,Venkatagiri (M + OG),014011, Nepali,9,3,6,0,0,0,9,3,6
C0116,28,550,802993,Venkatagiri (M + OG),015000,15 ODIA ,1,1,0,0,0,0,1,1,0
C0116,28,550,802993,Venkatagiri (M + OG),015043, Odia,1,1,0,0,0,0,1,1,0
C0116,28,550,802993,Venkatagiri (M + OG),020000,20 TAMIL ,642,323,319,0,0,0,642,323,319
C0116,28,550,802993,Venkatagiri (M + OG),020027, Tamil,642,323,319,0,0,0,642,323,319
C0116,28,550,802993,Venkatagiri (M + OG),021000,21 TELUGU ,47450,23597,23853,0,0,0,47450,23597,23853
C0116,28,550,802993,Venkatagiri (M + OG),021046, Telugu,47420,23578,23842,0,0,0,47420,23578,23842
C0116,28,550,802993,Venkatagiri (M + OG),021999,21 Others,30,19,11,0,0,0,30,19,11
C0116,28,550,802993,Venkatagiri (M + OG),022000,22 URDU,4244,2037,2207,0,0,0,4244,2037,2207
C0116,28,550,802993,Venkatagiri (M + OG),022015, Urdu,4244,2037,2207,0,0,0,4244,2037,2207
C0116,28,550,802993,Venkatagiri (M + OG),040000,40 ENGLISH ,2,1,1,0,0,0,2,1,1
C0116,28,550,802993,Venkatagiri (M + OG),040001, English,2,1,1,0,0,0,2,1,1
C0116,28,550,592105,Buja Buja Nellore (CT),006000,6 HINDI ,53,33,20,0,0,0,53,33,20
C0116,28,550,592105,Buja Buja Nellore (CT),006240, Hindi,41,23,18,0,0,0,41,23,18
C0116,28,550,592105,Buja Buja Nellore (CT),006420, Nagpuria,1,0,1,0,0,0,1,0,1
C0116,28,550,592105,Buja Buja Nellore (CT),006541, Sugali,1,0,1,0,0,0,1,0,1
C0116,28,550,592105,Buja Buja Nellore (CT),006999,6 Others,10,10,0,0,0,0,10,10,0
C0116,28,550,592105,Buja Buja Nellore (CT),007000,7 KANNADA,3,0,3,0,0,0,3,0,3
C0116,28,550,592105,Buja Buja Nellore (CT),007016, Kannada,3,0,3,0,0,0,3,0,3
C0116,28,550,592105,Buja Buja Nellore (CT),011000,11 MALAYALAM,58,2,56,0,0,0,58,2,56
C0116,28,550,592105,Buja Buja Nellore (CT),011016, Malayalam,58,2,56,0,0,0,58,2,56
C0116,28,550,592105,Buja Buja Nellore (CT),012000,12 MANIPURI ,18,0,18,0,0,0,18,0,18
C0116,28,550,592105,Buja Buja Nellore (CT),012003, Manipuri,18,0,18,0,0,0,18,0,18
C0116,28,550,592105,Buja Buja Nellore (CT),013000,13 MARATHI ,1,0,1,0,0,0,1,0,1
C0116,28,550,592105,Buja Buja Nellore (CT),013071, Marathi,1,0,1,0,0,0,1,0,1
C0116,28,550,592105,Buja Buja Nellore (CT),014000,14 NEPALI ,4,0,4,0,0,0,4,0,4
C0116,28,550,592105,Buja Buja Nellore (CT),014011, Nepali,4,0,4,0,0,0,4,0,4
C0116,28,550,592105,Buja Buja Nellore (CT),015000,15 ODIA ,39,25,14,0,0,0,39,25,14
C0116,28,550,592105,Buja Buja Nellore (CT),015043, Odia,39,25,14,0,0,0,39,25,14
C0116,28,550,592105,Buja Buja Nellore (CT),020000,20 TAMIL ,69,33,36,0,0,0,69,33,36
C0116,28,550,592105,Buja Buja Nellore (CT),020027, Tamil,69,33,36,0,0,0,69,33,36
C0116,28,550,592105,Buja Buja Nellore (CT),021000,21 TELUGU ,7355,3605,3750,0,0,0,7355,3605,3750
C0116,28,550,592105,Buja Buja Nellore (CT),021046, Telugu,7355,3605,3750,0,0,0,7355,3605,3750
C0116,28,550,592105,Buja Buja Nellore (CT),022000,22 URDU,3322,1669,1653,0,0,0,3322,1669,1653
C0116,28,550,592105,Buja Buja Nellore (CT),022015, Urdu,3322,1669,1653,0,0,0,3322,1669,1653
C0116,28,550,592105,Buja Buja Nellore (CT),072000,72 KURUKH/ORAON ,3,0,3,0,0,0,3,0,3
C0116,28,550,592105,Buja Buja Nellore (CT),072024, Kurukh/Oraon,3,0,3,0,0,0,3,0,3
C0116,28,550,592105,Buja Buja Nellore (CT),117000,117 TULU ,1,0,1,0,0,0,1,0,1
C0116,28,550,592105,Buja Buja Nellore (CT),117999,117 Others ,1,0,1,0,0,0,1,0,1
C0116,28,550,592105,Buja Buja Nellore (CT),124000,124 OTHERS,1,0,1,0,0,0,1,0,1
C0116,28,550,592649,Vinnamala (CT),005000,5 GUJARATI,1,1,0,0,0,0,1,1,0
C0116,28,550,592649,Vinnamala (CT),005999,5 Others,1,1,0,0,0,0,1,1,0
C0116,28,550,592649,Vinnamala (CT),006000,6 HINDI ,136,71,65,0,0,0,136,71,65
C0116,28,550,592649,Vinnamala (CT),006240, Hindi,127,66,61,0,0,0,127,66,61
C0116,28,550,592649,Vinnamala (CT),006400, Marwari,5,1,4,0,0,0,5,1,4
C0116,28,550,592649,Vinnamala (CT),006489, Rajasthani,4,4,0,0,0,0,4,4,0
C0116,28,550,592649,Vinnamala (CT),007000,7 KANNADA,8,4,4,0,0,0,8,4,4
C0116,28,550,592649,Vinnamala (CT),007016, Kannada,8,4,4,0,0,0,8,4,4
C0116,28,550,592649,Vinnamala (CT),011000,11 MALAYALAM,9,4,5,0,0,0,9,4,5
C0116,28,550,592649,Vinnamala (CT),011016, Malayalam,9,4,5,0,0,0,9,4,5
C0116,28,550,592649,Vinnamala (CT),013000,13 MARATHI ,16,10,6,0,0,0,16,10,6
C0116,28,550,592649,Vinnamala (CT),013071, Marathi,16,10,6,0,0,0,16,10,6
C0116,28,550,592649,Vinnamala (CT),014000,14 NEPALI ,6,3,3,0,0,0,6,3,3
C0116,28,550,592649,Vinnamala (CT),014011, Nepali,6,3,3,0,0,0,6,3,3
C0116,28,550,592649,Vinnamala (CT),015000,15 ODIA ,67,38,29,0,0,0,67,38,29
C0116,28,550,592649,Vinnamala (CT),015043, Odia,67,38,29,0,0,0,67,38,29
C0116,28,550,592649,Vinnamala (CT),018000,18 SANTALI ,6,3,3,0,0,0,6,3,3
C0116,28,550,592649,Vinnamala (CT),018040, Santali,6,3,3,0,0,0,6,3,3
C0116,28,550,592649,Vinnamala (CT),020000,20 TAMIL ,235,118,117,0,0,0,235,118,117
C0116,28,550,592649,Vinnamala (CT),020027, Tamil,235,118,117,0,0,0,235,118,117
C0116,28,550,592649,Vinnamala (CT),021000,21 TELUGU ,18347,9034,9313,0,0,0,18347,9034,9313
C0116,28,550,592649,Vinnamala (CT),021046, Telugu,18288,9007,9281,0,0,0,18288,9007,9281
C0116,28,550,592649,Vinnamala (CT),021999,21 Others,59,27,32,0,0,0,59,27,32
C0116,28,550,592649,Vinnamala (CT),022000,22 URDU,2088,1038,1050,0,0,0,2088,1038,1050
C0116,28,550,592649,Vinnamala (CT),022015, Urdu,2088,1038,1050,0,0,0,2088,1038,1050
C0116,28,550,592649,Vinnamala (CT),040000,40 ENGLISH ,2,1,1,0,0,0,2,1,1
C0116,28,550,592649,Vinnamala (CT),040001, English,2,1,1,0,0,0,2,1,1
C0116,28,550,592649,Vinnamala (CT),072000,72 KURUKH/ORAON ,3,2,1,0,0,0,3,2,1
C0116,28,550,592649,Vinnamala (CT),072024, Kurukh/Oraon,3,2,1,0,0,0,3,2,1
C0116,28,550,592650,L.A.Sagaram (CT),006000,6 HINDI ,47,28,19,0,0,0,47,28,19
C0116,28,550,592650,L.A.Sagaram (CT),006102, Bhojpuri,10,6,4,0,0,0,10,6,4
C0116,28,550,592650,L.A.Sagaram (CT),006240, Hindi,37,22,15,0,0,0,37,22,15
C0116,28,550,592650,L.A.Sagaram (CT),007000,7 KANNADA,11,6,5,0,0,0,11,6,5
C0116,28,550,592650,L.A.Sagaram (CT),007016, Kannada,11,6,5,0,0,0,11,6,5
C0116,28,550,592650,L.A.Sagaram (CT),011000,11 MALAYALAM,16,10,6,0,0,0,16,10,6
C0116,28,550,592650,L.A.Sagaram (CT),011016, Malayalam,16,10,6,0,0,0,16,10,6
C0116,28,550,592650,L.A.Sagaram (CT),013000,13 MARATHI ,7,4,3,0,0,0,7,4,3
C0116,28,550,592650,L.A.Sagaram (CT),013071, Marathi,7,4,3,0,0,0,7,4,3
C0116,28,550,592650,L.A.Sagaram (CT),014000,14 NEPALI ,1,1,0,0,0,0,1,1,0
C0116,28,550,592650,L.A.Sagaram (CT),014011, Nepali,1,1,0,0,0,0,1,1,0
C0116,28,550,592650,L.A.Sagaram (CT),015000,15 ODIA ,3,3,0,0,0,0,3,3,0
C0116,28,550,592650,L.A.Sagaram (CT),015043, Odia,3,3,0,0,0,0,3,3,0
C0116,28,550,592650,L.A.Sagaram (CT),020000,20 TAMIL ,349,176,173,0,0,0,349,176,173
C0116,28,550,592650,L.A.Sagaram (CT),020027, Tamil,349,176,173,0,0,0,349,176,173
C0116,28,550,592650,L.A.Sagaram (CT),021000,21 TELUGU ,17044,8882,8162,0,0,0,17044,8882,8162
C0116,28,550,592650,L.A.Sagaram (CT),021046, Telugu,17044,8882,8162,0,0,0,17044,8882,8162
C0116,28,550,592650,L.A.Sagaram (CT),022000,22 URDU,2417,1180,1237,0,0,0,2417,1180,1237
C0116,28,550,592650,L.A.Sagaram (CT),022015, Urdu,2417,1180,1237,0,0,0,2417,1180,1237
C0116,28,550,592650,L.A.Sagaram (CT),040000,40 ENGLISH ,4,2,2,0,0,0,4,2,2
C0116,28,550,592650,L.A.Sagaram (CT),040001, English,4,2,2,0,0,0,4,2,2
C0116,28,550,592650,L.A.Sagaram (CT),124000,124 OTHERS,5,2,3,0,0,0,5,2,3
C0116,28,550,592765,Yerrabalem (CT),002000,2 BENGALI ,1,1,0,0,0,0,1,1,0
C0116,28,550,592765,Yerrabalem (CT),002007, Bengali,1,1,0,0,0,0,1,1,0
C0116,28,550,592765,Yerrabalem (CT),005000,5 GUJARATI,1,1,0,0,0,0,1,1,0
C0116,28,550,592765,Yerrabalem (CT),005999,5 Others,1,1,0,0,0,0,1,1,0
C0116,28,550,592765,Yerrabalem (CT),006000,6 HINDI ,39,23,16,0,0,0,39,23,16
C0116,28,550,592765,Yerrabalem (CT),006235, Haryanvi,1,1,0,0,0,0,1,1,0
C0116,28,550,592765,Yerrabalem (CT),006240, Hindi,38,22,16,0,0,0,38,22,16
C0116,28,550,592765,Yerrabalem (CT),007000,7 KANNADA,17,11,6,0,0,0,17,11,6
C0116,28,550,592765,Yerrabalem (CT),007016, Kannada,17,11,6,0,0,0,17,11,6
C0116,28,550,592765,Yerrabalem (CT),011000,11 MALAYALAM,16,6,10,0,0,0,16,6,10
C0116,28,550,592765,Yerrabalem (CT),011016, Malayalam,16,6,10,0,0,0,16,6,10
C0116,28,550,592765,Yerrabalem (CT),015000,15 ODIA ,8,6,2,0,0,0,8,6,2
C0116,28,550,592765,Yerrabalem (CT),015043, Odia,8,6,2,0,0,0,8,6,2
C0116,28,550,592765,Yerrabalem (CT),020000,20 TAMIL ,245,104,141,0,0,0,245,104,141
C0116,28,550,592765,Yerrabalem (CT),020027, Tamil,245,104,141,0,0,0,245,104,141
C0116,28,550,592765,Yerrabalem (CT),021000,21 TELUGU ,7050,3528,3522,0,0,0,7050,3528,3522
C0116,28,550,592765,Yerrabalem (CT),021046, Telugu,7050,3528,3522,0,0,0,7050,3528,3522
C0116,28,550,592765,Yerrabalem (CT),022000,22 URDU,418,220,198,0,0,0,418,220,198
C0116,28,550,592765,Yerrabalem (CT),022015, Urdu,418,220,198,0,0,0,418,220,198
C0116,28,550,592765,Yerrabalem (CT),028000,28 ARABIC/ARBI ,2,1,1,0,0,0,2,1,1
C0116,28,550,592765,Yerrabalem (CT),028001, Arabic/Arbi,2,1,1,0,0,0,2,1,1
C0116,28,550,592765,Yerrabalem (CT),030000,30 BHILI/BHILODI ,4,1,3,0,0,0,4,1,3
C0116,28,550,592765,Yerrabalem (CT),030999,30 Others,4,1,3,0,0,0,4,1,3
C0116,28,550,592765,Yerrabalem (CT),124000,124 OTHERS,2,1,1,0,0,0,2,1,1
C0116,28,550,592766,Sulluru (Sullurpeta) (CT),002000,2 BENGALI ,13,11,2,0,0,0,13,11,2
C0116,28,550,592766,Sulluru (Sullurpeta) (CT),002007, Bengali,13,11,2,0,0,0,13,11,2
C0116,28,550,592766,Sulluru (Sullurpeta) (CT),005000,5 GUJARATI,34,14,20,0,0,0,34,14,20
C0116,28,550,592766,Sulluru (Sullurpeta) (CT),005018, Gujarati,34,14,20,0,0,0,34,14,20
C0116,28,550,592766,Sulluru (Sullurpeta) (CT),006000,6 HINDI ,335,185,150,0,0,0,335,185,150
C0116,28,550,592766,Sulluru (Sullurpeta) (CT),006240, Hindi,269,147,122,0,0,0,269,147,122
C0116,28,550,592766,Sulluru (Sullurpeta) (CT),006400, Marwari,37,23,14,0,0,0,37,23,14
C0116,28,550,592766,Sulluru (Sullurpeta) (CT),006489, Rajasthani,24,11,13,0,0,0,24,11,13
C0116,28,550,592766,Sulluru (Sullurpeta) (CT),006999,6 Others,5,4,1,0,0,0,5,4,1
C0116,28,550,592766,Sulluru (Sullurpeta) (CT),007000,7 KANNADA,9,5,4,0,0,0,9,5,4
C0116,28,550,592766,Sulluru (Sullurpeta) (CT),007016, Kannada,9,5,4,0,0,0,9,5,4
C0116,28,550,592766,Sulluru (Sullurpeta) (CT),011000,11 MALAYALAM,57,32,25,0,0,0,57,32,25
C0116,28,550,592766,Sulluru (Sullurpeta) (CT),011016, Malayalam,57,32,25,0,0,0,57,32,25
C0116,28,550,592766,Sulluru (Sullurpeta) (CT),013000,13 MARATHI ,29,15,14,0,0,0,29,15,14
C0116,28,550,592766,Sulluru (Sullurpeta) (CT),013071, Marathi,29,15,14,0,0,0,29,15,14
C0116,28,550,592766,Sulluru (Sullurpeta) (CT),014000,14 NEPALI ,7,4,3,0,0,0,7,4,3
C0116,28,550,592766,Sulluru (Sullurpeta) (CT),014011, Nepali,7,4,3,0,0,0,7,4,3
C0116,28,550,592766,Sulluru (Sullurpeta) (CT),015000,15 ODIA ,17,11,6,0,0,0,17,11,6
C0116,28,550,592766,Sulluru (Sullurpeta) (CT),015043, Odia,17,11,6,0,0,0,17,11,6
C0116,28,550,592766,Sulluru (Sullurpeta) (CT),018000,18 SANTALI ,4,3,1,0,0,0,4,3,1
C0116,28,550,592766,Sulluru (Sullurpeta) (CT),018040, Santali,4,3,1,0,0,0,4,3,1
C0116,28,550,592766,Sulluru (Sullurpeta) (CT),020000,20 TAMIL ,1090,499,591,0,0,0,1090,499,591
C0116,28,550,592766,Sulluru (Sullurpeta) (CT),020027, Tamil,1086,496,590,0,0,0,1086,496,590
C0116,28,550,592766,Sulluru (Sullurpeta) (CT),020029, Yerukala/Yerukula,4,3,1,0,0,0,4,3,1
C0116,28,550,592766,Sulluru (Sullurpeta) (CT),021000,21 TELUGU ,23461,10977,12484,0,0,0,23461,10977,12484
C0116,28,550,592766,Sulluru (Sullurpeta) (CT),021046, Telugu,23461,10977,12484,0,0,0,23461,10977,12484
C0116,28,550,592766,Sulluru (Sullurpeta) (CT),022000,22 URDU,2444,1195,1249,0,0,0,2444,1195,1249
C0116,28,550,592766,Sulluru (Sullurpeta) (CT),022015, Urdu,2444,1195,1249,0,0,0,2444,1195,1249
C0116,28,550,592766,Sulluru (Sullurpeta) (CT),040000,40 ENGLISH ,1,1,0,0,0,0,1,1,0
C0116,28,550,592766,Sulluru (Sullurpeta) (CT),040001, English,1,1,0,0,0,0,1,1,0
C0116,28,550,592766,Sulluru (Sullurpeta) (CT),124000,124 OTHERS,3,3,0,0,0,0,3,3,0
C0116,28,550,592791,Tada Khandrika (CT),006000,6 HINDI ,10,6,4,0,0,0,10,6,4
C0116,28,550,592791,Tada Khandrika (CT),006240, Hindi,10,6,4,0,0,0,10,6,4
C0116,28,550,592791,Tada Khandrika (CT),007000,7 KANNADA,7,4,3,0,0,0,7,4,3
C0116,28,550,592791,Tada Khandrika (CT),007016, Kannada,7,4,3,0,0,0,7,4,3
C0116,28,550,592791,Tada Khandrika (CT),011000,11 MALAYALAM,10,6,4,0,0,0,10,6,4
C0116,28,550,592791,Tada Khandrika (CT),011016, Malayalam,10,6,4,0,0,0,10,6,4
C0116,28,550,592791,Tada Khandrika (CT),015000,15 ODIA ,11,5,6,0,0,0,11,5,6
C0116,28,550,592791,Tada Khandrika (CT),015043, Odia,11,5,6,0,0,0,11,5,6
C0116,28,550,592791,Tada Khandrika (CT),020000,20 TAMIL ,1248,569,679,0,0,0,1248,569,679
C0116,28,550,592791,Tada Khandrika (CT),020027, Tamil,1248,569,679,0,0,0,1248,569,679
C0116,28,550,592791,Tada Khandrika (CT),021000,21 TELUGU ,4065,2090,1975,0,0,0,4065,2090,1975
C0116,28,550,592791,Tada Khandrika (CT),021046, Telugu,4065,2090,1975,0,0,0,4065,2090,1975
C0116,28,550,592791,Tada Khandrika (CT),022000,22 URDU,772,386,386,0,0,0,772,386,386
C0116,28,550,592791,Tada Khandrika (CT),022015, Urdu,772,386,386,0,0,0,772,386,386
C0116,28,551,000000,Y.S.R.,001000,1 ASSAMESE,6,6,0,0,0,0,6,6,0
C0116,28,551,000000,Y.S.R.,001002, Assamese,6,6,0,0,0,0,6,6,0
C0116,28,551,000000,Y.S.R.,002000,2 BENGALI ,83,50,33,0,0,0,83,50,33
C0116,28,551,000000,Y.S.R.,002007, Bengali,82,49,33,0,0,0,82,49,33
C0116,28,551,000000,Y.S.R.,002999,2 Others,1,1,0,0,0,0,1,1,0
C0116,28,551,000000,Y.S.R.,005000,5 GUJARATI,136,67,69,0,0,0,136,67,69
C0116,28,551,000000,Y.S.R.,005018, Gujarati,130,64,66,0,0,0,130,64,66
C0116,28,551,000000,Y.S.R.,005999,5 Others,6,3,3,0,0,0,6,3,3
C0116,28,551,000000,Y.S.R.,006000,6 HINDI ,4900,2646,2254,0,0,0,4900,2646,2254
C0116,28,551,000000,Y.S.R.,006066, Banjari,3,1,2,0,0,0,3,1,2
C0116,28,551,000000,Y.S.R.,006240, Hindi,2042,1156,886,0,0,0,2042,1156,886
C0116,28,551,000000,Y.S.R.,006353, Lamani/Lambadi,706,357,349,0,0,0,706,357,349
C0116,28,551,000000,Y.S.R.,006400, Marwari,572,313,259,0,0,0,572,313,259
C0116,28,551,000000,Y.S.R.,006489, Rajasthani,172,102,70,0,0,0,172,102,70
C0116,28,551,000000,Y.S.R.,006541, Sugali,1393,709,684,0,0,0,1393,709,684
C0116,28,551,000000,Y.S.R.,006999,6 Others,12,8,4,0,0,0,12,8,4
C0116,28,551,000000,Y.S.R.,007000,7 KANNADA,867,395,472,0,0,0,867,395,472
C0116,28,551,000000,Y.S.R.,007002, Badaga,1,0,1,0,0,0,1,0,1
C0116,28,551,000000,Y.S.R.,007016, Kannada,866,395,471,0,0,0,866,395,471
C0116,28,551,000000,Y.S.R.,009000,9 KONKANI,1,0,1,0,0,0,1,0,1
C0116,28,551,000000,Y.S.R.,009011, Konkani,1,0,1,0,0,0,1,0,1
C0116,28,551,000000,Y.S.R.,011000,11 MALAYALAM,332,127,205,0,0,0,332,127,205
C0116,28,551,000000,Y.S.R.,011016, Malayalam,332,127,205,0,0,0,332,127,205
C0116,28,551,000000,Y.S.R.,013000,13 MARATHI ,2887,1462,1425,0,0,0,2887,1462,1425
C0116,28,551,000000,Y.S.R.,013071, Marathi,2887,1462,1425,0,0,0,2887,1462,1425
C0116,28,551,000000,Y.S.R.,014000,14 NEPALI ,141,82,59,0,0,0,141,82,59
C0116,28,551,000000,Y.S.R.,014011, Nepali,141,82,59,0,0,0,141,82,59
C0116,28,551,000000,Y.S.R.,015000,15 ODIA ,58,32,26,0,0,0,58,32,26
C0116,28,551,000000,Y.S.R.,015043, Odia,58,32,26,0,0,0,58,32,26
C0116,28,551,000000,Y.S.R.,016000,16 PUNJABI ,8,3,5,0,0,0,8,3,5
C0116,28,551,000000,Y.S.R.,016038, Punjabi,8,3,5,0,0,0,8,3,5
C0116,28,551,000000,Y.S.R.,017000,17 SANSKRIT ,2,1,1,0,0,0,2,1,1
C0116,28,551,000000,Y.S.R.,017002, Sanskrit,2,1,1,0,0,0,2,1,1
C0116,28,551,000000,Y.S.R.,020000,20 TAMIL ,2259,1135,1124,0,0,0,2259,1135,1124
C0116,28,551,000000,Y.S.R.,020027, Tamil,1744,878,866,0,0,0,1744,878,866
C0116,28,551,000000,Y.S.R.,020029, Yerukala/Yerukula,503,250,253,0,0,0,503,250,253
C0116,28,551,000000,Y.S.R.,020999,20 Others,12,7,5,0,0,0,12,7,5
C0116,28,551,000000,Y.S.R.,021000,21 TELUGU ,716370,359126,357244,0,0,0,716370,359126,357244
C0116,28,551,000000,Y.S.R.,021046, Telugu,716370,359126,357244,0,0,0,716370,359126,357244
C0116,28,551,000000,Y.S.R.,022000,22 URDU,250874,126843,124031,0,0,0,250874,126843,124031
C0116,28,551,000000,Y.S.R.,022015, Urdu,250843,126825,124018,0,0,0,250843,126825,124018
C0116,28,551,000000,Y.S.R.,022999,22 Others,31,18,13,0,0,0,31,18,13
C0116,28,551,000000,Y.S.R.,028000,28 ARABIC/ARBI ,10,2,8,0,0,0,10,2,8
C0116,28,551,000000,Y.S.R.,028001, Arabic/Arbi,10,2,8,0,0,0,10,2,8
C0116,28,551,000000,Y.S.R.,030000,30 BHILI/BHILODI ,3,1,2,0,0,0,3,1,2
C0116,28,551,000000,Y.S.R.,030035, Kokna/Kokni/Kukna,2,1,1,0,0,0,2,1,1
C0116,28,551,000000,Y.S.R.,030999,30 Others,1,0,1,0,0,0,1,0,1
C0116,28,551,000000,Y.S.R.,040000,40 ENGLISH ,162,89,73,0,0,0,162,89,73
C0116,28,551,000000,Y.S.R.,040001, English,162,89,73,0,0,0,162,89,73
C0116,28,551,000000,Y.S.R.,046000,46 HALAM ,2,1,1,0,0,0,2,1,1
C0116,28,551,000000,Y.S.R.,046003, Halam,2,1,1,0,0,0,2,1,1
C0116,28,551,000000,Y.S.R.,117000,117 TULU ,4,2,2,0,0,0,4,2,2
C0116,28,551,000000,Y.S.R.,117009, Tulu,4,2,2,0,0,0,4,2,2
C0116,28,551,000000,Y.S.R.,124000,124 OTHERS,27,14,13,0,0,0,27,14,13
C0116,28,551,802994,Badvel (M) (Part),002000,2 BENGALI ,1,1,0,0,0,0,1,1,0
C0116,28,551,802994,Badvel (M) (Part),002007, Bengali,1,1,0,0,0,0,1,1,0
C0116,28,551,802994,Badvel (M) (Part),006000,6 HINDI ,49,20,29,0,0,0,49,20,29
C0116,28,551,802994,Badvel (M) (Part),006240, Hindi,28,13,15,0,0,0,28,13,15
C0116,28,551,802994,Badvel (M) (Part),006353, Lamani/Lambadi,21,7,14,0,0,0,21,7,14
C0116,28,551,802994,Badvel (M) (Part),007000,7 KANNADA,14,5,9,0,0,0,14,5,9
C0116,28,551,802994,Badvel (M) (Part),007016, Kannada,14,5,9,0,0,0,14,5,9
C0116,28,551,802994,Badvel (M) (Part),013000,13 MARATHI ,40,20,20,0,0,0,40,20,20
C0116,28,551,802994,Badvel (M) (Part),013071, Marathi,40,20,20,0,0,0,40,20,20
C0116,28,551,802994,Badvel (M) (Part),014000,14 NEPALI ,5,4,1,0,0,0,5,4,1
C0116,28,551,802994,Badvel (M) (Part),014011, Nepali,5,4,1,0,0,0,5,4,1
C0116,28,551,802994,Badvel (M) (Part),020000,20 TAMIL ,16,9,7,0,0,0,16,9,7
C0116,28,551,802994,Badvel (M) (Part),020027, Tamil,16,9,7,0,0,0,16,9,7
C0116,28,551,802994,Badvel (M) (Part),021000,21 TELUGU ,26511,13346,13165,0,0,0,26511,13346,13165
C0116,28,551,802994,Badvel (M) (Part),021046, Telugu,26511,13346,13165,0,0,0,26511,13346,13165
C0116,28,551,802994,Badvel (M) (Part),022000,22 URDU,2183,1113,1070,0,0,0,2183,1113,1070
C0116,28,551,802994,Badvel (M) (Part),022015, Urdu,2183,1113,1070,0,0,0,2183,1113,1070
C0116,28,551,802994,Badvel (M) (Part),002000,2 BENGALI ,4,3,1,0,0,0,4,3,1
C0116,28,551,802994,Badvel (M) (Part),002007, Bengali,3,2,1,0,0,0,3,2,1
C0116,28,551,802994,Badvel (M) (Part),002999,2 Others,1,1,0,0,0,0,1,1,0
C0116,28,551,802994,Badvel (M) (Part),005000,5 GUJARATI,1,0,1,0,0,0,1,0,1
C0116,28,551,802994,Badvel (M) (Part),005999,5 Others,1,0,1,0,0,0,1,0,1
C0116,28,551,802994,Badvel (M) (Part),006000,6 HINDI ,67,37,30,0,0,0,67,37,30
C0116,28,551,802994,Badvel (M) (Part),006240, Hindi,55,29,26,0,0,0,55,29,26
C0116,28,551,802994,Badvel (M) (Part),006400, Marwari,7,6,1,0,0,0,7,6,1
C0116,28,551,802994,Badvel (M) (Part),006489, Rajasthani,5,2,3,0,0,0,5,2,3
C0116,28,551,802994,Badvel (M) (Part),007000,7 KANNADA,15,8,7,0,0,0,15,8,7
C0116,28,551,802994,Badvel (M) (Part),007016, Kannada,15,8,7,0,0,0,15,8,7
C0116,28,551,802994,Badvel (M) (Part),011000,11 MALAYALAM,2,0,2,0,0,0,2,0,2
C0116,28,551,802994,Badvel (M) (Part),011016, Malayalam,2,0,2,0,0,0,2,0,2
C0116,28,551,802994,Badvel (M) (Part),013000,13 MARATHI ,67,28,39,0,0,0,67,28,39
C0116,28,551,802994,Badvel (M) (Part),013071, Marathi,67,28,39,0,0,0,67,28,39
C0116,28,551,802994,Badvel (M) (Part),014000,14 NEPALI ,15,8,7,0,0,0,15,8,7
C0116,28,551,802994,Badvel (M) (Part),014011, Nepali,15,8,7,0,0,0,15,8,7
C0116,28,551,802994,Badvel (M) (Part),020000,20 TAMIL ,30,17,13,0,0,0,30,17,13
C0116,28,551,802994,Badvel (M) (Part),020027, Tamil,30,17,13,0,0,0,30,17,13
C0116,28,551,802994,Badvel (M) (Part),021000,21 TELUGU ,35590,18417,17173,0,0,0,35590,18417,17173
C0116,28,551,802994,Badvel (M) (Part),021046, Telugu,35590,18417,17173,0,0,0,35590,18417,17173
C0116,28,551,802994,Badvel (M) (Part),022000,22 URDU,6008,3039,2969,0,0,0,6008,3039,2969
C0116,28,551,802994,Badvel (M) (Part),022015, Urdu,6008,3039,2969,0,0,0,6008,3039,2969
C0116,28,551,802994,Badvel (M) (Part),040000,40 ENGLISH ,8,6,2,0,0,0,8,6,2
C0116,28,551,802994,Badvel (M) (Part),040001, English,8,6,2,0,0,0,8,6,2
C0116,28,551,802995,Proddatur (M + OG),002000,2 BENGALI ,29,15,14,0,0,0,29,15,14
C0116,28,551,802995,Proddatur (M + OG),002007, Bengali,29,15,14,0,0,0,29,15,14
C0116,28,551,802995,Proddatur (M + OG),005000,5 GUJARATI,2,2,0,0,0,0,2,2,0
C0116,28,551,802995,Proddatur (M + OG),005018, Gujarati,1,1,0,0,0,0,1,1,0
C0116,28,551,802995,Proddatur (M + OG),005999,5 Others,1,1,0,0,0,0,1,1,0
C0116,28,551,802995,Proddatur (M + OG),006000,6 HINDI ,446,244,202,0,0,0,446,244,202
C0116,28,551,802995,Proddatur (M + OG),006066, Banjari,3,1,2,0,0,0,3,1,2
C0116,28,551,802995,Proddatur (M + OG),006240, Hindi,240,137,103,0,0,0,240,137,103
C0116,28,551,802995,Proddatur (M + OG),006353, Lamani/Lambadi,16,9,7,0,0,0,16,9,7
C0116,28,551,802995,Proddatur (M + OG),006400, Marwari,11,9,2,0,0,0,11,9,2
C0116,28,551,802995,Proddatur (M + OG),006489, Rajasthani,3,2,1,0,0,0,3,2,1
C0116,28,551,802995,Proddatur (M + OG),006541, Sugali,173,86,87,0,0,0,173,86,87
C0116,28,551,802995,Proddatur (M + OG),007000,7 KANNADA,80,36,44,0,0,0,80,36,44
C0116,28,551,802995,Proddatur (M + OG),007016, Kannada,80,36,44,0,0,0,80,36,44
C0116,28,551,802995,Proddatur (M + OG),011000,11 MALAYALAM,76,34,42,0,0,0,76,34,42
C0116,28,551,802995,Proddatur (M + OG),011016, Malayalam,76,34,42,0,0,0,76,34,42
C0116,28,551,802995,Proddatur (M + OG),013000,13 MARATHI ,446,218,228,0,0,0,446,218,228
C0116,28,551,802995,Proddatur (M + OG),013071, Marathi,446,218,228,0,0,0,446,218,228
C0116,28,551,802995,Proddatur (M + OG),014000,14 NEPALI ,28,16,12,0,0,0,28,16,12
C0116,28,551,802995,Proddatur (M + OG),014011, Nepali,28,16,12,0,0,0,28,16,12
C0116,28,551,802995,Proddatur (M + OG),015000,15 ODIA ,16,7,9,0,0,0,16,7,9
C0116,28,551,802995,Proddatur (M + OG),015043, Odia,16,7,9,0,0,0,16,7,9
C0116,28,551,802995,Proddatur (M + OG),016000,16 PUNJABI ,6,2,4,0,0,0,6,2,4
C0116,28,551,802995,Proddatur (M + OG),016038, Punjabi,6,2,4,0,0,0,6,2,4
C0116,28,551,802995,Proddatur (M + OG),020000,20 TAMIL ,215,113,102,0,0,0,215,113,102
C0116,28,551,802995,Proddatur (M + OG),020027, Tamil,215,113,102,0,0,0,215,113,102
C0116,28,551,802995,Proddatur (M + OG),021000,21 TELUGU ,122491,61142,61349,0,0,0,122491,61142,61349
C0116,28,551,802995,Proddatur (M + OG),021046, Telugu,122491,61142,61349,0,0,0,122491,61142,61349
C0116,28,551,802995,Proddatur (M + OG),022000,22 URDU,40111,20034,20077,0,0,0,40111,20034,20077
C0116,28,551,802995,Proddatur (M + OG),022015, Urdu,40111,20034,20077,0,0,0,40111,20034,20077
C0116,28,551,802995,Proddatur (M + OG),028000,28 ARABIC/ARBI ,4,0,4,0,0,0,4,0,4
C0116,28,551,802995,Proddatur (M + OG),028001, Arabic/Arbi,4,0,4,0,0,0,4,0,4
C0116,28,551,802995,Proddatur (M + OG),040000,40 ENGLISH ,19,11,8,0,0,0,19,11,8
C0116,28,551,802995,Proddatur (M + OG),040001, English,19,11,8,0,0,0,19,11,8
C0116,28,551,802995,Proddatur (M + OG),124000,124 OTHERS,1,0,1,0,0,0,1,0,1
C0116,28,551,802996,Jammalamadugu (NP),002000,2 BENGALI ,5,4,1,0,0,0,5,4,1
C0116,28,551,802996,Jammalamadugu (NP),002007, Bengali,5,4,1,0,0,0,5,4,1
C0116,28,551,802996,Jammalamadugu (NP),006000,6 HINDI ,74,39,35,0,0,0,74,39,35
C0116,28,551,802996,Jammalamadugu (NP),006240, Hindi,44,23,21,0,0,0,44,23,21
C0116,28,551,802996,Jammalamadugu (NP),006353, Lamani/Lambadi,13,5,8,0,0,0,13,5,8
C0116,28,551,802996,Jammalamadugu (NP),006541, Sugali,17,11,6,0,0,0,17,11,6
C0116,28,551,802996,Jammalamadugu (NP),007000,7 KANNADA,37,15,22,0,0,0,37,15,22
C0116,28,551,802996,Jammalamadugu (NP),007002, Badaga,1,0,1,0,0,0,1,0,1
C0116,28,551,802996,Jammalamadugu (NP),007016, Kannada,36,15,21,0,0,0,36,15,21
C0116,28,551,802996,Jammalamadugu (NP),011000,11 MALAYALAM,64,4,60,0,0,0,64,4,60
C0116,28,551,802996,Jammalamadugu (NP),011016, Malayalam,64,4,60,0,0,0,64,4,60
C0116,28,551,802996,Jammalamadugu (NP),013000,13 MARATHI ,737,373,364,0,0,0,737,373,364
C0116,28,551,802996,Jammalamadugu (NP),013071, Marathi,737,373,364,0,0,0,737,373,364
C0116,28,551,802996,Jammalamadugu (NP),014000,14 NEPALI ,6,4,2,0,0,0,6,4,2
C0116,28,551,802996,Jammalamadugu (NP),014011, Nepali,6,4,2,0,0,0,6,4,2
C0116,28,551,802996,Jammalamadugu (NP),015000,15 ODIA ,2,1,1,0,0,0,2,1,1
C0116,28,551,802996,Jammalamadugu (NP),015043, Odia,2,1,1,0,0,0,2,1,1
C0116,28,551,802996,Jammalamadugu (NP),020000,20 TAMIL ,143,41,102,0,0,0,143,41,102
C0116,28,551,802996,Jammalamadugu (NP),020027, Tamil,93,15,78,0,0,0,93,15,78
C0116,28,551,802996,Jammalamadugu (NP),020029, Yerukala/Yerukula,50,26,24,0,0,0,50,26,24
C0116,28,551,802996,Jammalamadugu (NP),021000,21 TELUGU ,36013,17675,18338,0,0,0,36013,17675,18338
C0116,28,551,802996,Jammalamadugu (NP),021046, Telugu,36013,17675,18338,0,0,0,36013,17675,18338
C0116,28,551,802996,Jammalamadugu (NP),022000,22 URDU,8983,4477,4506,0,0,0,8983,4477,4506
C0116,28,551,802996,Jammalamadugu (NP),022015, Urdu,8983,4477,4506,0,0,0,8983,4477,4506
C0116,28,551,802996,Jammalamadugu (NP),124000,124 OTHERS,5,3,2,0,0,0,5,3,2
C0116,28,551,802997,Pulivendla (M),002000,2 BENGALI ,7,4,3,0,0,0,7,4,3
C0116,28,551,802997,Pulivendla (M),002007, Bengali,7,4,3,0,0,0,7,4,3
C0116,28,551,802997,Pulivendla (M),006000,6 HINDI ,176,93,83,0,0,0,176,93,83
C0116,28,551,802997,Pulivendla (M),006240, Hindi,77,48,29,0,0,0,77,48,29
C0116,28,551,802997,Pulivendla (M),006353, Lamani/Lambadi,24,9,15,0,0,0,24,9,15
C0116,28,551,802997,Pulivendla (M),006489, Rajasthani,7,5,2,0,0,0,7,5,2
C0116,28,551,802997,Pulivendla (M),006541, Sugali,68,31,37,0,0,0,68,31,37
C0116,28,551,802997,Pulivendla (M),007000,7 KANNADA,37,15,22,0,0,0,37,15,22
C0116,28,551,802997,Pulivendla (M),007016, Kannada,37,15,22,0,0,0,37,15,22
C0116,28,551,802997,Pulivendla (M),009000,9 KONKANI,1,0,1,0,0,0,1,0,1
C0116,28,551,802997,Pulivendla (M),009011, Konkani,1,0,1,0,0,0,1,0,1
C0116,28,551,802997,Pulivendla (M),011000,11 MALAYALAM,26,8,18,0,0,0,26,8,18
C0116,28,551,802997,Pulivendla (M),011016, Malayalam,26,8,18,0,0,0,26,8,18
C0116,28,551,802997,Pulivendla (M),013000,13 MARATHI ,366,184,182,0,0,0,366,184,182
C0116,28,551,802997,Pulivendla (M),013071, Marathi,366,184,182,0,0,0,366,184,182
C0116,28,551,802997,Pulivendla (M),014000,14 NEPALI ,17,8,9,0,0,0,17,8,9
C0116,28,551,802997,Pulivendla (M),014011, Nepali,17,8,9,0,0,0,17,8,9
C0116,28,551,802997,Pulivendla (M),015000,15 ODIA ,10,4,6,0,0,0,10,4,6
C0116,28,551,802997,Pulivendla (M),015043, Odia,10,4,6,0,0,0,10,4,6
C0116,28,551,802997,Pulivendla (M),020000,20 TAMIL ,88,48,40,0,0,0,88,48,40
C0116,28,551,802997,Pulivendla (M),020027, Tamil,88,48,40,0,0,0,88,48,40
C0116,28,551,802997,Pulivendla (M),021000,21 TELUGU ,57761,28786,28975,0,0,0,57761,28786,28975
C0116,28,551,802997,Pulivendla (M),021046, Telugu,57761,28786,28975,0,0,0,57761,28786,28975
C0116,28,551,802997,Pulivendla (M),022000,22 URDU,7210,3602,3608,0,0,0,7210,3602,3608
C0116,28,551,802997,Pulivendla (M),022015, Urdu,7195,3593,3602,0,0,0,7195,3593,3602
C0116,28,551,802997,Pulivendla (M),022999,22 Others,15,9,6,0,0,0,15,9,6
C0116,28,551,802997,Pulivendla (M),030000,30 BHILI/BHILODI ,2,1,1,0,0,0,2,1,1
C0116,28,551,802997,Pulivendla (M),030035, Kokna/Kokni/Kukna,2,1,1,0,0,0,2,1,1
C0116,28,551,802997,Pulivendla (M),040000,40 ENGLISH ,5,5,0,0,0,0,5,5,0
C0116,28,551,802997,Pulivendla (M),040001, English,5,5,0,0,0,0,5,5,0
C0116,28,551,802998,Kadapa (M Corp. + OG) (Part),021000,21 TELUGU ,2552,1296,1256,0,0,0,2552,1296,1256
C0116,28,551,802998,Kadapa (M Corp. + OG) (Part),021046, Telugu,2552,1296,1256,0,0,0,2552,1296,1256
C0116,28,551,802998,Kadapa (M Corp. + OG) (Part),022000,22 URDU,21,5,16,0,0,0,21,5,16
C0116,28,551,802998,Kadapa (M Corp. + OG) (Part),022015, Urdu,21,5,16,0,0,0,21,5,16
C0116,28,551,802998,Kadapa (M Corp. + OG) (Part),002000,2 BENGALI ,24,15,9,0,0,0,24,15,9
C0116,28,551,802998,Kadapa (M Corp. + OG) (Part),002007, Bengali,24,15,9,0,0,0,24,15,9
C0116,28,551,802998,Kadapa (M Corp. + OG) (Part),005000,5 GUJARATI,132,64,68,0,0,0,132,64,68
C0116,28,551,802998,Kadapa (M Corp. + OG) (Part),005018, Gujarati,129,63,66,0,0,0,129,63,66
C0116,28,551,802998,Kadapa (M Corp. + OG) (Part),005999,5 Others,3,1,2,0,0,0,3,1,2
C0116,28,551,802998,Kadapa (M Corp. + OG) (Part),006000,6 HINDI ,1945,1053,892,0,0,0,1945,1053,892
C0116,28,551,802998,Kadapa (M Corp. + OG) (Part),006240, Hindi,1091,601,490,0,0,0,1091,601,490
C0116,28,551,802998,Kadapa (M Corp. + OG) (Part),006353, Lamani/Lambadi,98,50,48,0,0,0,98,50,48
C0116,28,551,802998,Kadapa (M Corp. + OG) (Part),006400, Marwari,480,254,226,0,0,0,480,254,226
C0116,28,551,802998,Kadapa (M Corp. + OG) (Part),006489, Rajasthani,41,26,15,0,0,0,41,26,15
C0116,28,551,802998,Kadapa (M Corp. + OG) (Part),006541, Sugali,228,117,111,0,0,0,228,117,111
C0116,28,551,802998,Kadapa (M Corp. + OG) (Part),006999,6 Others,7,5,2,0,0,0,7,5,2
C0116,28,551,802998,Kadapa (M Corp. + OG) (Part),007000,7 KANNADA,495,227,268,0,0,0,495,227,268
C0116,28,551,802998,Kadapa (M Corp. + OG) (Part),007016, Kannada,495,227,268,0,0,0,495,227,268
C0116,28,551,802998,Kadapa (M Corp. + OG) (Part),011000,11 MALAYALAM,85,44,41,0,0,0,85,44,41
C0116,28,551,802998,Kadapa (M Corp. + OG) (Part),011016, Malayalam,85,44,41,0,0,0,85,44,41
C0116,28,551,802998,Kadapa (M Corp. + OG) (Part),013000,13 MARATHI ,1004,515,489,0,0,0,1004,515,489
C0116,28,551,802998,Kadapa (M Corp. + OG) (Part),013071, Marathi,1004,515,489,0,0,0,1004,515,489
C0116,28,551,802998,Kadapa (M Corp. + OG) (Part),014000,14 NEPALI ,48,30,18,0,0,0,48,30,18
C0116,28,551,802998,Kadapa (M Corp. + OG) (Part),014011, Nepali,48,30,18,0,0,0,48,30,18
C0116,28,551,802998,Kadapa (M Corp. + OG) (Part),015000,15 ODIA ,18,12,6,0,0,0,18,12,6
C0116,28,551,802998,Kadapa (M Corp. + OG) (Part),015043, Odia,18,12,6,0,0,0,18,12,6
C0116,28,551,802998,Kadapa (M Corp. + OG) (Part),016000,16 PUNJABI ,2,1,1,0,0,0,2,1,1
C0116,28,551,802998,Kadapa (M Corp. + OG) (Part),016038, Punjabi,2,1,1,0,0,0,2,1,1
C0116,28,551,802998,Kadapa (M Corp. + OG) (Part),017000,17 SANSKRIT ,2,1,1,0,0,0,2,1,1
C0116,28,551,802998,Kadapa (M Corp. + OG) (Part),017002, Sanskrit,2,1,1,0,0,0,2,1,1
C0116,28,551,802998,Kadapa (M Corp. + OG) (Part),020000,20 TAMIL ,1032,515,517,0,0,0,1032,515,517
C0116,28,551,802998,Kadapa (M Corp. + OG) (Part),020027, Tamil,679,340,339,0,0,0,679,340,339
C0116,28,551,802998,Kadapa (M Corp. + OG) (Part),020029, Yerukala/Yerukula,352,174,178,0,0,0,352,174,178
C0116,28,551,802998,Kadapa (M Corp. + OG) (Part),020999,20 Others,1,1,0,0,0,0,1,1,0
C0116,28,551,802998,Kadapa (M Corp. + OG) (Part),021000,21 TELUGU ,211082,105642,105440,0,0,0,211082,105642,105440
C0116,28,551,802998,Kadapa (M Corp. + OG) (Part),021046, Telugu,211082,105642,105440,0,0,0,211082,105642,105440
C0116,28,551,802998,Kadapa (M Corp. + OG) (Part),022000,22 URDU,102992,51990,51002,0,0,0,102992,51990,51002
C0116,28,551,802998,Kadapa (M Corp. + OG) (Part),022015, Urdu,102976,51981,50995,0,0,0,102976,51981,50995
C0116,28,551,802998,Kadapa (M Corp. + OG) (Part),022999,22 Others,16,9,7,0,0,0,16,9,7
C0116,28,551,802998,Kadapa (M Corp. + OG) (Part),028000,28 ARABIC/ARBI ,1,0,1,0,0,0,1,0,1
C0116,28,551,802998,Kadapa (M Corp. + OG) (Part),028001, Arabic/Arbi,1,0,1,0,0,0,1,0,1
C0116,28,551,802998,Kadapa (M Corp. + OG) (Part),030000,30 BHILI/BHILODI ,1,0,1,0,0,0,1,0,1
C0116,28,551,802998,Kadapa (M Corp. + OG) (Part),030999,30 Others,1,0,1,0,0,0,1,0,1
C0116,28,551,802998,Kadapa (M Corp. + OG) (Part),040000,40 ENGLISH ,27,15,12,0,0,0,27,15,12
C0116,28,551,802998,Kadapa (M Corp. + OG) (Part),040001, English,27,15,12,0,0,0,27,15,12
C0116,28,551,802998,Kadapa (M Corp. + OG) (Part),046000,46 HALAM ,2,1,1,0,0,0,2,1,1
C0116,28,551,802998,Kadapa (M Corp. + OG) (Part),046003, Halam,2,1,1,0,0,0,2,1,1
C0116,28,551,802998,Kadapa (M Corp. + OG) (Part),117000,117 TULU ,4,2,2,0,0,0,4,2,2
C0116,28,551,802998,Kadapa (M Corp. + OG) (Part),117009, Tulu,4,2,2,0,0,0,4,2,2
C0116,28,551,802998,Kadapa (M Corp. + OG) (Part),124000,124 OTHERS,20,10,10,0,0,0,20,10,10
C0116,28,551,802998,Kadapa (M Corp. + OG) (Part),006000,6 HINDI ,527,275,252,0,0,0,527,275,252
C0116,28,551,802998,Kadapa (M Corp. + OG) (Part),006240, Hindi,26,12,14,0,0,0,26,12,14
C0116,28,551,802998,Kadapa (M Corp. + OG) (Part),006353, Lamani/Lambadi,214,107,107,0,0,0,214,107,107
C0116,28,551,802998,Kadapa (M Corp. + OG) (Part),006541, Sugali,287,156,131,0,0,0,287,156,131
C0116,28,551,802998,Kadapa (M Corp. + OG) (Part),007000,7 KANNADA,4,1,3,0,0,0,4,1,3
C0116,28,551,802998,Kadapa (M Corp. + OG) (Part),007016, Kannada,4,1,3,0,0,0,4,1,3
C0116,28,551,802998,Kadapa (M Corp. + OG) (Part),011000,11 MALAYALAM,10,4,6,0,0,0,10,4,6
C0116,28,551,802998,Kadapa (M Corp. + OG) (Part),011016, Malayalam,10,4,6,0,0,0,10,4,6
C0116,28,551,802998,Kadapa (M Corp. + OG) (Part),013000,13 MARATHI ,16,9,7,0,0,0,16,9,7
C0116,28,551,802998,Kadapa (M Corp. + OG) (Part),013071, Marathi,16,9,7,0,0,0,16,9,7
C0116,28,551,802998,Kadapa (M Corp. + OG) (Part),015000,15 ODIA ,1,1,0,0,0,0,1,1,0
C0116,28,551,802998,Kadapa (M Corp. + OG) (Part),015043, Odia,1,1,0,0,0,0,1,1,0
C0116,28,551,802998,Kadapa (M Corp. + OG) (Part),020000,20 TAMIL ,69,39,30,0,0,0,69,39,30
C0116,28,551,802998,Kadapa (M Corp. + OG) (Part),020027, Tamil,65,36,29,0,0,0,65,36,29
C0116,28,551,802998,Kadapa (M Corp. + OG) (Part),020029, Yerukala/Yerukula,4,3,1,0,0,0,4,3,1
C0116,28,551,802998,Kadapa (M Corp. + OG) (Part),021000,21 TELUGU ,18733,9481,9252,0,0,0,18733,9481,9252
C0116,28,551,802998,Kadapa (M Corp. + OG) (Part),021046, Telugu,18733,9481,9252,0,0,0,18733,9481,9252
C0116,28,551,802998,Kadapa (M Corp. + OG) (Part),022000,22 URDU,4043,2065,1978,0,0,0,4043,2065,1978
C0116,28,551,802998,Kadapa (M Corp. + OG) (Part),022015, Urdu,4043,2065,1978,0,0,0,4043,2065,1978
C0116,28,551,802998,Kadapa (M Corp. + OG) (Part),124000,124 OTHERS,1,1,0,0,0,0,1,1,0
C0116,28,551,802999,Rayachoti (M),002000,2 BENGALI ,3,2,1,0,0,0,3,2,1
C0116,28,551,802999,Rayachoti (M),002007, Bengali,3,2,1,0,0,0,3,2,1
C0116,28,551,802999,Rayachoti (M),005000,5 GUJARATI,1,1,0,0,0,0,1,1,0
C0116,28,551,802999,Rayachoti (M),005999,5 Others,1,1,0,0,0,0,1,1,0
C0116,28,551,802999,Rayachoti (M),006000,6 HINDI ,461,236,225,0,0,0,461,236,225
C0116,28,551,802999,Rayachoti (M),006240, Hindi,92,57,35,0,0,0,92,57,35
C0116,28,551,802999,Rayachoti (M),006353, Lamani/Lambadi,61,28,33,0,0,0,61,28,33
C0116,28,551,802999,Rayachoti (M),006489, Rajasthani,26,15,11,0,0,0,26,15,11
C0116,28,551,802999,Rayachoti (M),006541, Sugali,282,136,146,0,0,0,282,136,146
C0116,28,551,802999,Rayachoti (M),007000,7 KANNADA,42,18,24,0,0,0,42,18,24
C0116,28,551,802999,Rayachoti (M),007016, Kannada,42,18,24,0,0,0,42,18,24
C0116,28,551,802999,Rayachoti (M),011000,11 MALAYALAM,11,9,2,0,0,0,11,9,2
C0116,28,551,802999,Rayachoti (M),011016, Malayalam,11,9,2,0,0,0,11,9,2
C0116,28,551,802999,Rayachoti (M),013000,13 MARATHI ,56,33,23,0,0,0,56,33,23
C0116,28,551,802999,Rayachoti (M),013071, Marathi,56,33,23,0,0,0,56,33,23
C0116,28,551,802999,Rayachoti (M),014000,14 NEPALI ,4,2,2,0,0,0,4,2,2
C0116,28,551,802999,Rayachoti (M),014011, Nepali,4,2,2,0,0,0,4,2,2
C0116,28,551,802999,Rayachoti (M),020000,20 TAMIL ,173,95,78,0,0,0,173,95,78
C0116,28,551,802999,Rayachoti (M),020027, Tamil,102,56,46,0,0,0,102,56,46
C0116,28,551,802999,Rayachoti (M),020029, Yerukala/Yerukula,60,33,27,0,0,0,60,33,27
C0116,28,551,802999,Rayachoti (M),020999,20 Others,11,6,5,0,0,0,11,6,5
C0116,28,551,802999,Rayachoti (M),021000,21 TELUGU ,48349,24362,23987,0,0,0,48349,24362,23987
C0116,28,551,802999,Rayachoti (M),021046, Telugu,48349,24362,23987,0,0,0,48349,24362,23987
C0116,28,551,802999,Rayachoti (M),022000,22 URDU,42129,21756,20373,0,0,0,42129,21756,20373
C0116,28,551,802999,Rayachoti (M),022015, Urdu,42129,21756,20373,0,0,0,42129,21756,20373
C0116,28,551,802999,Rayachoti (M),040000,40 ENGLISH ,5,3,2,0,0,0,5,3,2
C0116,28,551,802999,Rayachoti (M),040001, English,5,3,2,0,0,0,5,3,2
C0116,28,551,803000,Rajampet (NP + OG),006000,6 HINDI ,501,281,220,0,0,0,501,281,220
C0116,28,551,803000,Rajampet (NP + OG),006240, Hindi,141,85,56,0,0,0,141,85,56
C0116,28,551,803000,Rajampet (NP + OG),006353, Lamani/Lambadi,128,71,57,0,0,0,128,71,57
C0116,28,551,803000,Rajampet (NP + OG),006400, Marwari,69,40,29,0,0,0,69,40,29
C0116,28,551,803000,Rajampet (NP + OG),006489, Rajasthani,69,39,30,0,0,0,69,39,30
C0116,28,551,803000,Rajampet (NP + OG),006541, Sugali,94,46,48,0,0,0,94,46,48
C0116,28,551,803000,Rajampet (NP + OG),007000,7 KANNADA,63,34,29,0,0,0,63,34,29
C0116,28,551,803000,Rajampet (NP + OG),007016, Kannada,63,34,29,0,0,0,63,34,29
C0116,28,551,803000,Rajampet (NP + OG),011000,11 MALAYALAM,11,5,6,0,0,0,11,5,6
C0116,28,551,803000,Rajampet (NP + OG),011016, Malayalam,11,5,6,0,0,0,11,5,6
C0116,28,551,803000,Rajampet (NP + OG),013000,13 MARATHI ,74,43,31,0,0,0,74,43,31
C0116,28,551,803000,Rajampet (NP + OG),013071, Marathi,74,43,31,0,0,0,74,43,31
C0116,28,551,803000,Rajampet (NP + OG),014000,14 NEPALI ,14,8,6,0,0,0,14,8,6
C0116,28,551,803000,Rajampet (NP + OG),014011, Nepali,14,8,6,0,0,0,14,8,6
C0116,28,551,803000,Rajampet (NP + OG),020000,20 TAMIL ,184,88,96,0,0,0,184,88,96
C0116,28,551,803000,Rajampet (NP + OG),020027, Tamil,179,86,93,0,0,0,179,86,93
C0116,28,551,803000,Rajampet (NP + OG),020029, Yerukala/Yerukula,5,2,3,0,0,0,5,2,3
C0116,28,551,803000,Rajampet (NP + OG),021000,21 TELUGU ,41958,20949,21009,0,0,0,41958,20949,21009
C0116,28,551,803000,Rajampet (NP + OG),021046, Telugu,41958,20949,21009,0,0,0,41958,20949,21009
C0116,28,551,803000,Rajampet (NP + OG),022000,22 URDU,11154,5602,5552,0,0,0,11154,5602,5552
C0116,28,551,803000,Rajampet (NP + OG),022015, Urdu,11154,5602,5552,0,0,0,11154,5602,5552
C0116,28,551,803000,Rajampet (NP + OG),028000,28 ARABIC/ARBI ,1,1,0,0,0,0,1,1,0
C0116,28,551,803000,Rajampet (NP + OG),028001, Arabic/Arbi,1,1,0,0,0,0,1,1,0
C0116,28,551,803000,Rajampet (NP + OG),040000,40 ENGLISH ,90,41,49,0,0,0,90,41,49
C0116,28,551,803000,Rajampet (NP + OG),040001, English,90,41,49,0,0,0,90,41,49
C0116,28,551,592856,Veparala (CT),013000,13 MARATHI ,14,7,7,0,0,0,14,7,7
C0116,28,551,592856,Veparala (CT),013071, Marathi,14,7,7,0,0,0,14,7,7
C0116,28,551,592856,Veparala (CT),020000,20 TAMIL ,4,4,0,0,0,0,4,4,0
C0116,28,551,592856,Veparala (CT),020027, Tamil,4,4,0,0,0,0,4,4,0
C0116,28,551,592856,Veparala (CT),021000,21 TELUGU ,6555,3227,3328,0,0,0,6555,3227,3328
C0116,28,551,592856,Veparala (CT),021046, Telugu,6555,3227,3328,0,0,0,6555,3227,3328
C0116,28,551,592856,Veparala (CT),022000,22 URDU,139,70,69,0,0,0,139,70,69
C0116,28,551,592856,Veparala (CT),022015, Urdu,139,70,69,0,0,0,139,70,69
C0116,28,551,592857,Dommara Nandyala (CT),006000,6 HINDI ,18,17,1,0,0,0,18,17,1
C0116,28,551,592857,Dommara Nandyala (CT),006541, Sugali,18,17,1,0,0,0,18,17,1
C0116,28,551,592857,Dommara Nandyala (CT),021000,21 TELUGU ,6652,3339,3313,0,0,0,6652,3339,3313
C0116,28,551,592857,Dommara Nandyala (CT),021046, Telugu,6652,3339,3313,0,0,0,6652,3339,3313
C0116,28,551,592857,Dommara Nandyala (CT),022000,22 URDU,1667,863,804,0,0,0,1667,863,804
C0116,28,551,592857,Dommara Nandyala (CT),022015, Urdu,1667,863,804,0,0,0,1667,863,804
C0116,28,551,593134,Gopavaram (CT),006000,6 HINDI ,209,110,99,0,0,0,209,110,99
C0116,28,551,593134,Gopavaram (CT),006240, Hindi,41,25,16,0,0,0,41,25,16
C0116,28,551,593134,Gopavaram (CT),006353, Lamani/Lambadi,90,50,40,0,0,0,90,50,40
C0116,28,551,593134,Gopavaram (CT),006489, Rajasthani,3,2,1,0,0,0,3,2,1
C0116,28,551,593134,Gopavaram (CT),006541, Sugali,75,33,42,0,0,0,75,33,42
C0116,28,551,593134,Gopavaram (CT),007000,7 KANNADA,21,8,13,0,0,0,21,8,13
C0116,28,551,593134,Gopavaram (CT),007016, Kannada,21,8,13,0,0,0,21,8,13
C0116,28,551,593134,Gopavaram (CT),015000,15 ODIA ,8,5,3,0,0,0,8,5,3
C0116,28,551,593134,Gopavaram (CT),015043, Odia,8,5,3,0,0,0,8,5,3
C0116,28,551,593134,Gopavaram (CT),020000,20 TAMIL ,3,2,1,0,0,0,3,2,1
C0116,28,551,593134,Gopavaram (CT),020027, Tamil,3,2,1,0,0,0,3,2,1
C0116,28,551,593134,Gopavaram (CT),021000,21 TELUGU ,19592,9837,9755,0,0,0,19592,9837,9755
C0116,28,551,593134,Gopavaram (CT),021046, Telugu,19592,9837,9755,0,0,0,19592,9837,9755
C0116,28,551,593134,Gopavaram (CT),022000,22 URDU,3099,1563,1536,0,0,0,3099,1563,1536
C0116,28,551,593134,Gopavaram (CT),022015, Urdu,3099,1563,1536,0,0,0,3099,1563,1536
C0116,28,551,593134,Gopavaram (CT),040000,40 ENGLISH ,4,4,0,0,0,0,4,4,0
C0116,28,551,593134,Gopavaram (CT),040001, English,4,4,0,0,0,0,4,4,0
C0116,28,551,593135,Modameedipalle (CT),002000,2 BENGALI ,5,2,3,0,0,0,5,2,3
C0116,28,551,593135,Modameedipalle (CT),002007, Bengali,5,2,3,0,0,0,5,2,3
C0116,28,551,593135,Modameedipalle (CT),006000,6 HINDI ,69,43,26,0,0,0,69,43,26
C0116,28,551,593135,Modameedipalle (CT),006240, Hindi,47,32,15,0,0,0,47,32,15
C0116,28,551,593135,Modameedipalle (CT),006353, Lamani/Lambadi,3,1,2,0,0,0,3,1,2
C0116,28,551,593135,Modameedipalle (CT),006541, Sugali,19,10,9,0,0,0,19,10,9
C0116,28,551,593135,Modameedipalle (CT),007000,7 KANNADA,10,5,5,0,0,0,10,5,5
C0116,28,551,593135,Modameedipalle (CT),007016, Kannada,10,5,5,0,0,0,10,5,5
C0116,28,551,593135,Modameedipalle (CT),013000,13 MARATHI ,7,3,4,0,0,0,7,3,4
C0116,28,551,593135,Modameedipalle (CT),013071, Marathi,7,3,4,0,0,0,7,3,4
C0116,28,551,593135,Modameedipalle (CT),020000,20 TAMIL ,11,7,4,0,0,0,11,7,4
C0116,28,551,593135,Modameedipalle (CT),020027, Tamil,6,4,2,0,0,0,6,4,2
C0116,28,551,593135,Modameedipalle (CT),020029, Yerukala/Yerukula,5,3,2,0,0,0,5,3,2
C0116,28,551,593135,Modameedipalle (CT),021000,21 TELUGU ,8462,4252,4210,0,0,0,8462,4252,4210
C0116,28,551,593135,Modameedipalle (CT),021046, Telugu,8462,4252,4210,0,0,0,8462,4252,4210
C0116,28,551,593135,Modameedipalle (CT),022000,22 URDU,2833,1431,1402,0,0,0,2833,1431,1402
C0116,28,551,593135,Modameedipalle (CT),022015, Urdu,2833,1431,1402,0,0,0,2833,1431,1402
C0116,28,551,593136,Rameswaram (CT),006000,6 HINDI ,113,60,53,0,0,0,113,60,53
C0116,28,551,593136,Rameswaram (CT),006240, Hindi,1,1,0,0,0,0,1,1,0
C0116,28,551,593136,Rameswaram (CT),006353, Lamani/Lambadi,20,11,9,0,0,0,20,11,9
C0116,28,551,593136,Rameswaram (CT),006541, Sugali,92,48,44,0,0,0,92,48,44
C0116,28,551,593136,Rameswaram (CT),007000,7 KANNADA,3,1,2,0,0,0,3,1,2
C0116,28,551,593136,Rameswaram (CT),007016, Kannada,3,1,2,0,0,0,3,1,2
C0116,28,551,593136,Rameswaram (CT),011000,11 MALAYALAM,5,1,4,0,0,0,5,1,4
C0116,28,551,593136,Rameswaram (CT),011016, Malayalam,5,1,4,0,0,0,5,1,4
C0116,28,551,593136,Rameswaram (CT),020000,20 TAMIL ,59,26,33,0,0,0,59,26,33
C0116,28,551,593136,Rameswaram (CT),020027, Tamil,32,17,15,0,0,0,32,17,15
C0116,28,551,593136,Rameswaram (CT),020029, Yerukala/Yerukula,27,9,18,0,0,0,27,9,18
C0116,28,551,593136,Rameswaram (CT),021000,21 TELUGU ,14142,7036,7106,0,0,0,14142,7036,7106
C0116,28,551,593136,Rameswaram (CT),021046, Telugu,14142,7036,7106,0,0,0,14142,7036,7106
C0116,28,551,593136,Rameswaram (CT),022000,22 URDU,5161,2603,2558,0,0,0,5161,2603,2558
C0116,28,551,593136,Rameswaram (CT),022015, Urdu,5161,2603,2558,0,0,0,5161,2603,2558
C0116,28,551,593157,Moragudi (CT),006000,6 HINDI ,5,3,2,0,0,0,5,3,2
C0116,28,551,593157,Moragudi (CT),006541, Sugali,5,3,2,0,0,0,5,3,2
C0116,28,551,593157,Moragudi (CT),007000,7 KANNADA,26,13,13,0,0,0,26,13,13
C0116,28,551,593157,Moragudi (CT),007016, Kannada,26,13,13,0,0,0,26,13,13
C0116,28,551,593157,Moragudi (CT),011000,11 MALAYALAM,1,0,1,0,0,0,1,0,1
C0116,28,551,593157,Moragudi (CT),011016, Malayalam,1,0,1,0,0,0,1,0,1
C0116,28,551,593157,Moragudi (CT),013000,13 MARATHI ,18,7,11,0,0,0,18,7,11
C0116,28,551,593157,Moragudi (CT),013071, Marathi,18,7,11,0,0,0,18,7,11
C0116,28,551,593157,Moragudi (CT),020000,20 TAMIL ,8,3,5,0,0,0,8,3,5
C0116,28,551,593157,Moragudi (CT),020027, Tamil,8,3,5,0,0,0,8,3,5
C0116,28,551,593157,Moragudi (CT),021000,21 TELUGU ,6323,3145,3178,0,0,0,6323,3145,3178
C0116,28,551,593157,Moragudi (CT),021046, Telugu,6323,3145,3178,0,0,0,6323,3145,3178
C0116,28,551,593157,Moragudi (CT),022000,22 URDU,431,211,220,0,0,0,431,211,220
C0116,28,551,593157,Moragudi (CT),022015, Urdu,431,211,220,0,0,0,431,211,220
C0116,28,551,593180,Muddanur (CT),002000,2 BENGALI ,1,0,1,0,0,0,1,0,1
C0116,28,551,593180,Muddanur (CT),002007, Bengali,1,0,1,0,0,0,1,0,1
C0116,28,551,593180,Muddanur (CT),006000,6 HINDI ,8,5,3,0,0,0,8,5,3
C0116,28,551,593180,Muddanur (CT),006240, Hindi,8,5,3,0,0,0,8,5,3
C0116,28,551,593180,Muddanur (CT),007000,7 KANNADA,1,0,1,0,0,0,1,0,1
C0116,28,551,593180,Muddanur (CT),007016, Kannada,1,0,1,0,0,0,1,0,1
C0116,28,551,593180,Muddanur (CT),013000,13 MARATHI ,8,4,4,0,0,0,8,4,4
C0116,28,551,593180,Muddanur (CT),013071, Marathi,8,4,4,0,0,0,8,4,4
C0116,28,551,593180,Muddanur (CT),020000,20 TAMIL ,26,15,11,0,0,0,26,15,11
C0116,28,551,593180,Muddanur (CT),020027, Tamil,26,15,11,0,0,0,26,15,11
C0116,28,551,593180,Muddanur (CT),021000,21 TELUGU ,8503,4221,4282,0,0,0,8503,4221,4282
C0116,28,551,593180,Muddanur (CT),021046, Telugu,8503,4221,4282,0,0,0,8503,4221,4282
C0116,28,551,593180,Muddanur (CT),022000,22 URDU,1228,601,627,0,0,0,1228,601,627
C0116,28,551,593180,Muddanur (CT),022015, Urdu,1228,601,627,0,0,0,1228,601,627
C0116,28,551,593289,Yerraguntla (CT),001000,1 ASSAMESE,6,6,0,0,0,0,6,6,0
C0116,28,551,593289,Yerraguntla (CT),001002, Assamese,6,6,0,0,0,0,6,6,0
C0116,28,551,593289,Yerraguntla (CT),002000,2 BENGALI ,4,4,0,0,0,0,4,4,0
C0116,28,551,593289,Yerraguntla (CT),002007, Bengali,4,4,0,0,0,0,4,4,0
C0116,28,551,593289,Yerraguntla (CT),006000,6 HINDI ,122,69,53,0,0,0,122,69,53
C0116,28,551,593289,Yerraguntla (CT),006240, Hindi,103,59,44,0,0,0,103,59,44
C0116,28,551,593289,Yerraguntla (CT),006353, Lamani/Lambadi,7,4,3,0,0,0,7,4,3
C0116,28,551,593289,Yerraguntla (CT),006541, Sugali,7,3,4,0,0,0,7,3,4
C0116,28,551,593289,Yerraguntla (CT),006999,6 Others,5,3,2,0,0,0,5,3,2
C0116,28,551,593289,Yerraguntla (CT),007000,7 KANNADA,12,7,5,0,0,0,12,7,5
C0116,28,551,593289,Yerraguntla (CT),007016, Kannada,12,7,5,0,0,0,12,7,5
C0116,28,551,593289,Yerraguntla (CT),011000,11 MALAYALAM,34,15,19,0,0,0,34,15,19
C0116,28,551,593289,Yerraguntla (CT),011016, Malayalam,34,15,19,0,0,0,34,15,19
C0116,28,551,593289,Yerraguntla (CT),013000,13 MARATHI ,12,6,6,0,0,0,12,6,6
C0116,28,551,593289,Yerraguntla (CT),013071, Marathi,12,6,6,0,0,0,12,6,6
C0116,28,551,593289,Yerraguntla (CT),015000,15 ODIA ,3,2,1,0,0,0,3,2,1
C0116,28,551,593289,Yerraguntla (CT),015043, Odia,3,2,1,0,0,0,3,2,1
C0116,28,551,593289,Yerraguntla (CT),020000,20 TAMIL ,103,57,46,0,0,0,103,57,46
C0116,28,551,593289,Yerraguntla (CT),020027, Tamil,103,57,46,0,0,0,103,57,46
C0116,28,551,593289,Yerraguntla (CT),021000,21 TELUGU ,27537,13987,13550,0,0,0,27537,13987,13550
C0116,28,551,593289,Yerraguntla (CT),021046, Telugu,27537,13987,13550,0,0,0,27537,13987,13550
C0116,28,551,593289,Yerraguntla (CT),022000,22 URDU,4740,2404,2336,0,0,0,4740,2404,2336
C0116,28,551,593289,Yerraguntla (CT),022015, Urdu,4740,2404,2336,0,0,0,4740,2404,2336
C0116,28,551,593289,Yerraguntla (CT),040000,40 ENGLISH ,1,1,0,0,0,0,1,1,0
C0116,28,551,593289,Yerraguntla (CT),040001, English,1,1,0,0,0,0,1,1,0
C0116,28,551,593543,Chennamukkapalle (CT),006000,6 HINDI ,52,29,23,0,0,0,52,29,23
C0116,28,551,593543,Chennamukkapalle (CT),006240, Hindi,4,2,2,0,0,0,4,2,2
C0116,28,551,593543,Chennamukkapalle (CT),006353, Lamani/Lambadi,11,5,6,0,0,0,11,5,6
C0116,28,551,593543,Chennamukkapalle (CT),006400, Marwari,5,4,1,0,0,0,5,4,1
C0116,28,551,593543,Chennamukkapalle (CT),006489, Rajasthani,18,11,7,0,0,0,18,11,7
C0116,28,551,593543,Chennamukkapalle (CT),006541, Sugali,14,7,7,0,0,0,14,7,7
C0116,28,551,593543,Chennamukkapalle (CT),007000,7 KANNADA,2,0,2,0,0,0,2,0,2
C0116,28,551,593543,Chennamukkapalle (CT),007016, Kannada,2,0,2,0,0,0,2,0,2
C0116,28,551,593543,Chennamukkapalle (CT),011000,11 MALAYALAM,2,1,1,0,0,0,2,1,1
C0116,28,551,593543,Chennamukkapalle (CT),011016, Malayalam,2,1,1,0,0,0,2,1,1
C0116,28,551,593543,Chennamukkapalle (CT),013000,13 MARATHI ,8,3,5,0,0,0,8,3,5
C0116,28,551,593543,Chennamukkapalle (CT),013071, Marathi,8,3,5,0,0,0,8,3,5
C0116,28,551,593543,Chennamukkapalle (CT),020000,20 TAMIL ,8,3,5,0,0,0,8,3,5
C0116,28,551,593543,Chennamukkapalle (CT),020027, Tamil,8,3,5,0,0,0,8,3,5
C0116,28,551,593543,Chennamukkapalle (CT),021000,21 TELUGU ,3508,1855,1653,0,0,0,3508,1855,1653
C0116,28,551,593543,Chennamukkapalle (CT),021046, Telugu,3508,1855,1653,0,0,0,3508,1855,1653
C0116,28,551,593543,Chennamukkapalle (CT),022000,22 URDU,3483,1776,1707,0,0,0,3483,1776,1707
C0116,28,551,593543,Chennamukkapalle (CT),022015, Urdu,3483,1776,1707,0,0,0,3483,1776,1707
C0116,28,551,593543,Chennamukkapalle (CT),040000,40 ENGLISH ,2,2,0,0,0,0,2,2,0
C0116,28,551,593543,Chennamukkapalle (CT),040001, English,2,2,0,0,0,0,2,2,0
C0116,28,551,593597,Nagireddipalle (CT),006000,6 HINDI ,54,30,24,0,0,0,54,30,24
C0116,28,551,593597,Nagireddipalle (CT),006240, Hindi,40,25,15,0,0,0,40,25,15
C0116,28,551,593597,Nagireddipalle (CT),006541, Sugali,14,5,9,0,0,0,14,5,9
C0116,28,551,593597,Nagireddipalle (CT),011000,11 MALAYALAM,5,2,3,0,0,0,5,2,3
C0116,28,551,593597,Nagireddipalle (CT),011016, Malayalam,5,2,3,0,0,0,5,2,3
C0116,28,551,593597,Nagireddipalle (CT),013000,13 MARATHI ,14,9,5,0,0,0,14,9,5
C0116,28,551,593597,Nagireddipalle (CT),013071, Marathi,14,9,5,0,0,0,14,9,5
C0116,28,551,593597,Nagireddipalle (CT),014000,14 NEPALI ,4,2,2,0,0,0,4,2,2
C0116,28,551,593597,Nagireddipalle (CT),014011, Nepali,4,2,2,0,0,0,4,2,2
C0116,28,551,593597,Nagireddipalle (CT),020000,20 TAMIL ,87,53,34,0,0,0,87,53,34
C0116,28,551,593597,Nagireddipalle (CT),020027, Tamil,87,53,34,0,0,0,87,53,34
C0116,28,551,593597,Nagireddipalle (CT),021000,21 TELUGU ,8973,4431,4542,0,0,0,8973,4431,4542
C0116,28,551,593597,Nagireddipalle (CT),021046, Telugu,8973,4431,4542,0,0,0,8973,4431,4542
C0116,28,551,593597,Nagireddipalle (CT),022000,22 URDU,3176,1592,1584,0,0,0,3176,1592,1584
C0116,28,551,593597,Nagireddipalle (CT),022015, Urdu,3176,1592,1584,0,0,0,3176,1592,1584
C0116,28,551,593597,Nagireddipalle (CT),028000,28 ARABIC/ARBI ,4,1,3,0,0,0,4,1,3
C0116,28,551,593597,Nagireddipalle (CT),028001, Arabic/Arbi,4,1,3,0,0,0,4,1,3
C0116,28,551,593597,Nagireddipalle (CT),040000,40 ENGLISH ,1,1,0,0,0,0,1,1,0
C0116,28,551,593597,Nagireddipalle (CT),040001, English,1,1,0,0,0,0,1,1,0
C0116,28,551,593708,Mangampeta (CT),006000,6 HINDI ,4,2,2,0,0,0,4,2,2
C0116,28,551,593708,Mangampeta (CT),006240, Hindi,4,2,2,0,0,0,4,2,2
C0116,28,551,593708,Mangampeta (CT),007000,7 KANNADA,5,2,3,0,0,0,5,2,3
C0116,28,551,593708,Mangampeta (CT),007016, Kannada,5,2,3,0,0,0,5,2,3
C0116,28,551,593708,Mangampeta (CT),021000,21 TELUGU ,5083,2700,2383,0,0,0,5083,2700,2383
C0116,28,551,593708,Mangampeta (CT),021046, Telugu,5083,2700,2383,0,0,0,5083,2700,2383
C0116,28,551,593708,Mangampeta (CT),022000,22 URDU,83,46,37,0,0,0,83,46,37
C0116,28,551,593708,Mangampeta (CT),022015, Urdu,83,46,37,0,0,0,83,46,37
C0116,28,552,000000,Kurnool,002000,2 BENGALI ,355,229,126,0,0,0,355,229,126
C0116,28,552,000000,Kurnool,002007, Bengali,355,229,126,0,0,0,355,229,126
C0116,28,552,000000,Kurnool,005000,5 GUJARATI,655,334,321,0,0,0,655,334,321
C0116,28,552,000000,Kurnool,005018, Gujarati,578,290,288,0,0,0,578,290,288
C0116,28,552,000000,Kurnool,005057, Saurashtra/Saurashtri,4,2,2,0,0,0,4,2,2
C0116,28,552,000000,Kurnool,005999,5 Others,73,42,31,0,0,0,73,42,31
C0116,28,552,000000,Kurnool,006000,6 HINDI ,15045,7934,7111,0,0,0,15045,7934,7111
C0116,28,552,000000,Kurnool,006066, Banjari,38,15,23,0,0,0,38,15,23
C0116,28,552,000000,Kurnool,006102, Bhojpuri,18,9,9,0,0,0,18,9,9
C0116,28,552,000000,Kurnool,006240, Hindi,10367,5318,5049,0,0,0,10367,5318,5049
C0116,28,552,000000,Kurnool,006353, Lamani/Lambadi,680,479,201,0,0,0,680,479,201
C0116,28,552,000000,Kurnool,006400, Marwari,1824,1001,823,0,0,0,1824,1001,823
C0116,28,552,000000,Kurnool,006489, Rajasthani,267,149,118,0,0,0,267,149,118
C0116,28,552,000000,Kurnool,006541, Sugali,1475,775,700,0,0,0,1475,775,700
C0116,28,552,000000,Kurnool,006999,6 Others,376,188,188,0,0,0,376,188,188
C0116,28,552,000000,Kurnool,007000,7 KANNADA,25770,12771,12999,0,0,0,25770,12771,12999
C0116,28,552,000000,Kurnool,007002, Badaga,4,3,1,0,0,0,4,3,1
C0116,28,552,000000,Kurnool,007016, Kannada,25764,12767,12997,0,0,0,25764,12767,12997
C0116,28,552,000000,Kurnool,007999,7 Others,2,1,1,0,0,0,2,1,1
C0116,28,552,000000,Kurnool,008000,8 KASHMIRI ,5,4,1,0,0,0,5,4,1
C0116,28,552,000000,Kurnool,008019, Dardi,5,4,1,0,0,0,5,4,1
C0116,28,552,000000,Kurnool,009000,9 KONKANI,17,8,9,0,0,0,17,8,9
C0116,28,552,000000,Kurnool,009011, Konkani,17,8,9,0,0,0,17,8,9
C0116,28,552,000000,Kurnool,010000,10 MAITHILI ,19,11,8,0,0,0,19,11,8
C0116,28,552,000000,Kurnool,010008, Maithili,19,11,8,0,0,0,19,11,8
C0116,28,552,000000,Kurnool,011000,11 MALAYALAM,690,207,483,0,0,0,690,207,483
C0116,28,552,000000,Kurnool,011016, Malayalam,690,207,483,0,0,0,690,207,483
C0116,28,552,000000,Kurnool,012000,12 MANIPURI ,16,0,16,0,0,0,16,0,16
C0116,28,552,000000,Kurnool,012003, Manipuri,16,0,16,0,0,0,16,0,16
C0116,28,552,000000,Kurnool,013000,13 MARATHI ,15344,7753,7591,0,0,0,15344,7753,7591
C0116,28,552,000000,Kurnool,013071, Marathi,14855,7512,7343,0,0,0,14855,7512,7343
C0116,28,552,000000,Kurnool,013999,13 Others,489,241,248,0,0,0,489,241,248
C0116,28,552,000000,Kurnool,014000,14 NEPALI ,128,77,51,0,0,0,128,77,51
C0116,28,552,000000,Kurnool,014011, Nepali,128,77,51,0,0,0,128,77,51
C0116,28,552,000000,Kurnool,015000,15 ODIA ,187,95,92,0,0,0,187,95,92
C0116,28,552,000000,Kurnool,015043, Odia,184,92,92,0,0,0,184,92,92
C0116,28,552,000000,Kurnool,015055, Relli,3,3,0,0,0,0,3,3,0
C0116,28,552,000000,Kurnool,016000,16 PUNJABI ,33,21,12,0,0,0,33,21,12
C0116,28,552,000000,Kurnool,016038, Punjabi,33,21,12,0,0,0,33,21,12
C0116,28,552,000000,Kurnool,017000,17 SANSKRIT ,1,1,0,0,0,0,1,1,0
C0116,28,552,000000,Kurnool,017002, Sanskrit,1,1,0,0,0,0,1,1,0
C0116,28,552,000000,Kurnool,019000,19 SINDHI,32,15,17,0,0,0,32,15,17
C0116,28,552,000000,Kurnool,019014, Sindhi,32,15,17,0,0,0,32,15,17
C0116,28,552,000000,Kurnool,020000,20 TAMIL ,4565,2221,2344,0,0,0,4565,2221,2344
C0116,28,552,000000,Kurnool,020027, Tamil,1864,900,964,0,0,0,1864,900,964
C0116,28,552,000000,Kurnool,020029, Yerukala/Yerukula,2669,1305,1364,0,0,0,2669,1305,1364
C0116,28,552,000000,Kurnool,020999,20 Others,32,16,16,0,0,0,32,16,16
C0116,28,552,000000,Kurnool,021000,21 TELUGU ,779683,388398,391285,0,0,0,779683,388398,391285
C0116,28,552,000000,Kurnool,021046, Telugu,779680,388395,391285,0,0,0,779680,388395,391285
C0116,28,552,000000,Kurnool,021999,21 Others,3,3,0,0,0,0,3,3,0
C0116,28,552,000000,Kurnool,022000,22 URDU,304863,153656,151207,0,0,0,304863,153656,151207
C0116,28,552,000000,Kurnool,022015, Urdu,304597,153526,151071,0,0,0,304597,153526,151071
C0116,28,552,000000,Kurnool,022999,22 Others,266,130,136,0,0,0,266,130,136
C0116,28,552,000000,Kurnool,028000,28 ARABIC/ARBI ,78,39,39,0,0,0,78,39,39
C0116,28,552,000000,Kurnool,028001, Arabic/Arbi,78,39,39,0,0,0,78,39,39
C0116,28,552,000000,Kurnool,030000,30 BHILI/BHILODI ,7,3,4,0,0,0,7,3,4
C0116,28,552,000000,Kurnool,030035, Kokna/Kokni/Kukna,7,3,4,0,0,0,7,3,4
C0116,28,552,000000,Kurnool,031000,31 BHOTIA ,21,11,10,0,0,0,21,11,10
C0116,28,552,000000,Kurnool,031999,31 Others,21,11,10,0,0,0,21,11,10
C0116,28,552,000000,Kurnool,040000,40 ENGLISH ,116,57,59,0,0,0,116,57,59
C0116,28,552,000000,Kurnool,040001, English,116,57,59,0,0,0,116,57,59
C0116,28,552,000000,Kurnool,043000,43 GARO ,1,0,1,0,0,0,1,0,1
C0116,28,552,000000,Kurnool,043005, Garo,1,0,1,0,0,0,1,0,1
C0116,28,552,000000,Kurnool,044000,44 GONDI,14,9,5,0,0,0,14,9,5
C0116,28,552,000000,Kurnool,044007, Gondi,6,4,2,0,0,0,6,4,2
C0116,28,552,000000,Kurnool,044999,44 Others,8,5,3,0,0,0,8,5,3
C0116,28,552,000000,Kurnool,059000,59 KINNAURI ,5,2,3,0,0,0,5,2,3
C0116,28,552,000000,Kurnool,059999,59 Others,5,2,3,0,0,0,5,2,3
C0116,28,552,000000,Kurnool,069000,69 KOYA ,22,18,4,0,0,0,22,18,4
C0116,28,552,000000,Kurnool,069002, Koya,22,18,4,0,0,0,22,18,4
C0116,28,552,000000,Kurnool,106000,106 SAVARA,3,2,1,0,0,0,3,2,1
C0116,28,552,000000,Kurnool,106004, Savara,3,2,1,0,0,0,3,2,1
C0116,28,552,000000,Kurnool,115000,115 TIBETAN ,1,1,0,0,0,0,1,1,0
C0116,28,552,000000,Kurnool,115011, Purkhi,1,1,0,0,0,0,1,1,0
C0116,28,552,000000,Kurnool,117000,117 TULU ,93,46,47,0,0,0,93,46,47
C0116,28,552,000000,Kurnool,117009, Tulu,93,46,47,0,0,0,93,46,47
C0116,28,552,000000,Kurnool,118000,118 VAIPHEI ,1,0,1,0,0,0,1,0,1
C0116,28,552,000000,Kurnool,118002, Vaiphei,1,0,1,0,0,0,1,0,1
C0116,28,552,000000,Kurnool,124000,124 OTHERS,1516,735,781,0,0,0,1516,735,781
C0116,28,552,803001,Yemmiganur (M),005000,5 GUJARATI,25,14,11,0,0,0,25,14,11
C0116,28,552,803001,Yemmiganur (M),005018, Gujarati,19,10,9,0,0,0,19,10,9
C0116,28,552,803001,Yemmiganur (M),005999,5 Others,6,4,2,0,0,0,6,4,2
C0116,28,552,803001,Yemmiganur (M),006000,6 HINDI ,705,377,328,0,0,0,705,377,328
C0116,28,552,803001,Yemmiganur (M),006240, Hindi,608,322,286,0,0,0,608,322,286
C0116,28,552,803001,Yemmiganur (M),006353, Lamani/Lambadi,9,5,4,0,0,0,9,5,4
C0116,28,552,803001,Yemmiganur (M),006400, Marwari,57,32,25,0,0,0,57,32,25
C0116,28,552,803001,Yemmiganur (M),006489, Rajasthani,15,10,5,0,0,0,15,10,5
C0116,28,552,803001,Yemmiganur (M),006541, Sugali,15,7,8,0,0,0,15,7,8
C0116,28,552,803001,Yemmiganur (M),006999,6 Others,1,1,0,0,0,0,1,1,0
C0116,28,552,803001,Yemmiganur (M),007000,7 KANNADA,9875,4906,4969,0,0,0,9875,4906,4969
C0116,28,552,803001,Yemmiganur (M),007016, Kannada,9875,4906,4969,0,0,0,9875,4906,4969
C0116,28,552,803001,Yemmiganur (M),009000,9 KONKANI,3,1,2,0,0,0,3,1,2
C0116,28,552,803001,Yemmiganur (M),009011, Konkani,3,1,2,0,0,0,3,1,2
C0116,28,552,803001,Yemmiganur (M),011000,11 MALAYALAM,3,0,3,0,0,0,3,0,3
C0116,28,552,803001,Yemmiganur (M),011016, Malayalam,3,0,3,0,0,0,3,0,3
C0116,28,552,803001,Yemmiganur (M),013000,13 MARATHI ,305,166,139,0,0,0,305,166,139
C0116,28,552,803001,Yemmiganur (M),013071, Marathi,305,166,139,0,0,0,305,166,139
C0116,28,552,803001,Yemmiganur (M),014000,14 NEPALI ,5,2,3,0,0,0,5,2,3
C0116,28,552,803001,Yemmiganur (M),014011, Nepali,5,2,3,0,0,0,5,2,3
C0116,28,552,803001,Yemmiganur (M),020000,20 TAMIL ,521,259,262,0,0,0,521,259,262
C0116,28,552,803001,Yemmiganur (M),020027, Tamil,114,56,58,0,0,0,114,56,58
C0116,28,552,803001,Yemmiganur (M),020029, Yerukala/Yerukula,382,191,191,0,0,0,382,191,191
C0116,28,552,803001,Yemmiganur (M),020999,20 Others,25,12,13,0,0,0,25,12,13
C0116,28,552,803001,Yemmiganur (M),021000,21 TELUGU ,62906,31148,31758,0,0,0,62906,31148,31758
C0116,28,552,803001,Yemmiganur (M),021046, Telugu,62906,31148,31758,0,0,0,62906,31148,31758
C0116,28,552,803001,Yemmiganur (M),022000,22 URDU,20776,10571,10205,0,0,0,20776,10571,10205
C0116,28,552,803001,Yemmiganur (M),022015, Urdu,20776,10571,10205,0,0,0,20776,10571,10205
C0116,28,552,803001,Yemmiganur (M),028000,28 ARABIC/ARBI ,13,6,7,0,0,0,13,6,7
C0116,28,552,803001,Yemmiganur (M),028001, Arabic/Arbi,13,6,7,0,0,0,13,6,7
C0116,28,552,803001,Yemmiganur (M),040000,40 ENGLISH ,9,4,5,0,0,0,9,4,5
C0116,28,552,803001,Yemmiganur (M),040001, English,9,4,5,0,0,0,9,4,5
C0116,28,552,803001,Yemmiganur (M),069000,69 KOYA ,3,2,1,0,0,0,3,2,1
C0116,28,552,803001,Yemmiganur (M),069002, Koya,3,2,1,0,0,0,3,2,1
C0116,28,552,803002,Kurnool (M Corp. + OG) (Part),002000,2 BENGALI ,9,6,3,0,0,0,9,6,3
C0116,28,552,803002,Kurnool (M Corp. + OG) (Part),002007, Bengali,9,6,3,0,0,0,9,6,3
C0116,28,552,803002,Kurnool (M Corp. + OG) (Part),005000,5 GUJARATI,61,33,28,0,0,0,61,33,28
C0116,28,552,803002,Kurnool (M Corp. + OG) (Part),005018, Gujarati,53,27,26,0,0,0,53,27,26
C0116,28,552,803002,Kurnool (M Corp. + OG) (Part),005999,5 Others,8,6,2,0,0,0,8,6,2
C0116,28,552,803002,Kurnool (M Corp. + OG) (Part),006000,6 HINDI ,1584,785,799,0,0,0,1584,785,799
C0116,28,552,803002,Kurnool (M Corp. + OG) (Part),006066, Banjari,13,4,9,0,0,0,13,4,9
C0116,28,552,803002,Kurnool (M Corp. + OG) (Part),006240, Hindi,1328,667,661,0,0,0,1328,667,661
C0116,28,552,803002,Kurnool (M Corp. + OG) (Part),006353, Lamani/Lambadi,39,20,19,0,0,0,39,20,19
C0116,28,552,803002,Kurnool (M Corp. + OG) (Part),006541, Sugali,136,61,75,0,0,0,136,61,75
C0116,28,552,803002,Kurnool (M Corp. + OG) (Part),006999,6 Others,68,33,35,0,0,0,68,33,35
C0116,28,552,803002,Kurnool (M Corp. + OG) (Part),007000,7 KANNADA,669,330,339,0,0,0,669,330,339
C0116,28,552,803002,Kurnool (M Corp. + OG) (Part),007016, Kannada,669,330,339,0,0,0,669,330,339
C0116,28,552,803002,Kurnool (M Corp. + OG) (Part),011000,11 MALAYALAM,231,23,208,0,0,0,231,23,208
C0116,28,552,803002,Kurnool (M Corp. + OG) (Part),011016, Malayalam,231,23,208,0,0,0,231,23,208
C0116,28,552,803002,Kurnool (M Corp. + OG) (Part),012000,12 MANIPURI ,16,0,16,0,0,0,16,0,16
C0116,28,552,803002,Kurnool (M Corp. + OG) (Part),012003, Manipuri,16,0,16,0,0,0,16,0,16
C0116,28,552,803002,Kurnool (M Corp. + OG) (Part),013000,13 MARATHI ,790,401,389,0,0,0,790,401,389
C0116,28,552,803002,Kurnool (M Corp. + OG) (Part),013071, Marathi,767,390,377,0,0,0,767,390,377
C0116,28,552,803002,Kurnool (M Corp. + OG) (Part),013999,13 Others,23,11,12,0,0,0,23,11,12
C0116,28,552,803002,Kurnool (M Corp. + OG) (Part),014000,14 NEPALI ,21,12,9,0,0,0,21,12,9
C0116,28,552,803002,Kurnool (M Corp. + OG) (Part),014011, Nepali,21,12,9,0,0,0,21,12,9
C0116,28,552,803002,Kurnool (M Corp. + OG) (Part),015000,15 ODIA ,33,17,16,0,0,0,33,17,16
C0116,28,552,803002,Kurnool (M Corp. + OG) (Part),015043, Odia,32,16,16,0,0,0,32,16,16
C0116,28,552,803002,Kurnool (M Corp. + OG) (Part),015055, Relli,1,1,0,0,0,0,1,1,0
C0116,28,552,803002,Kurnool (M Corp. + OG) (Part),016000,16 PUNJABI ,1,1,0,0,0,0,1,1,0
C0116,28,552,803002,Kurnool (M Corp. + OG) (Part),016038, Punjabi,1,1,0,0,0,0,1,1,0
C0116,28,552,803002,Kurnool (M Corp. + OG) (Part),020000,20 TAMIL ,588,232,356,0,0,0,588,232,356
C0116,28,552,803002,Kurnool (M Corp. + OG) (Part),020027, Tamil,222,59,163,0,0,0,222,59,163
C0116,28,552,803002,Kurnool (M Corp. + OG) (Part),020029, Yerukala/Yerukula,366,173,193,0,0,0,366,173,193
C0116,28,552,803002,Kurnool (M Corp. + OG) (Part),021000,21 TELUGU ,117391,58889,58502,0,0,0,117391,58889,58502
C0116,28,552,803002,Kurnool (M Corp. + OG) (Part),021046, Telugu,117391,58889,58502,0,0,0,117391,58889,58502
C0116,28,552,803002,Kurnool (M Corp. + OG) (Part),022000,22 URDU,23257,11743,11514,0,0,0,23257,11743,11514
C0116,28,552,803002,Kurnool (M Corp. + OG) (Part),022015, Urdu,23253,11742,11511,0,0,0,23253,11742,11511
C0116,28,552,803002,Kurnool (M Corp. + OG) (Part),022999,22 Others,4,1,3,0,0,0,4,1,3
C0116,28,552,803002,Kurnool (M Corp. + OG) (Part),028000,28 ARABIC/ARBI ,2,2,0,0,0,0,2,2,0
C0116,28,552,803002,Kurnool (M Corp. + OG) (Part),028001, Arabic/Arbi,2,2,0,0,0,0,2,2,0
C0116,28,552,803002,Kurnool (M Corp. + OG) (Part),040000,40 ENGLISH ,28,17,11,0,0,0,28,17,11
C0116,28,552,803002,Kurnool (M Corp. + OG) (Part),040001, English,28,17,11,0,0,0,28,17,11
C0116,28,552,803002,Kurnool (M Corp. + OG) (Part),044000,44 GONDI,1,1,0,0,0,0,1,1,0
C0116,28,552,803002,Kurnool (M Corp. + OG) (Part),044007, Gondi,1,1,0,0,0,0,1,1,0
C0116,28,552,803002,Kurnool (M Corp. + OG) (Part),117000,117 TULU ,23,10,13,0,0,0,23,10,13
C0116,28,552,803002,Kurnool (M Corp. + OG) (Part),117009, Tulu,23,10,13,0,0,0,23,10,13
C0116,28,552,803002,Kurnool (M Corp. + OG) (Part),124000,124 OTHERS,93,40,53,0,0,0,93,40,53
C0116,28,552,803002,Kurnool (M Corp. + OG) (Part),002000,2 BENGALI ,245,163,82,0,0,0,245,163,82
C0116,28,552,803002,Kurnool (M Corp. + OG) (Part),002007, Bengali,245,163,82,0,0,0,245,163,82
C0116,28,552,803002,Kurnool (M Corp. + OG) (Part),005000,5 GUJARATI,290,149,141,0,0,0,290,149,141
C0116,28,552,803002,Kurnool (M Corp. + OG) (Part),005018, Gujarati,258,129,129,0,0,0,258,129,129
C0116,28,552,803002,Kurnool (M Corp. + OG) (Part),005999,5 Others,32,20,12,0,0,0,32,20,12
C0116,28,552,803002,Kurnool (M Corp. + OG) (Part),006000,6 HINDI ,5130,2634,2496,0,0,0,5130,2634,2496
C0116,28,552,803002,Kurnool (M Corp. + OG) (Part),006066, Banjari,19,8,11,0,0,0,19,8,11
C0116,28,552,803002,Kurnool (M Corp. + OG) (Part),006102, Bhojpuri,1,1,0,0,0,0,1,1,0
C0116,28,552,803002,Kurnool (M Corp. + OG) (Part),006240, Hindi,3354,1715,1639,0,0,0,3354,1715,1639
C0116,28,552,803002,Kurnool (M Corp. + OG) (Part),006353, Lamani/Lambadi,135,72,63,0,0,0,135,72,63
C0116,28,552,803002,Kurnool (M Corp. + OG) (Part),006400, Marwari,1089,594,495,0,0,0,1089,594,495
C0116,28,552,803002,Kurnool (M Corp. + OG) (Part),006489, Rajasthani,121,62,59,0,0,0,121,62,59
C0116,28,552,803002,Kurnool (M Corp. + OG) (Part),006541, Sugali,187,74,113,0,0,0,187,74,113
C0116,28,552,803002,Kurnool (M Corp. + OG) (Part),006999,6 Others,224,108,116,0,0,0,224,108,116
C0116,28,552,803002,Kurnool (M Corp. + OG) (Part),007000,7 KANNADA,2428,1189,1239,0,0,0,2428,1189,1239
C0116,28,552,803002,Kurnool (M Corp. + OG) (Part),007002, Badaga,4,3,1,0,0,0,4,3,1
C0116,28,552,803002,Kurnool (M Corp. + OG) (Part),007016, Kannada,2424,1186,1238,0,0,0,2424,1186,1238
C0116,28,552,803002,Kurnool (M Corp. + OG) (Part),009000,9 KONKANI,6,4,2,0,0,0,6,4,2
C0116,28,552,803002,Kurnool (M Corp. + OG) (Part),009011, Konkani,6,4,2,0,0,0,6,4,2
C0116,28,552,803002,Kurnool (M Corp. + OG) (Part),011000,11 MALAYALAM,206,61,145,0,0,0,206,61,145
C0116,28,552,803002,Kurnool (M Corp. + OG) (Part),011016, Malayalam,206,61,145,0,0,0,206,61,145
C0116,28,552,803002,Kurnool (M Corp. + OG) (Part),013000,13 MARATHI ,3215,1607,1608,0,0,0,3215,1607,1608
C0116,28,552,803002,Kurnool (M Corp. + OG) (Part),013071, Marathi,3183,1590,1593,0,0,0,3183,1590,1593
C0116,28,552,803002,Kurnool (M Corp. + OG) (Part),013999,13 Others,32,17,15,0,0,0,32,17,15
C0116,28,552,803002,Kurnool (M Corp. + OG) (Part),014000,14 NEPALI ,37,22,15,0,0,0,37,22,15
C0116,28,552,803002,Kurnool (M Corp. + OG) (Part),014011, Nepali,37,22,15,0,0,0,37,22,15
C0116,28,552,803002,Kurnool (M Corp. + OG) (Part),015000,15 ODIA ,29,21,8,0,0,0,29,21,8
C0116,28,552,803002,Kurnool (M Corp. + OG) (Part),015043, Odia,27,19,8,0,0,0,27,19,8
C0116,28,552,803002,Kurnool (M Corp. + OG) (Part),015055, Relli,2,2,0,0,0,0,2,2,0
C0116,28,552,803002,Kurnool (M Corp. + OG) (Part),016000,16 PUNJABI ,6,4,2,0,0,0,6,4,2
C0116,28,552,803002,Kurnool (M Corp. + OG) (Part),016038, Punjabi,6,4,2,0,0,0,6,4,2
C0116,28,552,803002,Kurnool (M Corp. + OG) (Part),019000,19 SINDHI,16,8,8,0,0,0,16,8,8
C0116,28,552,803002,Kurnool (M Corp. + OG) (Part),019014, Sindhi,16,8,8,0,0,0,16,8,8
C0116,28,552,803002,Kurnool (M Corp. + OG) (Part),020000,20 TAMIL ,727,370,357,0,0,0,727,370,357
C0116,28,552,803002,Kurnool (M Corp. + OG) (Part),020027, Tamil,387,208,179,0,0,0,387,208,179
C0116,28,552,803002,Kurnool (M Corp. + OG) (Part),020029, Yerukala/Yerukula,340,162,178,0,0,0,340,162,178
C0116,28,552,803002,Kurnool (M Corp. + OG) (Part),021000,21 TELUGU ,193380,95329,98051,0,0,0,193380,95329,98051
C0116,28,552,803002,Kurnool (M Corp. + OG) (Part),021046, Telugu,193380,95329,98051,0,0,0,193380,95329,98051
C0116,28,552,803002,Kurnool (M Corp. + OG) (Part),022000,22 URDU,105680,53348,52332,0,0,0,105680,53348,52332
C0116,28,552,803002,Kurnool (M Corp. + OG) (Part),022015, Urdu,105675,53347,52328,0,0,0,105675,53347,52328
C0116,28,552,803002,Kurnool (M Corp. + OG) (Part),022999,22 Others,5,1,4,0,0,0,5,1,4
C0116,28,552,803002,Kurnool (M Corp. + OG) (Part),028000,28 ARABIC/ARBI ,18,9,9,0,0,0,18,9,9
C0116,28,552,803002,Kurnool (M Corp. + OG) (Part),028001, Arabic/Arbi,18,9,9,0,0,0,18,9,9
C0116,28,552,803002,Kurnool (M Corp. + OG) (Part),040000,40 ENGLISH ,37,13,24,0,0,0,37,13,24
C0116,28,552,803002,Kurnool (M Corp. + OG) (Part),040001, English,37,13,24,0,0,0,37,13,24
C0116,28,552,803002,Kurnool (M Corp. + OG) (Part),117000,117 TULU ,62,33,29,0,0,0,62,33,29
C0116,28,552,803002,Kurnool (M Corp. + OG) (Part),117009, Tulu,62,33,29,0,0,0,62,33,29
C0116,28,552,803002,Kurnool (M Corp. + OG) (Part),124000,124 OTHERS,1323,642,681,0,0,0,1323,642,681
C0116,28,552,803003,Adoni (M + OG),002000,2 BENGALI ,9,4,5,0,0,0,9,4,5
C0116,28,552,803003,Adoni (M + OG),002007, Bengali,9,4,5,0,0,0,9,4,5
C0116,28,552,803003,Adoni (M + OG),005000,5 GUJARATI,230,111,119,0,0,0,230,111,119
C0116,28,552,803003,Adoni (M + OG),005018, Gujarati,214,105,109,0,0,0,214,105,109
C0116,28,552,803003,Adoni (M + OG),005057, Saurashtra/Saurashtri,4,2,2,0,0,0,4,2,2
C0116,28,552,803003,Adoni (M + OG),005999,5 Others,12,4,8,0,0,0,12,4,8
C0116,28,552,803003,Adoni (M + OG),006000,6 HINDI ,3905,1967,1938,0,0,0,3905,1967,1938
C0116,28,552,803003,Adoni (M + OG),006240, Hindi,3191,1597,1594,0,0,0,3191,1597,1594
C0116,28,552,803003,Adoni (M + OG),006353, Lamani/Lambadi,10,4,6,0,0,0,10,4,6
C0116,28,552,803003,Adoni (M + OG),006400, Marwari,550,286,264,0,0,0,550,286,264
C0116,28,552,803003,Adoni (M + OG),006489, Rajasthani,89,53,36,0,0,0,89,53,36
C0116,28,552,803003,Adoni (M + OG),006541, Sugali,40,14,26,0,0,0,40,14,26
C0116,28,552,803003,Adoni (M + OG),006999,6 Others,25,13,12,0,0,0,25,13,12
C0116,28,552,803003,Adoni (M + OG),007000,7 KANNADA,12035,5983,6052,0,0,0,12035,5983,6052
C0116,28,552,803003,Adoni (M + OG),007016, Kannada,12033,5982,6051,0,0,0,12033,5982,6051
C0116,28,552,803003,Adoni (M + OG),007999,7 Others,2,1,1,0,0,0,2,1,1
C0116,28,552,803003,Adoni (M + OG),008000,8 KASHMIRI ,5,4,1,0,0,0,5,4,1
C0116,28,552,803003,Adoni (M + OG),008019, Dardi,5,4,1,0,0,0,5,4,1
C0116,28,552,803003,Adoni (M + OG),009000,9 KONKANI,5,2,3,0,0,0,5,2,3
C0116,28,552,803003,Adoni (M + OG),009011, Konkani,5,2,3,0,0,0,5,2,3
C0116,28,552,803003,Adoni (M + OG),011000,11 MALAYALAM,7,4,3,0,0,0,7,4,3
C0116,28,552,803003,Adoni (M + OG),011016, Malayalam,7,4,3,0,0,0,7,4,3
C0116,28,552,803003,Adoni (M + OG),013000,13 MARATHI ,8598,4341,4257,0,0,0,8598,4341,4257
C0116,28,552,803003,Adoni (M + OG),013071, Marathi,8168,4131,4037,0,0,0,8168,4131,4037
C0116,28,552,803003,Adoni (M + OG),013999,13 Others,430,210,220,0,0,0,430,210,220
C0116,28,552,803003,Adoni (M + OG),014000,14 NEPALI ,14,9,5,0,0,0,14,9,5
C0116,28,552,803003,Adoni (M + OG),014011, Nepali,14,9,5,0,0,0,14,9,5
C0116,28,552,803003,Adoni (M + OG),015000,15 ODIA ,1,1,0,0,0,0,1,1,0
C0116,28,552,803003,Adoni (M + OG),015043, Odia,1,1,0,0,0,0,1,1,0
C0116,28,552,803003,Adoni (M + OG),017000,17 SANSKRIT ,1,1,0,0,0,0,1,1,0
C0116,28,552,803003,Adoni (M + OG),017002, Sanskrit,1,1,0,0,0,0,1,1,0
C0116,28,552,803003,Adoni (M + OG),019000,19 SINDHI,16,7,9,0,0,0,16,7,9
C0116,28,552,803003,Adoni (M + OG),019014, Sindhi,16,7,9,0,0,0,16,7,9
C0116,28,552,803003,Adoni (M + OG),020000,20 TAMIL ,1616,805,811,0,0,0,1616,805,811
C0116,28,552,803003,Adoni (M + OG),020027, Tamil,600,292,308,0,0,0,600,292,308
C0116,28,552,803003,Adoni (M + OG),020029, Yerukala/Yerukula,1010,510,500,0,0,0,1010,510,500
C0116,28,552,803003,Adoni (M + OG),020999,20 Others,6,3,3,0,0,0,6,3,3
C0116,28,552,803003,Adoni (M + OG),021000,21 TELUGU ,111781,55173,56608,0,0,0,111781,55173,56608
C0116,28,552,803003,Adoni (M + OG),021046, Telugu,111781,55173,56608,0,0,0,111781,55173,56608
C0116,28,552,803003,Adoni (M + OG),022000,22 URDU,46346,23297,23049,0,0,0,46346,23297,23049
C0116,28,552,803003,Adoni (M + OG),022015, Urdu,46346,23297,23049,0,0,0,46346,23297,23049
C0116,28,552,803003,Adoni (M + OG),028000,28 ARABIC/ARBI ,1,0,1,0,0,0,1,0,1
C0116,28,552,803003,Adoni (M + OG),028001, Arabic/Arbi,1,0,1,0,0,0,1,0,1
C0116,28,552,803003,Adoni (M + OG),030000,30 BHILI/BHILODI ,3,0,3,0,0,0,3,0,3
C0116,28,552,803003,Adoni (M + OG),030035, Kokna/Kokni/Kukna,3,0,3,0,0,0,3,0,3
C0116,28,552,803003,Adoni (M + OG),031000,31 BHOTIA ,12,7,5,0,0,0,12,7,5
C0116,28,552,803003,Adoni (M + OG),031999,31 Others,12,7,5,0,0,0,12,7,5
C0116,28,552,803003,Adoni (M + OG),040000,40 ENGLISH ,7,3,4,0,0,0,7,3,4
C0116,28,552,803003,Adoni (M + OG),040001, English,7,3,4,0,0,0,7,3,4
C0116,28,552,803003,Adoni (M + OG),069000,69 KOYA ,4,2,2,0,0,0,4,2,2
C0116,28,552,803003,Adoni (M + OG),069002, Koya,4,2,2,0,0,0,4,2,2
C0116,28,552,803003,Adoni (M + OG),106000,106 SAVARA,3,2,1,0,0,0,3,2,1
C0116,28,552,803003,Adoni (M + OG),106004, Savara,3,2,1,0,0,0,3,2,1
C0116,28,552,803003,Adoni (M + OG),124000,124 OTHERS,26,13,13,0,0,0,26,13,13
C0116,28,552,803004,Nandyal (M + OG),002000,2 BENGALI ,23,14,9,0,0,0,23,14,9
C0116,28,552,803004,Nandyal (M + OG),002007, Bengali,23,14,9,0,0,0,23,14,9
C0116,28,552,803004,Nandyal (M + OG),005000,5 GUJARATI,19,10,9,0,0,0,19,10,9
C0116,28,552,803004,Nandyal (M + OG),005018, Gujarati,9,5,4,0,0,0,9,5,4
C0116,28,552,803004,Nandyal (M + OG),005999,5 Others,10,5,5,0,0,0,10,5,5
C0116,28,552,803004,Nandyal (M + OG),006000,6 HINDI ,1812,1023,789,0,0,0,1812,1023,789
C0116,28,552,803004,Nandyal (M + OG),006066, Banjari,4,2,2,0,0,0,4,2,2
C0116,28,552,803004,Nandyal (M + OG),006240, Hindi,995,558,437,0,0,0,995,558,437
C0116,28,552,803004,Nandyal (M + OG),006353, Lamani/Lambadi,104,30,74,0,0,0,104,30,74
C0116,28,552,803004,Nandyal (M + OG),006400, Marwari,125,86,39,0,0,0,125,86,39
C0116,28,552,803004,Nandyal (M + OG),006489, Rajasthani,36,21,15,0,0,0,36,21,15
C0116,28,552,803004,Nandyal (M + OG),006541, Sugali,535,320,215,0,0,0,535,320,215
C0116,28,552,803004,Nandyal (M + OG),006999,6 Others,13,6,7,0,0,0,13,6,7
C0116,28,552,803004,Nandyal (M + OG),007000,7 KANNADA,333,155,178,0,0,0,333,155,178
C0116,28,552,803004,Nandyal (M + OG),007016, Kannada,333,155,178,0,0,0,333,155,178
C0116,28,552,803004,Nandyal (M + OG),011000,11 MALAYALAM,99,47,52,0,0,0,99,47,52
C0116,28,552,803004,Nandyal (M + OG),011016, Malayalam,99,47,52,0,0,0,99,47,52
C0116,28,552,803004,Nandyal (M + OG),013000,13 MARATHI ,1538,797,741,0,0,0,1538,797,741
C0116,28,552,803004,Nandyal (M + OG),013071, Marathi,1538,797,741,0,0,0,1538,797,741
C0116,28,552,803004,Nandyal (M + OG),014000,14 NEPALI ,35,20,15,0,0,0,35,20,15
C0116,28,552,803004,Nandyal (M + OG),014011, Nepali,35,20,15,0,0,0,35,20,15
C0116,28,552,803004,Nandyal (M + OG),015000,15 ODIA ,58,28,30,0,0,0,58,28,30
C0116,28,552,803004,Nandyal (M + OG),015043, Odia,58,28,30,0,0,0,58,28,30
C0116,28,552,803004,Nandyal (M + OG),016000,16 PUNJABI ,22,13,9,0,0,0,22,13,9
C0116,28,552,803004,Nandyal (M + OG),016038, Punjabi,22,13,9,0,0,0,22,13,9
C0116,28,552,803004,Nandyal (M + OG),020000,20 TAMIL ,368,188,180,0,0,0,368,188,180
C0116,28,552,803004,Nandyal (M + OG),020027, Tamil,149,78,71,0,0,0,149,78,71
C0116,28,552,803004,Nandyal (M + OG),020029, Yerukala/Yerukula,219,110,109,0,0,0,219,110,109
C0116,28,552,803004,Nandyal (M + OG),021000,21 TELUGU ,141526,70475,71051,0,0,0,141526,70475,71051
C0116,28,552,803004,Nandyal (M + OG),021046, Telugu,141526,70475,71051,0,0,0,141526,70475,71051
C0116,28,552,803004,Nandyal (M + OG),022000,22 URDU,65434,32974,32460,0,0,0,65434,32974,32460
C0116,28,552,803004,Nandyal (M + OG),022015, Urdu,65178,32847,32331,0,0,0,65178,32847,32331
C0116,28,552,803004,Nandyal (M + OG),022999,22 Others,256,127,129,0,0,0,256,127,129
C0116,28,552,803004,Nandyal (M + OG),028000,28 ARABIC/ARBI ,43,22,21,0,0,0,43,22,21
C0116,28,552,803004,Nandyal (M + OG),028001, Arabic/Arbi,43,22,21,0,0,0,43,22,21
C0116,28,552,803004,Nandyal (M + OG),040000,40 ENGLISH ,26,16,10,0,0,0,26,16,10
C0116,28,552,803004,Nandyal (M + OG),040001, English,26,16,10,0,0,0,26,16,10
C0116,28,552,803004,Nandyal (M + OG),043000,43 GARO ,1,0,1,0,0,0,1,0,1
C0116,28,552,803004,Nandyal (M + OG),043005, Garo,1,0,1,0,0,0,1,0,1
C0116,28,552,803004,Nandyal (M + OG),044000,44 GONDI,11,6,5,0,0,0,11,6,5
C0116,28,552,803004,Nandyal (M + OG),044007, Gondi,5,3,2,0,0,0,5,3,2
C0116,28,552,803004,Nandyal (M + OG),044999,44 Others,6,3,3,0,0,0,6,3,3
C0116,28,552,803004,Nandyal (M + OG),069000,69 KOYA ,2,2,0,0,0,0,2,2,0
C0116,28,552,803004,Nandyal (M + OG),069002, Koya,2,2,0,0,0,0,2,2,0
C0116,28,552,803004,Nandyal (M + OG),117000,117 TULU ,8,3,5,0,0,0,8,3,5
C0116,28,552,803004,Nandyal (M + OG),117009, Tulu,8,3,5,0,0,0,8,3,5
C0116,28,552,803004,Nandyal (M + OG),118000,118 VAIPHEI ,1,0,1,0,0,0,1,0,1
C0116,28,552,803004,Nandyal (M + OG),118002, Vaiphei,1,0,1,0,0,0,1,0,1
C0116,28,552,803004,Nandyal (M + OG),124000,124 OTHERS,65,33,32,0,0,0,65,33,32
C0116,28,552,803005,Dhone (NP),002000,2 BENGALI ,12,7,5,0,0,0,12,7,5
C0116,28,552,803005,Dhone (NP),002007, Bengali,12,7,5,0,0,0,12,7,5
C0116,28,552,803005,Dhone (NP),005000,5 GUJARATI,12,8,4,0,0,0,12,8,4
C0116,28,552,803005,Dhone (NP),005018, Gujarati,8,5,3,0,0,0,8,5,3
C0116,28,552,803005,Dhone (NP),005999,5 Others,4,3,1,0,0,0,4,3,1
C0116,28,552,803005,Dhone (NP),006000,6 HINDI ,368,192,176,0,0,0,368,192,176
C0116,28,552,803005,Dhone (NP),006240, Hindi,272,140,132,0,0,0,272,140,132
C0116,28,552,803005,Dhone (NP),006353, Lamani/Lambadi,15,8,7,0,0,0,15,8,7
C0116,28,552,803005,Dhone (NP),006541, Sugali,49,25,24,0,0,0,49,25,24
C0116,28,552,803005,Dhone (NP),006999,6 Others,32,19,13,0,0,0,32,19,13
C0116,28,552,803005,Dhone (NP),007000,7 KANNADA,159,76,83,0,0,0,159,76,83
C0116,28,552,803005,Dhone (NP),007016, Kannada,159,76,83,0,0,0,159,76,83
C0116,28,552,803005,Dhone (NP),011000,11 MALAYALAM,18,3,15,0,0,0,18,3,15
C0116,28,552,803005,Dhone (NP),011016, Malayalam,18,3,15,0,0,0,18,3,15
C0116,28,552,803005,Dhone (NP),013000,13 MARATHI ,529,252,277,0,0,0,529,252,277
C0116,28,552,803005,Dhone (NP),013071, Marathi,529,252,277,0,0,0,529,252,277
C0116,28,552,803005,Dhone (NP),014000,14 NEPALI ,14,10,4,0,0,0,14,10,4
C0116,28,552,803005,Dhone (NP),014011, Nepali,14,10,4,0,0,0,14,10,4
C0116,28,552,803005,Dhone (NP),015000,15 ODIA ,1,0,1,0,0,0,1,0,1
C0116,28,552,803005,Dhone (NP),015043, Odia,1,0,1,0,0,0,1,0,1
C0116,28,552,803005,Dhone (NP),020000,20 TAMIL ,198,97,101,0,0,0,198,97,101
C0116,28,552,803005,Dhone (NP),020027, Tamil,56,34,22,0,0,0,56,34,22
C0116,28,552,803005,Dhone (NP),020029, Yerukala/Yerukula,142,63,79,0,0,0,142,63,79
C0116,28,552,803005,Dhone (NP),021000,21 TELUGU ,48344,24095,24249,0,0,0,48344,24095,24249
C0116,28,552,803005,Dhone (NP),021046, Telugu,48344,24095,24249,0,0,0,48344,24095,24249
C0116,28,552,803005,Dhone (NP),022000,22 URDU,9594,4715,4879,0,0,0,9594,4715,4879
C0116,28,552,803005,Dhone (NP),022015, Urdu,9594,4715,4879,0,0,0,9594,4715,4879
C0116,28,552,803005,Dhone (NP),031000,31 BHOTIA ,9,4,5,0,0,0,9,4,5
C0116,28,552,803005,Dhone (NP),031999,31 Others,9,4,5,0,0,0,9,4,5
C0116,28,552,803005,Dhone (NP),040000,40 ENGLISH ,1,1,0,0,0,0,1,1,0
C0116,28,552,803005,Dhone (NP),040001, English,1,1,0,0,0,0,1,1,0
C0116,28,552,803005,Dhone (NP),069000,69 KOYA ,5,4,1,0,0,0,5,4,1
C0116,28,552,803005,Dhone (NP),069002, Koya,5,4,1,0,0,0,5,4,1
C0116,28,552,803005,Dhone (NP),124000,124 OTHERS,8,6,2,0,0,0,8,6,2
C0116,28,552,593921,Mamidalapadu (CT),002000,2 BENGALI ,35,24,11,0,0,0,35,24,11
C0116,28,552,593921,Mamidalapadu (CT),002007, Bengali,35,24,11,0,0,0,35,24,11
C0116,28,552,593921,Mamidalapadu (CT),005000,5 GUJARATI,15,8,7,0,0,0,15,8,7
C0116,28,552,593921,Mamidalapadu (CT),005018, Gujarati,15,8,7,0,0,0,15,8,7
C0116,28,552,593921,Mamidalapadu (CT),006000,6 HINDI ,230,121,109,0,0,0,230,121,109
C0116,28,552,593921,Mamidalapadu (CT),006240, Hindi,209,108,101,0,0,0,209,108,101
C0116,28,552,593921,Mamidalapadu (CT),006353, Lamani/Lambadi,4,2,2,0,0,0,4,2,2
C0116,28,552,593921,Mamidalapadu (CT),006541, Sugali,4,3,1,0,0,0,4,3,1
C0116,28,552,593921,Mamidalapadu (CT),006999,6 Others,13,8,5,0,0,0,13,8,5
C0116,28,552,593921,Mamidalapadu (CT),007000,7 KANNADA,148,78,70,0,0,0,148,78,70
C0116,28,552,593921,Mamidalapadu (CT),007016, Kannada,148,78,70,0,0,0,148,78,70
C0116,28,552,593921,Mamidalapadu (CT),010000,10 MAITHILI ,19,11,8,0,0,0,19,11,8
C0116,28,552,593921,Mamidalapadu (CT),010008, Maithili,19,11,8,0,0,0,19,11,8
C0116,28,552,593921,Mamidalapadu (CT),011000,11 MALAYALAM,14,8,6,0,0,0,14,8,6
C0116,28,552,593921,Mamidalapadu (CT),011016, Malayalam,14,8,6,0,0,0,14,8,6
C0116,28,552,593921,Mamidalapadu (CT),013000,13 MARATHI ,144,75,69,0,0,0,144,75,69
C0116,28,552,593921,Mamidalapadu (CT),013071, Marathi,140,72,68,0,0,0,140,72,68
C0116,28,552,593921,Mamidalapadu (CT),013999,13 Others,4,3,1,0,0,0,4,3,1
C0116,28,552,593921,Mamidalapadu (CT),015000,15 ODIA ,10,4,6,0,0,0,10,4,6
C0116,28,552,593921,Mamidalapadu (CT),015043, Odia,10,4,6,0,0,0,10,4,6
C0116,28,552,593921,Mamidalapadu (CT),020000,20 TAMIL ,139,72,67,0,0,0,139,72,67
C0116,28,552,593921,Mamidalapadu (CT),020027, Tamil,135,70,65,0,0,0,135,70,65
C0116,28,552,593921,Mamidalapadu (CT),020029, Yerukala/Yerukula,4,2,2,0,0,0,4,2,2
C0116,28,552,593921,Mamidalapadu (CT),021000,21 TELUGU ,18870,9462,9408,0,0,0,18870,9462,9408
C0116,28,552,593921,Mamidalapadu (CT),021046, Telugu,18870,9462,9408,0,0,0,18870,9462,9408
C0116,28,552,593921,Mamidalapadu (CT),022000,22 URDU,7062,3593,3469,0,0,0,7062,3593,3469
C0116,28,552,593921,Mamidalapadu (CT),022015, Urdu,7062,3593,3469,0,0,0,7062,3593,3469
C0116,28,552,593921,Mamidalapadu (CT),028000,28 ARABIC/ARBI ,1,0,1,0,0,0,1,0,1
C0116,28,552,593921,Mamidalapadu (CT),028001, Arabic/Arbi,1,0,1,0,0,0,1,0,1
C0116,28,552,593921,Mamidalapadu (CT),040000,40 ENGLISH ,6,2,4,0,0,0,6,2,4
C0116,28,552,593921,Mamidalapadu (CT),040001, English,6,2,4,0,0,0,6,2,4
C0116,28,552,593921,Mamidalapadu (CT),069000,69 KOYA ,1,1,0,0,0,0,1,1,0
C0116,28,552,593921,Mamidalapadu (CT),069002, Koya,1,1,0,0,0,0,1,1,0
C0116,28,552,593976,"Srisailam Project(RFC)
Township (CT)",002000,2 BENGALI ,4,4,0,0,0,0,4,4,0
C0116,28,552,593976,"Srisailam Project(RFC)
Township (CT)",002007, Bengali,4,4,0,0,0,0,4,4,0
C0116,28,552,593976,"Srisailam Project(RFC)
Township (CT)",005000,5 GUJARATI,1,0,1,0,0,0,1,0,1
C0116,28,552,593976,"Srisailam Project(RFC)
Township (CT)",005999,5 Others,1,0,1,0,0,0,1,0,1
C0116,28,552,593976,"Srisailam Project(RFC)
Township (CT)",006000,6 HINDI ,728,541,187,0,0,0,728,541,187
C0116,28,552,593976,"Srisailam Project(RFC)
Township (CT)",006240, Hindi,31,15,16,0,0,0,31,15,16
C0116,28,552,593976,"Srisailam Project(RFC)
Township (CT)",006353, Lamani/Lambadi,340,325,15,0,0,0,340,325,15
C0116,28,552,593976,"Srisailam Project(RFC)
Township (CT)",006400, Marwari,3,3,0,0,0,0,3,3,0
C0116,28,552,593976,"Srisailam Project(RFC)
Township (CT)",006541, Sugali,354,198,156,0,0,0,354,198,156
C0116,28,552,593976,"Srisailam Project(RFC)
Township (CT)",007000,7 KANNADA,13,7,6,0,0,0,13,7,6
C0116,28,552,593976,"Srisailam Project(RFC)
Township (CT)",007016, Kannada,13,7,6,0,0,0,13,7,6
C0116,28,552,593976,"Srisailam Project(RFC)
Township (CT)",011000,11 MALAYALAM,70,42,28,0,0,0,70,42,28
C0116,28,552,593976,"Srisailam Project(RFC)
Township (CT)",011016, Malayalam,70,42,28,0,0,0,70,42,28
C0116,28,552,593976,"Srisailam Project(RFC)
Township (CT)",013000,13 MARATHI ,12,4,8,0,0,0,12,4,8
C0116,28,552,593976,"Srisailam Project(RFC)
Township (CT)",013071, Marathi,12,4,8,0,0,0,12,4,8
C0116,28,552,593976,"Srisailam Project(RFC)
Township (CT)",014000,14 NEPALI ,2,2,0,0,0,0,2,2,0
C0116,28,552,593976,"Srisailam Project(RFC)
Township (CT)",014011, Nepali,2,2,0,0,0,0,2,2,0
C0116,28,552,593976,"Srisailam Project(RFC)
Township (CT)",015000,15 ODIA ,4,2,2,0,0,0,4,2,2
C0116,28,552,593976,"Srisailam Project(RFC)
Township (CT)",015043, Odia,4,2,2,0,0,0,4,2,2
C0116,28,552,593976,"Srisailam Project(RFC)
Township (CT)",020000,20 TAMIL ,116,60,56,0,0,0,116,60,56
C0116,28,552,593976,"Srisailam Project(RFC)
Township (CT)",020027, Tamil,110,54,56,0,0,0,110,54,56
C0116,28,552,593976,"Srisailam Project(RFC)
Township (CT)",020029, Yerukala/Yerukula,5,5,0,0,0,0,5,5,0
C0116,28,552,593976,"Srisailam Project(RFC)
Township (CT)",020999,20 Others,1,1,0,0,0,0,1,1,0
C0116,28,552,593976,"Srisailam Project(RFC)
Township (CT)",021000,21 TELUGU ,17798,9760,8038,0,0,0,17798,9760,8038
C0116,28,552,593976,"Srisailam Project(RFC)
Township (CT)",021046, Telugu,17795,9757,8038,0,0,0,17795,9757,8038
C0116,28,552,593976,"Srisailam Project(RFC)
Township (CT)",021999,21 Others,3,3,0,0,0,0,3,3,0
C0116,28,552,593976,"Srisailam Project(RFC)
Township (CT)",022000,22 URDU,2694,1362,1332,0,0,0,2694,1362,1332
C0116,28,552,593976,"Srisailam Project(RFC)
Township (CT)",022015, Urdu,2694,1362,1332,0,0,0,2694,1362,1332
C0116,28,552,593976,"Srisailam Project(RFC)
Township (CT)",040000,40 ENGLISH ,2,1,1,0,0,0,2,1,1
C0116,28,552,593976,"Srisailam Project(RFC)
Township (CT)",040001, English,2,1,1,0,0,0,2,1,1
C0116,28,552,593976,"Srisailam Project(RFC)
Township (CT)",069000,69 KOYA ,7,7,0,0,0,0,7,7,0
C0116,28,552,593976,"Srisailam Project(RFC)
Township (CT)",069002, Koya,7,7,0,0,0,0,7,7,0
C0116,28,552,593976,"Srisailam Project(RFC)
Township (CT)",115000,115 TIBETAN ,1,1,0,0,0,0,1,1,0
C0116,28,552,593976,"Srisailam Project(RFC)
Township (CT)",115011, Purkhi,1,1,0,0,0,0,1,1,0
C0116,28,552,594245,Bethamcherla (CT),006000,6 HINDI ,258,132,126,0,0,0,258,132,126
C0116,28,552,594245,Bethamcherla (CT),006240, Hindi,218,112,106,0,0,0,218,112,106
C0116,28,552,594245,Bethamcherla (CT),006353, Lamani/Lambadi,4,2,2,0,0,0,4,2,2
C0116,28,552,594245,Bethamcherla (CT),006489, Rajasthani,6,3,3,0,0,0,6,3,3
C0116,28,552,594245,Bethamcherla (CT),006541, Sugali,30,15,15,0,0,0,30,15,15
C0116,28,552,594245,Bethamcherla (CT),007000,7 KANNADA,44,13,31,0,0,0,44,13,31
C0116,28,552,594245,Bethamcherla (CT),007016, Kannada,44,13,31,0,0,0,44,13,31
C0116,28,552,594245,Bethamcherla (CT),011000,11 MALAYALAM,7,2,5,0,0,0,7,2,5
C0116,28,552,594245,Bethamcherla (CT),011016, Malayalam,7,2,5,0,0,0,7,2,5
C0116,28,552,594245,Bethamcherla (CT),013000,13 MARATHI ,83,40,43,0,0,0,83,40,43
C0116,28,552,594245,Bethamcherla (CT),013071, Marathi,83,40,43,0,0,0,83,40,43
C0116,28,552,594245,Bethamcherla (CT),015000,15 ODIA ,2,0,2,0,0,0,2,0,2
C0116,28,552,594245,Bethamcherla (CT),015043, Odia,2,0,2,0,0,0,2,0,2
C0116,28,552,594245,Bethamcherla (CT),020000,20 TAMIL ,111,50,61,0,0,0,111,50,61
C0116,28,552,594245,Bethamcherla (CT),020027, Tamil,24,13,11,0,0,0,24,13,11
C0116,28,552,594245,Bethamcherla (CT),020029, Yerukala/Yerukula,87,37,50,0,0,0,87,37,50
C0116,28,552,594245,Bethamcherla (CT),021000,21 TELUGU ,30662,15280,15382,0,0,0,30662,15280,15382
C0116,28,552,594245,Bethamcherla (CT),021046, Telugu,30662,15280,15382,0,0,0,30662,15280,15382
C0116,28,552,594245,Bethamcherla (CT),022000,22 URDU,7827,3907,3920,0,0,0,7827,3907,3920
C0116,28,552,594245,Bethamcherla (CT),022015, Urdu,7826,3906,3920,0,0,0,7826,3906,3920
C0116,28,552,594245,Bethamcherla (CT),022999,22 Others,1,1,0,0,0,0,1,1,0
C0116,28,552,594393,Banaganapalle (CT),002000,2 BENGALI ,10,4,6,0,0,0,10,4,6
C0116,28,552,594393,Banaganapalle (CT),002007, Bengali,10,4,6,0,0,0,10,4,6
C0116,28,552,594393,Banaganapalle (CT),006000,6 HINDI ,132,57,75,0,0,0,132,57,75
C0116,28,552,594393,Banaganapalle (CT),006066, Banjari,2,1,1,0,0,0,2,1,1
C0116,28,552,594393,Banaganapalle (CT),006240, Hindi,30,18,12,0,0,0,30,18,12
C0116,28,552,594393,Banaganapalle (CT),006353, Lamani/Lambadi,14,7,7,0,0,0,14,7,7
C0116,28,552,594393,Banaganapalle (CT),006541, Sugali,86,31,55,0,0,0,86,31,55
C0116,28,552,594393,Banaganapalle (CT),007000,7 KANNADA,33,18,15,0,0,0,33,18,15
C0116,28,552,594393,Banaganapalle (CT),007016, Kannada,33,18,15,0,0,0,33,18,15
C0116,28,552,594393,Banaganapalle (CT),011000,11 MALAYALAM,13,7,6,0,0,0,13,7,6
C0116,28,552,594393,Banaganapalle (CT),011016, Malayalam,13,7,6,0,0,0,13,7,6
C0116,28,552,594393,Banaganapalle (CT),013000,13 MARATHI ,104,54,50,0,0,0,104,54,50
C0116,28,552,594393,Banaganapalle (CT),013071, Marathi,104,54,50,0,0,0,104,54,50
C0116,28,552,594393,Banaganapalle (CT),016000,16 PUNJABI ,4,3,1,0,0,0,4,3,1
C0116,28,552,594393,Banaganapalle (CT),016038, Punjabi,4,3,1,0,0,0,4,3,1
C0116,28,552,594393,Banaganapalle (CT),020000,20 TAMIL ,59,29,30,0,0,0,59,29,30
C0116,28,552,594393,Banaganapalle (CT),020027, Tamil,38,20,18,0,0,0,38,20,18
C0116,28,552,594393,Banaganapalle (CT),020029, Yerukala/Yerukula,21,9,12,0,0,0,21,9,12
C0116,28,552,594393,Banaganapalle (CT),021000,21 TELUGU ,10596,5237,5359,0,0,0,10596,5237,5359
C0116,28,552,594393,Banaganapalle (CT),021046, Telugu,10596,5237,5359,0,0,0,10596,5237,5359
C0116,28,552,594393,Banaganapalle (CT),022000,22 URDU,9798,4885,4913,0,0,0,9798,4885,4913
C0116,28,552,594393,Banaganapalle (CT),022015, Urdu,9798,4885,4913,0,0,0,9798,4885,4913
C0116,28,552,594394,Banumukkala (CT),006000,6 HINDI ,27,21,6,0,0,0,27,21,6
C0116,28,552,594394,Banumukkala (CT),006240, Hindi,3,2,1,0,0,0,3,2,1
C0116,28,552,594394,Banumukkala (CT),006353, Lamani/Lambadi,6,4,2,0,0,0,6,4,2
C0116,28,552,594394,Banumukkala (CT),006541, Sugali,18,15,3,0,0,0,18,15,3
C0116,28,552,594394,Banumukkala (CT),007000,7 KANNADA,4,1,3,0,0,0,4,1,3
C0116,28,552,594394,Banumukkala (CT),007016, Kannada,4,1,3,0,0,0,4,1,3
C0116,28,552,594394,Banumukkala (CT),011000,11 MALAYALAM,1,0,1,0,0,0,1,0,1
C0116,28,552,594394,Banumukkala (CT),011016, Malayalam,1,0,1,0,0,0,1,0,1
C0116,28,552,594394,Banumukkala (CT),020000,20 TAMIL ,40,22,18,0,0,0,40,22,18
C0116,28,552,594394,Banumukkala (CT),020027, Tamil,13,8,5,0,0,0,13,8,5
C0116,28,552,594394,Banumukkala (CT),020029, Yerukala/Yerukula,27,14,13,0,0,0,27,14,13
C0116,28,552,594394,Banumukkala (CT),021000,21 TELUGU ,8794,4523,4271,0,0,0,8794,4523,4271
C0116,28,552,594394,Banumukkala (CT),021046, Telugu,8794,4523,4271,0,0,0,8794,4523,4271
C0116,28,552,594394,Banumukkala (CT),022000,22 URDU,5440,2764,2676,0,0,0,5440,2764,2676
C0116,28,552,594394,Banumukkala (CT),022015, Urdu,5440,2764,2676,0,0,0,5440,2764,2676
C0116,28,552,594394,Banumukkala (CT),124000,124 OTHERS,1,1,0,0,0,0,1,1,0
C0116,28,552,594493,Ramapuram (CT),006000,6 HINDI ,3,2,1,0,0,0,3,2,1
C0116,28,552,594493,Ramapuram (CT),006541, Sugali,3,2,1,0,0,0,3,2,1
C0116,28,552,594493,Ramapuram (CT),021000,21 TELUGU ,6127,3169,2958,0,0,0,6127,3169,2958
C0116,28,552,594493,Ramapuram (CT),021046, Telugu,6127,3169,2958,0,0,0,6127,3169,2958
C0116,28,552,594493,Ramapuram (CT),022000,22 URDU,484,249,235,0,0,0,484,249,235
C0116,28,552,594493,Ramapuram (CT),022015, Urdu,484,249,235,0,0,0,484,249,235
C0116,28,552,594601,Thummalamenta (CT),002000,2 BENGALI ,8,3,5,0,0,0,8,3,5
C0116,28,552,594601,Thummalamenta (CT),002007, Bengali,8,3,5,0,0,0,8,3,5
C0116,28,552,594601,Thummalamenta (CT),005000,5 GUJARATI,2,1,1,0,0,0,2,1,1
C0116,28,552,594601,Thummalamenta (CT),005018, Gujarati,2,1,1,0,0,0,2,1,1
C0116,28,552,594601,Thummalamenta (CT),006000,6 HINDI ,163,82,81,0,0,0,163,82,81
C0116,28,552,594601,Thummalamenta (CT),006102, Bhojpuri,17,8,9,0,0,0,17,8,9
C0116,28,552,594601,Thummalamenta (CT),006240, Hindi,128,64,64,0,0,0,128,64,64
C0116,28,552,594601,Thummalamenta (CT),006541, Sugali,18,10,8,0,0,0,18,10,8
C0116,28,552,594601,Thummalamenta (CT),007000,7 KANNADA,29,15,14,0,0,0,29,15,14
C0116,28,552,594601,Thummalamenta (CT),007016, Kannada,29,15,14,0,0,0,29,15,14
C0116,28,552,594601,Thummalamenta (CT),009000,9 KONKANI,3,1,2,0,0,0,3,1,2
C0116,28,552,594601,Thummalamenta (CT),009011, Konkani,3,1,2,0,0,0,3,1,2
C0116,28,552,594601,Thummalamenta (CT),011000,11 MALAYALAM,21,10,11,0,0,0,21,10,11
C0116,28,552,594601,Thummalamenta (CT),011016, Malayalam,21,10,11,0,0,0,21,10,11
C0116,28,552,594601,Thummalamenta (CT),013000,13 MARATHI ,26,16,10,0,0,0,26,16,10
C0116,28,552,594601,Thummalamenta (CT),013071, Marathi,26,16,10,0,0,0,26,16,10
C0116,28,552,594601,Thummalamenta (CT),015000,15 ODIA ,49,22,27,0,0,0,49,22,27
C0116,28,552,594601,Thummalamenta (CT),015043, Odia,49,22,27,0,0,0,49,22,27
C0116,28,552,594601,Thummalamenta (CT),020000,20 TAMIL ,82,37,45,0,0,0,82,37,45
C0116,28,552,594601,Thummalamenta (CT),020027, Tamil,16,8,8,0,0,0,16,8,8
C0116,28,552,594601,Thummalamenta (CT),020029, Yerukala/Yerukula,66,29,37,0,0,0,66,29,37
C0116,28,552,594601,Thummalamenta (CT),021000,21 TELUGU ,11508,5858,5650,0,0,0,11508,5858,5650
C0116,28,552,594601,Thummalamenta (CT),021046, Telugu,11508,5858,5650,0,0,0,11508,5858,5650
C0116,28,552,594601,Thummalamenta (CT),022000,22 URDU,471,248,223,0,0,0,471,248,223
C0116,28,552,594601,Thummalamenta (CT),022015, Urdu,471,248,223,0,0,0,471,248,223
C0116,28,552,594601,Thummalamenta (CT),030000,30 BHILI/BHILODI ,4,3,1,0,0,0,4,3,1
C0116,28,552,594601,Thummalamenta (CT),030035, Kokna/Kokni/Kukna,4,3,1,0,0,0,4,3,1
C0116,28,552,594601,Thummalamenta (CT),044000,44 GONDI,2,2,0,0,0,0,2,2,0
C0116,28,552,594601,Thummalamenta (CT),044999,44 Others,2,2,0,0,0,0,2,2,0
C0116,28,552,594601,Thummalamenta (CT),059000,59 KINNAURI ,5,2,3,0,0,0,5,2,3
C0116,28,552,594601,Thummalamenta (CT),059999,59 Others,5,2,3,0,0,0,5,2,3
C0116,28,553,000000,Anantapur,001000,1 ASSAMESE,16,9,7,0,0,0,16,9,7
C0116,28,553,000000,Anantapur,001002, Assamese,16,9,7,0,0,0,16,9,7
C0116,28,553,000000,Anantapur,002000,2 BENGALI ,461,296,165,0,0,0,461,296,165
C0116,28,553,000000,Anantapur,002007, Bengali,461,296,165,0,0,0,461,296,165
C0116,28,553,000000,Anantapur,005000,5 GUJARATI,177,84,93,0,0,0,177,84,93
C0116,28,553,000000,Anantapur,005018, Gujarati,104,55,49,0,0,0,104,55,49
C0116,28,553,000000,Anantapur,005057, Saurashtra/Saurashtri,8,4,4,0,0,0,8,4,4
C0116,28,553,000000,Anantapur,005999,5 Others,65,25,40,0,0,0,65,25,40
C0116,28,553,000000,Anantapur,006000,6 HINDI ,14854,7848,7006,0,0,0,14854,7848,7006
C0116,28,553,000000,Anantapur,006066, Banjari,271,132,139,0,0,0,271,132,139
C0116,28,553,000000,Anantapur,006102, Bhojpuri,30,17,13,0,0,0,30,17,13
C0116,28,553,000000,Anantapur,006142, Chhattisgarhi,2,1,1,0,0,0,2,1,1
C0116,28,553,000000,Anantapur,006195, Garhwali,6,3,3,0,0,0,6,3,3
C0116,28,553,000000,Anantapur,006240, Hindi,6669,3589,3080,0,0,0,6669,3589,3080
C0116,28,553,000000,Anantapur,006336, Kulvi,119,55,64,0,0,0,119,55,64
C0116,28,553,000000,Anantapur,006353, Lamani/Lambadi,1090,581,509,0,0,0,1090,581,509
C0116,28,553,000000,Anantapur,006400, Marwari,1318,735,583,0,0,0,1318,735,583
C0116,28,553,000000,Anantapur,006489, Rajasthani,464,266,198,0,0,0,464,266,198
C0116,28,553,000000,Anantapur,006541, Sugali,4605,2312,2293,0,0,0,4605,2312,2293
C0116,28,553,000000,Anantapur,006999,6 Others,280,157,123,0,0,0,280,157,123
C0116,28,553,000000,Anantapur,007000,7 KANNADA,14735,6804,7931,0,0,0,14735,6804,7931
C0116,28,553,000000,Anantapur,007002, Badaga,6,0,6,0,0,0,6,0,6
C0116,28,553,000000,Anantapur,007016, Kannada,14728,6803,7925,0,0,0,14728,6803,7925
C0116,28,553,000000,Anantapur,007999,7 Others,1,1,0,0,0,0,1,1,0
C0116,28,553,000000,Anantapur,008000,8 KASHMIRI ,25,14,11,0,0,0,25,14,11
C0116,28,553,000000,Anantapur,008005, Kashmiri,25,14,11,0,0,0,25,14,11
C0116,28,553,000000,Anantapur,009000,9 KONKANI,56,23,33,0,0,0,56,23,33
C0116,28,553,000000,Anantapur,009011, Konkani,42,16,26,0,0,0,42,16,26
C0116,28,553,000000,Anantapur,009028, Gorboli/Goru/Gorwani,14,7,7,0,0,0,14,7,7
C0116,28,553,000000,Anantapur,011000,11 MALAYALAM,1063,448,615,0,0,0,1063,448,615
C0116,28,553,000000,Anantapur,011016, Malayalam,1063,448,615,0,0,0,1063,448,615
C0116,28,553,000000,Anantapur,012000,12 MANIPURI ,5,3,2,0,0,0,5,3,2
C0116,28,553,000000,Anantapur,012003, Manipuri,5,3,2,0,0,0,5,3,2
C0116,28,553,000000,Anantapur,013000,13 MARATHI ,8777,4461,4316,0,0,0,8777,4461,4316
C0116,28,553,000000,Anantapur,013071, Marathi,8766,4454,4312,0,0,0,8766,4454,4312
C0116,28,553,000000,Anantapur,013999,13 Others,11,7,4,0,0,0,11,7,4
C0116,28,553,000000,Anantapur,014000,14 NEPALI ,258,137,121,0,0,0,258,137,121
C0116,28,553,000000,Anantapur,014011, Nepali,258,137,121,0,0,0,258,137,121
C0116,28,553,000000,Anantapur,015000,15 ODIA ,244,138,106,0,0,0,244,138,106
C0116,28,553,000000,Anantapur,015043, Odia,238,135,103,0,0,0,238,135,103
C0116,28,553,000000,Anantapur,015055, Relli,6,3,3,0,0,0,6,3,3
C0116,28,553,000000,Anantapur,016000,16 PUNJABI ,166,95,71,0,0,0,166,95,71
C0116,28,553,000000,Anantapur,016038, Punjabi,166,95,71,0,0,0,166,95,71
C0116,28,553,000000,Anantapur,017000,17 SANSKRIT ,4,2,2,0,0,0,4,2,2
C0116,28,553,000000,Anantapur,017002, Sanskrit,4,2,2,0,0,0,4,2,2
C0116,28,553,000000,Anantapur,018000,18 SANTALI ,2,1,1,0,0,0,2,1,1
C0116,28,553,000000,Anantapur,018040, Santali,2,1,1,0,0,0,2,1,1
C0116,28,553,000000,Anantapur,019000,19 SINDHI,28,15,13,0,0,0,28,15,13
C0116,28,553,000000,Anantapur,019008, Kachchhi,2,1,1,0,0,0,2,1,1
C0116,28,553,000000,Anantapur,019014, Sindhi,26,14,12,0,0,0,26,14,12
C0116,28,553,000000,Anantapur,020000,20 TAMIL ,7033,3551,3482,0,0,0,7033,3551,3482
C0116,28,553,000000,Anantapur,020027, Tamil,5639,2862,2777,0,0,0,5639,2862,2777
C0116,28,553,000000,Anantapur,020029, Yerukala/Yerukula,1353,667,686,0,0,0,1353,667,686
C0116,28,553,000000,Anantapur,020999,20 Others,41,22,19,0,0,0,41,22,19
C0116,28,553,000000,Anantapur,021000,21 TELUGU ,832317,417919,414398,0,0,0,832317,417919,414398
C0116,28,553,000000,Anantapur,021046, Telugu,832309,417916,414393,0,0,0,832309,417916,414393
C0116,28,553,000000,Anantapur,021999,21 Others,8,3,5,0,0,0,8,3,5
C0116,28,553,000000,Anantapur,022000,22 URDU,264661,133066,131595,0,0,0,264661,133066,131595
C0116,28,553,000000,Anantapur,022015, Urdu,264510,132993,131517,0,0,0,264510,132993,131517
C0116,28,553,000000,Anantapur,022999,22 Others,151,73,78,0,0,0,151,73,78
C0116,28,553,000000,Anantapur,028000,28 ARABIC/ARBI ,22,11,11,0,0,0,22,11,11
C0116,28,553,000000,Anantapur,028001, Arabic/Arbi,22,11,11,0,0,0,22,11,11
C0116,28,553,000000,Anantapur,030000,30 BHILI/BHILODI ,91,44,47,0,0,0,91,44,47
C0116,28,553,000000,Anantapur,030035, Kokna/Kokni/Kukna,91,44,47,0,0,0,91,44,47
C0116,28,553,000000,Anantapur,040000,40 ENGLISH ,255,135,120,0,0,0,255,135,120
C0116,28,553,000000,Anantapur,040001, English,255,135,120,0,0,0,255,135,120
C0116,28,553,000000,Anantapur,044000,44 GONDI,4,2,2,0,0,0,4,2,2
C0116,28,553,000000,Anantapur,044007, Gondi,4,2,2,0,0,0,4,2,2
C0116,28,553,000000,Anantapur,058000,58 KHOND/KONDH ,1,0,1,0,0,0,1,0,1
C0116,28,553,000000,Anantapur,058006, Kuvi,1,0,1,0,0,0,1,0,1
C0116,28,553,000000,Anantapur,062000,62 KODA/KORA ,1,0,1,0,0,0,1,0,1
C0116,28,553,000000,Anantapur,062003, Koda/Kora,1,0,1,0,0,0,1,0,1
C0116,28,553,000000,Anantapur,065000,65 KONDA,19,9,10,0,0,0,19,9,10
C0116,28,553,000000,Anantapur,065003, Konda,19,9,10,0,0,0,19,9,10
C0116,28,553,000000,Anantapur,069000,69 KOYA ,10,2,8,0,0,0,10,2,8
C0116,28,553,000000,Anantapur,069002, Koya,10,2,8,0,0,0,10,2,8
C0116,28,553,000000,Anantapur,075000,75 LAHNDA ,1,1,0,0,0,0,1,1,0
C0116,28,553,000000,Anantapur,075999,75 Others ,1,1,0,0,0,0,1,1,0
C0116,28,553,000000,Anantapur,111000,111 TAMANG ,1,1,0,0,0,0,1,1,0
C0116,28,553,000000,Anantapur,111001, Tamang,1,1,0,0,0,0,1,1,0
C0116,28,553,000000,Anantapur,114000,114 THADO ,10,6,4,0,0,0,10,6,4
C0116,28,553,000000,Anantapur,114015, Thado,10,6,4,0,0,0,10,6,4
C0116,28,553,000000,Anantapur,117000,117 TULU ,41,26,15,0,0,0,41,26,15
C0116,28,553,000000,Anantapur,117009, Tulu,41,26,15,0,0,0,41,26,15
C0116,28,553,000000,Anantapur,124000,124 OTHERS,373,187,186,0,0,0,373,187,186
C0116,28,553,803006,Rayadurg (M),002000,2 BENGALI ,8,5,3,0,0,0,8,5,3
C0116,28,553,803006,Rayadurg (M),002007, Bengali,8,5,3,0,0,0,8,5,3
C0116,28,553,803006,Rayadurg (M),005000,5 GUJARATI,6,4,2,0,0,0,6,4,2
C0116,28,553,803006,Rayadurg (M),005018, Gujarati,6,4,2,0,0,0,6,4,2
C0116,28,553,803006,Rayadurg (M),006000,6 HINDI ,736,386,350,0,0,0,736,386,350
C0116,28,553,803006,Rayadurg (M),006066, Banjari,13,6,7,0,0,0,13,6,7
C0116,28,553,803006,Rayadurg (M),006240, Hindi,451,239,212,0,0,0,451,239,212
C0116,28,553,803006,Rayadurg (M),006353, Lamani/Lambadi,87,43,44,0,0,0,87,43,44
C0116,28,553,803006,Rayadurg (M),006400, Marwari,8,5,3,0,0,0,8,5,3
C0116,28,553,803006,Rayadurg (M),006489, Rajasthani,54,28,26,0,0,0,54,28,26
C0116,28,553,803006,Rayadurg (M),006541, Sugali,91,47,44,0,0,0,91,47,44
C0116,28,553,803006,Rayadurg (M),006999,6 Others,32,18,14,0,0,0,32,18,14
C0116,28,553,803006,Rayadurg (M),007000,7 KANNADA,5876,2850,3026,0,0,0,5876,2850,3026
C0116,28,553,803006,Rayadurg (M),007016, Kannada,5876,2850,3026,0,0,0,5876,2850,3026
C0116,28,553,803006,Rayadurg (M),011000,11 MALAYALAM,14,12,2,0,0,0,14,12,2
C0116,28,553,803006,Rayadurg (M),011016, Malayalam,14,12,2,0,0,0,14,12,2
C0116,28,553,803006,Rayadurg (M),013000,13 MARATHI ,1469,735,734,0,0,0,1469,735,734
C0116,28,553,803006,Rayadurg (M),013071, Marathi,1465,732,733,0,0,0,1465,732,733
C0116,28,553,803006,Rayadurg (M),013999,13 Others,4,3,1,0,0,0,4,3,1
C0116,28,553,803006,Rayadurg (M),016000,16 PUNJABI ,6,6,0,0,0,0,6,6,0
C0116,28,553,803006,Rayadurg (M),016038, Punjabi,6,6,0,0,0,0,6,6,0
C0116,28,553,803006,Rayadurg (M),020000,20 TAMIL ,240,120,120,0,0,0,240,120,120
C0116,28,553,803006,Rayadurg (M),020027, Tamil,119,58,61,0,0,0,119,58,61
C0116,28,553,803006,Rayadurg (M),020029, Yerukala/Yerukula,121,62,59,0,0,0,121,62,59
C0116,28,553,803006,Rayadurg (M),021000,21 TELUGU ,40967,20485,20482,0,0,0,40967,20485,20482
C0116,28,553,803006,Rayadurg (M),021046, Telugu,40966,20485,20481,0,0,0,40966,20485,20481
C0116,28,553,803006,Rayadurg (M),021999,21 Others,1,0,1,0,0,0,1,0,1
C0116,28,553,803006,Rayadurg (M),022000,22 URDU,12305,6249,6056,0,0,0,12305,6249,6056
C0116,28,553,803006,Rayadurg (M),022015, Urdu,12305,6249,6056,0,0,0,12305,6249,6056
C0116,28,553,803006,Rayadurg (M),030000,30 BHILI/BHILODI ,81,38,43,0,0,0,81,38,43
C0116,28,553,803006,Rayadurg (M),030035, Kokna/Kokni/Kukna,81,38,43,0,0,0,81,38,43
C0116,28,553,803006,Rayadurg (M),040000,40 ENGLISH ,1,1,0,0,0,0,1,1,0
C0116,28,553,803006,Rayadurg (M),040001, English,1,1,0,0,0,0,1,1,0
C0116,28,553,803006,Rayadurg (M),069000,69 KOYA ,1,0,1,0,0,0,1,0,1
C0116,28,553,803006,Rayadurg (M),069002, Koya,1,0,1,0,0,0,1,0,1
C0116,28,553,803006,Rayadurg (M),117000,117 TULU ,11,6,5,0,0,0,11,6,5
C0116,28,553,803006,Rayadurg (M),117009, Tulu,11,6,5,0,0,0,11,6,5
C0116,28,553,803006,Rayadurg (M),124000,124 OTHERS,28,14,14,0,0,0,28,14,14
C0116,28,553,803007,Guntakal (M),002000,2 BENGALI ,51,26,25,0,0,0,51,26,25
C0116,28,553,803007,Guntakal (M),002007, Bengali,51,26,25,0,0,0,51,26,25
C0116,28,553,803007,Guntakal (M),005000,5 GUJARATI,9,4,5,0,0,0,9,4,5
C0116,28,553,803007,Guntakal (M),005018, Gujarati,4,2,2,0,0,0,4,2,2
C0116,28,553,803007,Guntakal (M),005057, Saurashtra/Saurashtri,4,2,2,0,0,0,4,2,2
C0116,28,553,803007,Guntakal (M),005999,5 Others,1,0,1,0,0,0,1,0,1
C0116,28,553,803007,Guntakal (M),006000,6 HINDI ,2507,1286,1221,0,0,0,2507,1286,1221
C0116,28,553,803007,Guntakal (M),006066, Banjari,3,2,1,0,0,0,3,2,1
C0116,28,553,803007,Guntakal (M),006102, Bhojpuri,1,0,1,0,0,0,1,0,1
C0116,28,553,803007,Guntakal (M),006142, Chhattisgarhi,2,1,1,0,0,0,2,1,1
C0116,28,553,803007,Guntakal (M),006240, Hindi,1348,686,662,0,0,0,1348,686,662
C0116,28,553,803007,Guntakal (M),006353, Lamani/Lambadi,98,50,48,0,0,0,98,50,48
C0116,28,553,803007,Guntakal (M),006400, Marwari,330,176,154,0,0,0,330,176,154
C0116,28,553,803007,Guntakal (M),006489, Rajasthani,27,13,14,0,0,0,27,13,14
C0116,28,553,803007,Guntakal (M),006541, Sugali,567,288,279,0,0,0,567,288,279
C0116,28,553,803007,Guntakal (M),006999,6 Others,131,70,61,0,0,0,131,70,61
C0116,28,553,803007,Guntakal (M),007000,7 KANNADA,1239,587,652,0,0,0,1239,587,652
C0116,28,553,803007,Guntakal (M),007016, Kannada,1239,587,652,0,0,0,1239,587,652
C0116,28,553,803007,Guntakal (M),011000,11 MALAYALAM,295,47,248,0,0,0,295,47,248
C0116,28,553,803007,Guntakal (M),011016, Malayalam,295,47,248,0,0,0,295,47,248
C0116,28,553,803007,Guntakal (M),012000,12 MANIPURI ,2,0,2,0,0,0,2,0,2
C0116,28,553,803007,Guntakal (M),012003, Manipuri,2,0,2,0,0,0,2,0,2
C0116,28,553,803007,Guntakal (M),013000,13 MARATHI ,884,437,447,0,0,0,884,437,447
C0116,28,553,803007,Guntakal (M),013071, Marathi,879,434,445,0,0,0,879,434,445
C0116,28,553,803007,Guntakal (M),013999,13 Others,5,3,2,0,0,0,5,3,2
C0116,28,553,803007,Guntakal (M),014000,14 NEPALI ,25,16,9,0,0,0,25,16,9
C0116,28,553,803007,Guntakal (M),014011, Nepali,25,16,9,0,0,0,25,16,9
C0116,28,553,803007,Guntakal (M),015000,15 ODIA ,64,32,32,0,0,0,64,32,32
C0116,28,553,803007,Guntakal (M),015043, Odia,64,32,32,0,0,0,64,32,32
C0116,28,553,803007,Guntakal (M),016000,16 PUNJABI ,6,3,3,0,0,0,6,3,3
C0116,28,553,803007,Guntakal (M),016038, Punjabi,6,3,3,0,0,0,6,3,3
C0116,28,553,803007,Guntakal (M),019000,19 SINDHI,2,1,1,0,0,0,2,1,1
C0116,28,553,803007,Guntakal (M),019008, Kachchhi,2,1,1,0,0,0,2,1,1
C0116,28,553,803007,Guntakal (M),020000,20 TAMIL ,1737,872,865,0,0,0,1737,872,865
C0116,28,553,803007,Guntakal (M),020027, Tamil,1497,754,743,0,0,0,1497,754,743
C0116,28,553,803007,Guntakal (M),020029, Yerukala/Yerukula,229,113,116,0,0,0,229,113,116
C0116,28,553,803007,Guntakal (M),020999,20 Others,11,5,6,0,0,0,11,5,6
C0116,28,553,803007,Guntakal (M),021000,21 TELUGU ,88165,43809,44356,0,0,0,88165,43809,44356
C0116,28,553,803007,Guntakal (M),021046, Telugu,88165,43809,44356,0,0,0,88165,43809,44356
C0116,28,553,803007,Guntakal (M),022000,22 URDU,31012,15593,15419,0,0,0,31012,15593,15419
C0116,28,553,803007,Guntakal (M),022015, Urdu,31006,15589,15417,0,0,0,31006,15589,15417
C0116,28,553,803007,Guntakal (M),022999,22 Others,6,4,2,0,0,0,6,4,2
C0116,28,553,803007,Guntakal (M),028000,28 ARABIC/ARBI ,5,3,2,0,0,0,5,3,2
C0116,28,553,803007,Guntakal (M),028001, Arabic/Arbi,5,3,2,0,0,0,5,3,2
C0116,28,553,803007,Guntakal (M),040000,40 ENGLISH ,144,72,72,0,0,0,144,72,72
C0116,28,553,803007,Guntakal (M),040001, English,144,72,72,0,0,0,144,72,72
C0116,28,553,803007,Guntakal (M),062000,62 KODA/KORA ,1,0,1,0,0,0,1,0,1
C0116,28,553,803007,Guntakal (M),062003, Koda/Kora,1,0,1,0,0,0,1,0,1
C0116,28,553,803007,Guntakal (M),065000,65 KONDA,19,9,10,0,0,0,19,9,10
C0116,28,553,803007,Guntakal (M),065003, Konda,19,9,10,0,0,0,19,9,10
C0116,28,553,803007,Guntakal (M),069000,69 KOYA ,4,1,3,0,0,0,4,1,3
C0116,28,553,803007,Guntakal (M),069002, Koya,4,1,3,0,0,0,4,1,3
C0116,28,553,803007,Guntakal (M),114000,114 THADO ,5,3,2,0,0,0,5,3,2
C0116,28,553,803007,Guntakal (M),114015, Thado,5,3,2,0,0,0,5,3,2
C0116,28,553,803007,Guntakal (M),117000,117 TULU ,4,1,3,0,0,0,4,1,3
C0116,28,553,803007,Guntakal (M),117009, Tulu,4,1,3,0,0,0,4,1,3
C0116,28,553,803007,Guntakal (M),124000,124 OTHERS,90,49,41,0,0,0,90,49,41
C0116,28,553,803008,Tadpatri (M),002000,2 BENGALI ,7,4,3,0,0,0,7,4,3
C0116,28,553,803008,Tadpatri (M),002007, Bengali,7,4,3,0,0,0,7,4,3
C0116,28,553,803008,Tadpatri (M),005000,5 GUJARATI,9,3,6,0,0,0,9,3,6
C0116,28,553,803008,Tadpatri (M),005018, Gujarati,5,2,3,0,0,0,5,2,3
C0116,28,553,803008,Tadpatri (M),005999,5 Others,4,1,3,0,0,0,4,1,3
C0116,28,553,803008,Tadpatri (M),006000,6 HINDI ,848,469,379,0,0,0,848,469,379
C0116,28,553,803008,Tadpatri (M),006102, Bhojpuri,5,2,3,0,0,0,5,2,3
C0116,28,553,803008,Tadpatri (M),006240, Hindi,517,290,227,0,0,0,517,290,227
C0116,28,553,803008,Tadpatri (M),006353, Lamani/Lambadi,171,87,84,0,0,0,171,87,84
C0116,28,553,803008,Tadpatri (M),006400, Marwari,86,50,36,0,0,0,86,50,36
C0116,28,553,803008,Tadpatri (M),006489, Rajasthani,35,19,16,0,0,0,35,19,16
C0116,28,553,803008,Tadpatri (M),006541, Sugali,34,21,13,0,0,0,34,21,13
C0116,28,553,803008,Tadpatri (M),007000,7 KANNADA,178,90,88,0,0,0,178,90,88
C0116,28,553,803008,Tadpatri (M),007016, Kannada,178,90,88,0,0,0,178,90,88
C0116,28,553,803008,Tadpatri (M),009000,9 KONKANI,6,2,4,0,0,0,6,2,4
C0116,28,553,803008,Tadpatri (M),009011, Konkani,6,2,4,0,0,0,6,2,4
C0116,28,553,803008,Tadpatri (M),011000,11 MALAYALAM,32,16,16,0,0,0,32,16,16
C0116,28,553,803008,Tadpatri (M),011016, Malayalam,32,16,16,0,0,0,32,16,16
C0116,28,553,803008,Tadpatri (M),013000,13 MARATHI ,552,281,271,0,0,0,552,281,271
C0116,28,553,803008,Tadpatri (M),013071, Marathi,550,280,270,0,0,0,550,280,270
C0116,28,553,803008,Tadpatri (M),013999,13 Others,2,1,1,0,0,0,2,1,1
C0116,28,553,803008,Tadpatri (M),014000,14 NEPALI ,11,7,4,0,0,0,11,7,4
C0116,28,553,803008,Tadpatri (M),014011, Nepali,11,7,4,0,0,0,11,7,4
C0116,28,553,803008,Tadpatri (M),015000,15 ODIA ,14,7,7,0,0,0,14,7,7
C0116,28,553,803008,Tadpatri (M),015043, Odia,13,6,7,0,0,0,13,6,7
C0116,28,553,803008,Tadpatri (M),015055, Relli,1,1,0,0,0,0,1,1,0
C0116,28,553,803008,Tadpatri (M),020000,20 TAMIL ,282,161,121,0,0,0,282,161,121
C0116,28,553,803008,Tadpatri (M),020027, Tamil,194,119,75,0,0,0,194,119,75
C0116,28,553,803008,Tadpatri (M),020029, Yerukala/Yerukula,88,42,46,0,0,0,88,42,46
C0116,28,553,803008,Tadpatri (M),021000,21 TELUGU ,79142,39374,39768,0,0,0,79142,39374,39768
C0116,28,553,803008,Tadpatri (M),021046, Telugu,79135,39371,39764,0,0,0,79135,39371,39764
C0116,28,553,803008,Tadpatri (M),021999,21 Others,7,3,4,0,0,0,7,3,4
C0116,28,553,803008,Tadpatri (M),022000,22 URDU,27083,13596,13487,0,0,0,27083,13596,13487
C0116,28,553,803008,Tadpatri (M),022015, Urdu,27016,13564,13452,0,0,0,27016,13564,13452
C0116,28,553,803008,Tadpatri (M),022999,22 Others,67,32,35,0,0,0,67,32,35
C0116,28,553,803008,Tadpatri (M),040000,40 ENGLISH ,3,3,0,0,0,0,3,3,0
C0116,28,553,803008,Tadpatri (M),040001, English,3,3,0,0,0,0,3,3,0
C0116,28,553,803008,Tadpatri (M),044000,44 GONDI,4,2,2,0,0,0,4,2,2
C0116,28,553,803008,Tadpatri (M),044007, Gondi,4,2,2,0,0,0,4,2,2
C0116,28,553,803009,Anantapur (M Corp. + OG) (Part),001000,1 ASSAMESE,2,0,2,0,0,0,2,0,2
C0116,28,553,803009,Anantapur (M Corp. + OG) (Part),001002, Assamese,2,0,2,0,0,0,2,0,2
C0116,28,553,803009,Anantapur (M Corp. + OG) (Part),002000,2 BENGALI ,42,22,20,0,0,0,42,22,20
C0116,28,553,803009,Anantapur (M Corp. + OG) (Part),002007, Bengali,42,22,20,0,0,0,42,22,20
C0116,28,553,803009,Anantapur (M Corp. + OG) (Part),005000,5 GUJARATI,39,18,21,0,0,0,39,18,21
C0116,28,553,803009,Anantapur (M Corp. + OG) (Part),005018, Gujarati,37,17,20,0,0,0,37,17,20
C0116,28,553,803009,Anantapur (M Corp. + OG) (Part),005999,5 Others,2,1,1,0,0,0,2,1,1
C0116,28,553,803009,Anantapur (M Corp. + OG) (Part),006000,6 HINDI ,3829,2055,1774,0,0,0,3829,2055,1774
C0116,28,553,803009,Anantapur (M Corp. + OG) (Part),006066, Banjari,22,9,13,0,0,0,22,9,13
C0116,28,553,803009,Anantapur (M Corp. + OG) (Part),006195, Garhwali,6,3,3,0,0,0,6,3,3
C0116,28,553,803009,Anantapur (M Corp. + OG) (Part),006240, Hindi,1623,853,770,0,0,0,1623,853,770
C0116,28,553,803009,Anantapur (M Corp. + OG) (Part),006353, Lamani/Lambadi,241,125,116,0,0,0,241,125,116
C0116,28,553,803009,Anantapur (M Corp. + OG) (Part),006400, Marwari,551,310,241,0,0,0,551,310,241
C0116,28,553,803009,Anantapur (M Corp. + OG) (Part),006489, Rajasthani,167,98,69,0,0,0,167,98,69
C0116,28,553,803009,Anantapur (M Corp. + OG) (Part),006541, Sugali,1194,644,550,0,0,0,1194,644,550
C0116,28,553,803009,Anantapur (M Corp. + OG) (Part),006999,6 Others,25,13,12,0,0,0,25,13,12
C0116,28,553,803009,Anantapur (M Corp. + OG) (Part),007000,7 KANNADA,2171,1013,1158,0,0,0,2171,1013,1158
C0116,28,553,803009,Anantapur (M Corp. + OG) (Part),007002, Badaga,1,0,1,0,0,0,1,0,1
C0116,28,553,803009,Anantapur (M Corp. + OG) (Part),007016, Kannada,2169,1012,1157,0,0,0,2169,1012,1157
C0116,28,553,803009,Anantapur (M Corp. + OG) (Part),007999,7 Others,1,1,0,0,0,0,1,1,0
C0116,28,553,803009,Anantapur (M Corp. + OG) (Part),009000,9 KONKANI,30,13,17,0,0,0,30,13,17
C0116,28,553,803009,Anantapur (M Corp. + OG) (Part),009011, Konkani,16,6,10,0,0,0,16,6,10
C0116,28,553,803009,Anantapur (M Corp. + OG) (Part),009028, Gorboli/Goru/Gorwani,14,7,7,0,0,0,14,7,7
C0116,28,553,803009,Anantapur (M Corp. + OG) (Part),011000,11 MALAYALAM,262,118,144,0,0,0,262,118,144
C0116,28,553,803009,Anantapur (M Corp. + OG) (Part),011016, Malayalam,262,118,144,0,0,0,262,118,144
C0116,28,553,803009,Anantapur (M Corp. + OG) (Part),013000,13 MARATHI ,2496,1271,1225,0,0,0,2496,1271,1225
C0116,28,553,803009,Anantapur (M Corp. + OG) (Part),013071, Marathi,2496,1271,1225,0,0,0,2496,1271,1225
C0116,28,553,803009,Anantapur (M Corp. + OG) (Part),014000,14 NEPALI ,76,19,57,0,0,0,76,19,57
C0116,28,553,803009,Anantapur (M Corp. + OG) (Part),014011, Nepali,76,19,57,0,0,0,76,19,57
C0116,28,553,803009,Anantapur (M Corp. + OG) (Part),015000,15 ODIA ,29,15,14,0,0,0,29,15,14
C0116,28,553,803009,Anantapur (M Corp. + OG) (Part),015043, Odia,26,13,13,0,0,0,26,13,13
C0116,28,553,803009,Anantapur (M Corp. + OG) (Part),015055, Relli,3,2,1,0,0,0,3,2,1
C0116,28,553,803009,Anantapur (M Corp. + OG) (Part),016000,16 PUNJABI ,111,60,51,0,0,0,111,60,51
C0116,28,553,803009,Anantapur (M Corp. + OG) (Part),016038, Punjabi,111,60,51,0,0,0,111,60,51
C0116,28,553,803009,Anantapur (M Corp. + OG) (Part),019000,19 SINDHI,2,0,2,0,0,0,2,0,2
C0116,28,553,803009,Anantapur (M Corp. + OG) (Part),019014, Sindhi,2,0,2,0,0,0,2,0,2
C0116,28,553,803009,Anantapur (M Corp. + OG) (Part),020000,20 TAMIL ,922,440,482,0,0,0,922,440,482
C0116,28,553,803009,Anantapur (M Corp. + OG) (Part),020027, Tamil,727,341,386,0,0,0,727,341,386
C0116,28,553,803009,Anantapur (M Corp. + OG) (Part),020029, Yerukala/Yerukula,177,89,88,0,0,0,177,89,88
C0116,28,553,803009,Anantapur (M Corp. + OG) (Part),020999,20 Others,18,10,8,0,0,0,18,10,8
C0116,28,553,803009,Anantapur (M Corp. + OG) (Part),021000,21 TELUGU ,205052,102616,102436,0,0,0,205052,102616,102436
C0116,28,553,803009,Anantapur (M Corp. + OG) (Part),021046, Telugu,205052,102616,102436,0,0,0,205052,102616,102436
C0116,28,553,803009,Anantapur (M Corp. + OG) (Part),022000,22 URDU,52006,26215,25791,0,0,0,52006,26215,25791
C0116,28,553,803009,Anantapur (M Corp. + OG) (Part),022015, Urdu,52004,26215,25789,0,0,0,52004,26215,25789
C0116,28,553,803009,Anantapur (M Corp. + OG) (Part),022999,22 Others,2,0,2,0,0,0,2,0,2
C0116,28,553,803009,Anantapur (M Corp. + OG) (Part),030000,30 BHILI/BHILODI ,6,4,2,0,0,0,6,4,2
C0116,28,553,803009,Anantapur (M Corp. + OG) (Part),030035, Kokna/Kokni/Kukna,6,4,2,0,0,0,6,4,2
C0116,28,553,803009,Anantapur (M Corp. + OG) (Part),040000,40 ENGLISH ,45,20,25,0,0,0,45,20,25
C0116,28,553,803009,Anantapur (M Corp. + OG) (Part),040001, English,45,20,25,0,0,0,45,20,25
C0116,28,553,803009,Anantapur (M Corp. + OG) (Part),069000,69 KOYA ,3,1,2,0,0,0,3,1,2
C0116,28,553,803009,Anantapur (M Corp. + OG) (Part),069002, Koya,3,1,2,0,0,0,3,1,2
C0116,28,553,803009,Anantapur (M Corp. + OG) (Part),114000,114 THADO ,1,1,0,0,0,0,1,1,0
C0116,28,553,803009,Anantapur (M Corp. + OG) (Part),114015, Thado,1,1,0,0,0,0,1,1,0
C0116,28,553,803009,Anantapur (M Corp. + OG) (Part),117000,117 TULU ,6,3,3,0,0,0,6,3,3
C0116,28,553,803009,Anantapur (M Corp. + OG) (Part),117009, Tulu,6,3,3,0,0,0,6,3,3
C0116,28,553,803009,Anantapur (M Corp. + OG) (Part),124000,124 OTHERS,31,15,16,0,0,0,31,15,16
C0116,28,553,803010,Dharmavaram (M),002000,2 BENGALI ,262,191,71,0,0,0,262,191,71
C0116,28,553,803010,Dharmavaram (M),002007, Bengali,262,191,71,0,0,0,262,191,71
C0116,28,553,803010,Dharmavaram (M),005000,5 GUJARATI,1,0,1,0,0,0,1,0,1
C0116,28,553,803010,Dharmavaram (M),005999,5 Others,1,0,1,0,0,0,1,0,1
C0116,28,553,803010,Dharmavaram (M),006000,6 HINDI ,1135,619,516,0,0,0,1135,619,516
C0116,28,553,803010,Dharmavaram (M),006066, Banjari,66,38,28,0,0,0,66,38,28
C0116,28,553,803010,Dharmavaram (M),006240, Hindi,440,241,199,0,0,0,440,241,199
C0116,28,553,803010,Dharmavaram (M),006353, Lamani/Lambadi,46,23,23,0,0,0,46,23,23
C0116,28,553,803010,Dharmavaram (M),006400, Marwari,4,3,1,0,0,0,4,3,1
C0116,28,553,803010,Dharmavaram (M),006489, Rajasthani,53,27,26,0,0,0,53,27,26
C0116,28,553,803010,Dharmavaram (M),006541, Sugali,515,281,234,0,0,0,515,281,234
C0116,28,553,803010,Dharmavaram (M),006999,6 Others,11,6,5,0,0,0,11,6,5
C0116,28,553,803010,Dharmavaram (M),007000,7 KANNADA,258,109,149,0,0,0,258,109,149
C0116,28,553,803010,Dharmavaram (M),007016, Kannada,258,109,149,0,0,0,258,109,149
C0116,28,553,803010,Dharmavaram (M),011000,11 MALAYALAM,26,11,15,0,0,0,26,11,15
C0116,28,553,803010,Dharmavaram (M),011016, Malayalam,26,11,15,0,0,0,26,11,15
C0116,28,553,803010,Dharmavaram (M),013000,13 MARATHI ,731,381,350,0,0,0,731,381,350
C0116,28,553,803010,Dharmavaram (M),013071, Marathi,731,381,350,0,0,0,731,381,350
C0116,28,553,803010,Dharmavaram (M),015000,15 ODIA ,2,0,2,0,0,0,2,0,2
C0116,28,553,803010,Dharmavaram (M),015055, Relli,2,0,2,0,0,0,2,0,2
C0116,28,553,803010,Dharmavaram (M),020000,20 TAMIL ,305,157,148,0,0,0,305,157,148
C0116,28,553,803010,Dharmavaram (M),020027, Tamil,181,91,90,0,0,0,181,91,90
C0116,28,553,803010,Dharmavaram (M),020029, Yerukala/Yerukula,119,63,56,0,0,0,119,63,56
C0116,28,553,803010,Dharmavaram (M),020999,20 Others,5,3,2,0,0,0,5,3,2
C0116,28,553,803010,Dharmavaram (M),021000,21 TELUGU ,103999,53064,50935,0,0,0,103999,53064,50935
C0116,28,553,803010,Dharmavaram (M),021046, Telugu,103999,53064,50935,0,0,0,103999,53064,50935
C0116,28,553,803010,Dharmavaram (M),022000,22 URDU,15145,7713,7432,0,0,0,15145,7713,7432
C0116,28,553,803010,Dharmavaram (M),022015, Urdu,15145,7713,7432,0,0,0,15145,7713,7432
C0116,28,553,803010,Dharmavaram (M),028000,28 ARABIC/ARBI ,7,4,3,0,0,0,7,4,3
C0116,28,553,803010,Dharmavaram (M),028001, Arabic/Arbi,7,4,3,0,0,0,7,4,3
C0116,28,553,803010,Dharmavaram (M),040000,40 ENGLISH ,3,1,2,0,0,0,3,1,2
C0116,28,553,803010,Dharmavaram (M),040001, English,3,1,2,0,0,0,3,1,2
C0116,28,553,803011,Kadiri (M),002000,2 BENGALI ,4,2,2,0,0,0,4,2,2
C0116,28,553,803011,Kadiri (M),002007, Bengali,4,2,2,0,0,0,4,2,2
C0116,28,553,803011,Kadiri (M),005000,5 GUJARATI,47,20,27,0,0,0,47,20,27
C0116,28,553,803011,Kadiri (M),005018, Gujarati,4,2,2,0,0,0,4,2,2
C0116,28,553,803011,Kadiri (M),005999,5 Others,43,18,25,0,0,0,43,18,25
C0116,28,553,803011,Kadiri (M),006000,6 HINDI ,1196,521,675,0,0,0,1196,521,675
C0116,28,553,803011,Kadiri (M),006066, Banjari,74,37,37,0,0,0,74,37,37
C0116,28,553,803011,Kadiri (M),006240, Hindi,125,70,55,0,0,0,125,70,55
C0116,28,553,803011,Kadiri (M),006353, Lamani/Lambadi,35,20,15,0,0,0,35,20,15
C0116,28,553,803011,Kadiri (M),006400, Marwari,19,9,10,0,0,0,19,9,10
C0116,28,553,803011,Kadiri (M),006489, Rajasthani,26,17,9,0,0,0,26,17,9
C0116,28,553,803011,Kadiri (M),006541, Sugali,917,368,549,0,0,0,917,368,549
C0116,28,553,803011,Kadiri (M),007000,7 KANNADA,116,49,67,0,0,0,116,49,67
C0116,28,553,803011,Kadiri (M),007016, Kannada,116,49,67,0,0,0,116,49,67
C0116,28,553,803011,Kadiri (M),009000,9 KONKANI,2,0,2,0,0,0,2,0,2
C0116,28,553,803011,Kadiri (M),009011, Konkani,2,0,2,0,0,0,2,0,2
C0116,28,553,803011,Kadiri (M),011000,11 MALAYALAM,14,6,8,0,0,0,14,6,8
C0116,28,553,803011,Kadiri (M),011016, Malayalam,14,6,8,0,0,0,14,6,8
C0116,28,553,803011,Kadiri (M),013000,13 MARATHI ,230,119,111,0,0,0,230,119,111
C0116,28,553,803011,Kadiri (M),013071, Marathi,230,119,111,0,0,0,230,119,111
C0116,28,553,803011,Kadiri (M),014000,14 NEPALI ,16,9,7,0,0,0,16,9,7
C0116,28,553,803011,Kadiri (M),014011, Nepali,16,9,7,0,0,0,16,9,7
C0116,28,553,803011,Kadiri (M),020000,20 TAMIL ,133,67,66,0,0,0,133,67,66
C0116,28,553,803011,Kadiri (M),020027, Tamil,120,58,62,0,0,0,120,58,62
C0116,28,553,803011,Kadiri (M),020029, Yerukala/Yerukula,11,7,4,0,0,0,11,7,4
C0116,28,553,803011,Kadiri (M),020999,20 Others,2,2,0,0,0,0,2,2,0
C0116,28,553,803011,Kadiri (M),021000,21 TELUGU ,48034,23692,24342,0,0,0,48034,23692,24342
C0116,28,553,803011,Kadiri (M),021046, Telugu,48034,23692,24342,0,0,0,48034,23692,24342
C0116,28,553,803011,Kadiri (M),022000,22 URDU,39613,19876,19737,0,0,0,39613,19876,19737
C0116,28,553,803011,Kadiri (M),022015, Urdu,39613,19876,19737,0,0,0,39613,19876,19737
C0116,28,553,803011,Kadiri (M),040000,40 ENGLISH ,8,5,3,0,0,0,8,5,3
C0116,28,553,803011,Kadiri (M),040001, English,8,5,3,0,0,0,8,5,3
C0116,28,553,803011,Kadiri (M),124000,124 OTHERS,16,9,7,0,0,0,16,9,7
C0116,28,553,803012,Hindupur (M),002000,2 BENGALI ,16,8,8,0,0,0,16,8,8
C0116,28,553,803012,Hindupur (M),002007, Bengali,16,8,8,0,0,0,16,8,8
C0116,28,553,803012,Hindupur (M),005000,5 GUJARATI,21,11,10,0,0,0,21,11,10
C0116,28,553,803012,Hindupur (M),005018, Gujarati,10,7,3,0,0,0,10,7,3
C0116,28,553,803012,Hindupur (M),005999,5 Others,11,4,7,0,0,0,11,4,7
C0116,28,553,803012,Hindupur (M),006000,6 HINDI ,1431,775,656,0,0,0,1431,775,656
C0116,28,553,803012,Hindupur (M),006066, Banjari,18,10,8,0,0,0,18,10,8
C0116,28,553,803012,Hindupur (M),006240, Hindi,703,393,310,0,0,0,703,393,310
C0116,28,553,803012,Hindupur (M),006336, Kulvi,119,55,64,0,0,0,119,55,64
C0116,28,553,803012,Hindupur (M),006353, Lamani/Lambadi,51,26,25,0,0,0,51,26,25
C0116,28,553,803012,Hindupur (M),006400, Marwari,228,127,101,0,0,0,228,127,101
C0116,28,553,803012,Hindupur (M),006489, Rajasthani,80,49,31,0,0,0,80,49,31
C0116,28,553,803012,Hindupur (M),006541, Sugali,232,115,117,0,0,0,232,115,117
C0116,28,553,803012,Hindupur (M),007000,7 KANNADA,2605,1006,1599,0,0,0,2605,1006,1599
C0116,28,553,803012,Hindupur (M),007016, Kannada,2605,1006,1599,0,0,0,2605,1006,1599
C0116,28,553,803012,Hindupur (M),011000,11 MALAYALAM,163,81,82,0,0,0,163,81,82
C0116,28,553,803012,Hindupur (M),011016, Malayalam,163,81,82,0,0,0,163,81,82
C0116,28,553,803012,Hindupur (M),013000,13 MARATHI ,681,344,337,0,0,0,681,344,337
C0116,28,553,803012,Hindupur (M),013071, Marathi,681,344,337,0,0,0,681,344,337
C0116,28,553,803012,Hindupur (M),014000,14 NEPALI ,16,9,7,0,0,0,16,9,7
C0116,28,553,803012,Hindupur (M),014011, Nepali,16,9,7,0,0,0,16,9,7
C0116,28,553,803012,Hindupur (M),015000,15 ODIA ,20,12,8,0,0,0,20,12,8
C0116,28,553,803012,Hindupur (M),015043, Odia,20,12,8,0,0,0,20,12,8
C0116,28,553,803012,Hindupur (M),016000,16 PUNJABI ,9,6,3,0,0,0,9,6,3
C0116,28,553,803012,Hindupur (M),016038, Punjabi,9,6,3,0,0,0,9,6,3
C0116,28,553,803012,Hindupur (M),017000,17 SANSKRIT ,4,2,2,0,0,0,4,2,2
C0116,28,553,803012,Hindupur (M),017002, Sanskrit,4,2,2,0,0,0,4,2,2
C0116,28,553,803012,Hindupur (M),020000,20 TAMIL ,2275,1126,1149,0,0,0,2275,1126,1149
C0116,28,553,803012,Hindupur (M),020027, Tamil,1901,948,953,0,0,0,1901,948,953
C0116,28,553,803012,Hindupur (M),020029, Yerukala/Yerukula,374,178,196,0,0,0,374,178,196
C0116,28,553,803012,Hindupur (M),021000,21 TELUGU ,92277,46763,45514,0,0,0,92277,46763,45514
C0116,28,553,803012,Hindupur (M),021046, Telugu,92277,46763,45514,0,0,0,92277,46763,45514
C0116,28,553,803012,Hindupur (M),022000,22 URDU,52117,26208,25909,0,0,0,52117,26208,25909
C0116,28,553,803012,Hindupur (M),022015, Urdu,52117,26208,25909,0,0,0,52117,26208,25909
C0116,28,553,803012,Hindupur (M),028000,28 ARABIC/ARBI ,7,2,5,0,0,0,7,2,5
C0116,28,553,803012,Hindupur (M),028001, Arabic/Arbi,7,2,5,0,0,0,7,2,5
C0116,28,553,803012,Hindupur (M),040000,40 ENGLISH ,8,3,5,0,0,0,8,3,5
C0116,28,553,803012,Hindupur (M),040001, English,8,3,5,0,0,0,8,3,5
C0116,28,553,803012,Hindupur (M),058000,58 KHOND/KONDH ,1,0,1,0,0,0,1,0,1
C0116,28,553,803012,Hindupur (M),058006, Kuvi,1,0,1,0,0,0,1,0,1
C0116,28,553,803012,Hindupur (M),117000,117 TULU ,4,3,1,0,0,0,4,3,1
C0116,28,553,803012,Hindupur (M),117009, Tulu,4,3,1,0,0,0,4,3,1
C0116,28,553,803012,Hindupur (M),124000,124 OTHERS,22,11,11,0,0,0,22,11,11
C0116,28,553,594760,Gooty (CT),001000,1 ASSAMESE,1,1,0,0,0,0,1,1,0
C0116,28,553,594760,Gooty (CT),001002, Assamese,1,1,0,0,0,0,1,1,0
C0116,28,553,594760,Gooty (CT),002000,2 BENGALI ,19,13,6,0,0,0,19,13,6
C0116,28,553,594760,Gooty (CT),002007, Bengali,19,13,6,0,0,0,19,13,6
C0116,28,553,594760,Gooty (CT),005000,5 GUJARATI,3,1,2,0,0,0,3,1,2
C0116,28,553,594760,Gooty (CT),005018, Gujarati,3,1,2,0,0,0,3,1,2
C0116,28,553,594760,Gooty (CT),006000,6 HINDI ,758,413,345,0,0,0,758,413,345
C0116,28,553,594760,Gooty (CT),006066, Banjari,8,3,5,0,0,0,8,3,5
C0116,28,553,594760,Gooty (CT),006102, Bhojpuri,18,12,6,0,0,0,18,12,6
C0116,28,553,594760,Gooty (CT),006240, Hindi,445,249,196,0,0,0,445,249,196
C0116,28,553,594760,Gooty (CT),006353, Lamani/Lambadi,32,20,12,0,0,0,32,20,12
C0116,28,553,594760,Gooty (CT),006400, Marwari,31,22,9,0,0,0,31,22,9
C0116,28,553,594760,Gooty (CT),006489, Rajasthani,17,12,5,0,0,0,17,12,5
C0116,28,553,594760,Gooty (CT),006541, Sugali,197,89,108,0,0,0,197,89,108
C0116,28,553,594760,Gooty (CT),006999,6 Others,10,6,4,0,0,0,10,6,4
C0116,28,553,594760,Gooty (CT),007000,7 KANNADA,227,111,116,0,0,0,227,111,116
C0116,28,553,594760,Gooty (CT),007016, Kannada,227,111,116,0,0,0,227,111,116
C0116,28,553,594760,Gooty (CT),011000,11 MALAYALAM,51,32,19,0,0,0,51,32,19
C0116,28,553,594760,Gooty (CT),011016, Malayalam,51,32,19,0,0,0,51,32,19
C0116,28,553,594760,Gooty (CT),013000,13 MARATHI ,478,240,238,0,0,0,478,240,238
C0116,28,553,594760,Gooty (CT),013071, Marathi,478,240,238,0,0,0,478,240,238
C0116,28,553,594760,Gooty (CT),014000,14 NEPALI ,8,3,5,0,0,0,8,3,5
C0116,28,553,594760,Gooty (CT),014011, Nepali,8,3,5,0,0,0,8,3,5
C0116,28,553,594760,Gooty (CT),015000,15 ODIA ,25,15,10,0,0,0,25,15,10
C0116,28,553,594760,Gooty (CT),015043, Odia,25,15,10,0,0,0,25,15,10
C0116,28,553,594760,Gooty (CT),018000,18 SANTALI ,2,1,1,0,0,0,2,1,1
C0116,28,553,594760,Gooty (CT),018040, Santali,2,1,1,0,0,0,2,1,1
C0116,28,553,594760,Gooty (CT),020000,20 TAMIL ,479,236,243,0,0,0,479,236,243
C0116,28,553,594760,Gooty (CT),020027, Tamil,431,221,210,0,0,0,431,221,210
C0116,28,553,594760,Gooty (CT),020029, Yerukala/Yerukula,43,13,30,0,0,0,43,13,30
C0116,28,553,594760,Gooty (CT),020999,20 Others,5,2,3,0,0,0,5,2,3
C0116,28,553,594760,Gooty (CT),021000,21 TELUGU ,36021,17610,18411,0,0,0,36021,17610,18411
C0116,28,553,594760,Gooty (CT),021046, Telugu,36021,17610,18411,0,0,0,36021,17610,18411
C0116,28,553,594760,Gooty (CT),022000,22 URDU,10543,5240,5303,0,0,0,10543,5240,5303
C0116,28,553,594760,Gooty (CT),022015, Urdu,10543,5240,5303,0,0,0,10543,5240,5303
C0116,28,553,594760,Gooty (CT),040000,40 ENGLISH ,32,21,11,0,0,0,32,21,11
C0116,28,553,594760,Gooty (CT),040001, English,32,21,11,0,0,0,32,21,11
C0116,28,553,594760,Gooty (CT),069000,69 KOYA ,1,0,1,0,0,0,1,0,1
C0116,28,553,594760,Gooty (CT),069002, Koya,1,0,1,0,0,0,1,0,1
C0116,28,553,594760,Gooty (CT),117000,117 TULU ,5,4,1,0,0,0,5,4,1
C0116,28,553,594760,Gooty (CT),117009, Tulu,5,4,1,0,0,0,5,4,1
C0116,28,553,594760,Gooty (CT),124000,124 OTHERS,5,2,3,0,0,0,5,2,3
C0116,28,553,594902,Uravakonda (CT),005000,5 GUJARATI,3,1,2,0,0,0,3,1,2
C0116,28,553,594902,Uravakonda (CT),005999,5 Others,3,1,2,0,0,0,3,1,2
C0116,28,553,594902,Uravakonda (CT),006000,6 HINDI ,185,106,79,0,0,0,185,106,79
C0116,28,553,594902,Uravakonda (CT),006102, Bhojpuri,6,3,3,0,0,0,6,3,3
C0116,28,553,594902,Uravakonda (CT),006240, Hindi,96,55,41,0,0,0,96,55,41
C0116,28,553,594902,Uravakonda (CT),006353, Lamani/Lambadi,7,6,1,0,0,0,7,6,1
C0116,28,553,594902,Uravakonda (CT),006400, Marwari,5,3,2,0,0,0,5,3,2
C0116,28,553,594902,Uravakonda (CT),006489, Rajasthani,5,3,2,0,0,0,5,3,2
C0116,28,553,594902,Uravakonda (CT),006541, Sugali,57,30,27,0,0,0,57,30,27
C0116,28,553,594902,Uravakonda (CT),006999,6 Others,9,6,3,0,0,0,9,6,3
C0116,28,553,594902,Uravakonda (CT),007000,7 KANNADA,542,262,280,0,0,0,542,262,280
C0116,28,553,594902,Uravakonda (CT),007016, Kannada,542,262,280,0,0,0,542,262,280
C0116,28,553,594902,Uravakonda (CT),011000,11 MALAYALAM,13,6,7,0,0,0,13,6,7
C0116,28,553,594902,Uravakonda (CT),011016, Malayalam,13,6,7,0,0,0,13,6,7
C0116,28,553,594902,Uravakonda (CT),013000,13 MARATHI ,321,159,162,0,0,0,321,159,162
C0116,28,553,594902,Uravakonda (CT),013071, Marathi,321,159,162,0,0,0,321,159,162
C0116,28,553,594902,Uravakonda (CT),014000,14 NEPALI ,4,1,3,0,0,0,4,1,3
C0116,28,553,594902,Uravakonda (CT),014011, Nepali,4,1,3,0,0,0,4,1,3
C0116,28,553,594902,Uravakonda (CT),015000,15 ODIA ,6,2,4,0,0,0,6,2,4
C0116,28,553,594902,Uravakonda (CT),015043, Odia,6,2,4,0,0,0,6,2,4
C0116,28,553,594902,Uravakonda (CT),020000,20 TAMIL ,101,54,47,0,0,0,101,54,47
C0116,28,553,594902,Uravakonda (CT),020027, Tamil,41,23,18,0,0,0,41,23,18
C0116,28,553,594902,Uravakonda (CT),020029, Yerukala/Yerukula,60,31,29,0,0,0,60,31,29
C0116,28,553,594902,Uravakonda (CT),021000,21 TELUGU ,28080,14060,14020,0,0,0,28080,14060,14020
C0116,28,553,594902,Uravakonda (CT),021046, Telugu,28080,14060,14020,0,0,0,28080,14060,14020
C0116,28,553,594902,Uravakonda (CT),022000,22 URDU,6265,3113,3152,0,0,0,6265,3113,3152
C0116,28,553,594902,Uravakonda (CT),022015, Urdu,6265,3113,3152,0,0,0,6265,3113,3152
C0116,28,553,594902,Uravakonda (CT),028000,28 ARABIC/ARBI ,3,2,1,0,0,0,3,2,1
C0116,28,553,594902,Uravakonda (CT),028001, Arabic/Arbi,3,2,1,0,0,0,3,2,1
C0116,28,553,594902,Uravakonda (CT),124000,124 OTHERS,42,22,20,0,0,0,42,22,20
C0116,28,553,594956,Kalyandurg (CT),002000,2 BENGALI ,3,2,1,0,0,0,3,2,1
C0116,28,553,594956,Kalyandurg (CT),002007, Bengali,3,2,1,0,0,0,3,2,1
C0116,28,553,594956,Kalyandurg (CT),005000,5 GUJARATI,3,2,1,0,0,0,3,2,1
C0116,28,553,594956,Kalyandurg (CT),005018, Gujarati,3,2,1,0,0,0,3,2,1
C0116,28,553,594956,Kalyandurg (CT),006000,6 HINDI ,381,197,184,0,0,0,381,197,184
C0116,28,553,594956,Kalyandurg (CT),006066, Banjari,5,1,4,0,0,0,5,1,4
C0116,28,553,594956,Kalyandurg (CT),006240, Hindi,216,117,99,0,0,0,216,117,99
C0116,28,553,594956,Kalyandurg (CT),006353, Lamani/Lambadi,28,12,16,0,0,0,28,12,16
C0116,28,553,594956,Kalyandurg (CT),006400, Marwari,37,19,18,0,0,0,37,19,18
C0116,28,553,594956,Kalyandurg (CT),006541, Sugali,95,48,47,0,0,0,95,48,47
C0116,28,553,594956,Kalyandurg (CT),007000,7 KANNADA,848,395,453,0,0,0,848,395,453
C0116,28,553,594956,Kalyandurg (CT),007016, Kannada,848,395,453,0,0,0,848,395,453
C0116,28,553,594956,Kalyandurg (CT),011000,11 MALAYALAM,13,8,5,0,0,0,13,8,5
C0116,28,553,594956,Kalyandurg (CT),011016, Malayalam,13,8,5,0,0,0,13,8,5
C0116,28,553,594956,Kalyandurg (CT),013000,13 MARATHI ,130,70,60,0,0,0,130,70,60
C0116,28,553,594956,Kalyandurg (CT),013071, Marathi,130,70,60,0,0,0,130,70,60
C0116,28,553,594956,Kalyandurg (CT),014000,14 NEPALI ,7,4,3,0,0,0,7,4,3
C0116,28,553,594956,Kalyandurg (CT),014011, Nepali,7,4,3,0,0,0,7,4,3
C0116,28,553,594956,Kalyandurg (CT),015000,15 ODIA ,2,0,2,0,0,0,2,0,2
C0116,28,553,594956,Kalyandurg (CT),015043, Odia,2,0,2,0,0,0,2,0,2
C0116,28,553,594956,Kalyandurg (CT),020000,20 TAMIL ,60,30,30,0,0,0,60,30,30
C0116,28,553,594956,Kalyandurg (CT),020027, Tamil,21,11,10,0,0,0,21,11,10
C0116,28,553,594956,Kalyandurg (CT),020029, Yerukala/Yerukula,39,19,20,0,0,0,39,19,20
C0116,28,553,594956,Kalyandurg (CT),021000,21 TELUGU ,26191,13015,13176,0,0,0,26191,13015,13176
C0116,28,553,594956,Kalyandurg (CT),021046, Telugu,26191,13015,13176,0,0,0,26191,13015,13176
C0116,28,553,594956,Kalyandurg (CT),022000,22 URDU,4680,2308,2372,0,0,0,4680,2308,2372
C0116,28,553,594956,Kalyandurg (CT),022015, Urdu,4680,2308,2372,0,0,0,4680,2308,2372
C0116,28,553,594956,Kalyandurg (CT),040000,40 ENGLISH ,2,2,0,0,0,0,2,2,0
C0116,28,553,594956,Kalyandurg (CT),040001, English,2,2,0,0,0,0,2,2,0
C0116,28,553,594956,Kalyandurg (CT),114000,114 THADO ,4,2,2,0,0,0,4,2,2
C0116,28,553,594956,Kalyandurg (CT),114015, Thado,4,2,2,0,0,0,4,2,2
C0116,28,553,594956,Kalyandurg (CT),124000,124 OTHERS,4,1,3,0,0,0,4,1,3
C0116,28,553,595096,Narayanapuram (CT),006000,6 HINDI ,83,43,40,0,0,0,83,43,40
C0116,28,553,595096,Narayanapuram (CT),006240, Hindi,49,23,26,0,0,0,49,23,26
C0116,28,553,595096,Narayanapuram (CT),006353, Lamani/Lambadi,10,4,6,0,0,0,10,4,6
C0116,28,553,595096,Narayanapuram (CT),006541, Sugali,24,16,8,0,0,0,24,16,8
C0116,28,553,595096,Narayanapuram (CT),007000,7 KANNADA,124,63,61,0,0,0,124,63,61
C0116,28,553,595096,Narayanapuram (CT),007016, Kannada,124,63,61,0,0,0,124,63,61
C0116,28,553,595096,Narayanapuram (CT),011000,11 MALAYALAM,11,5,6,0,0,0,11,5,6
C0116,28,553,595096,Narayanapuram (CT),011016, Malayalam,11,5,6,0,0,0,11,5,6
C0116,28,553,595096,Narayanapuram (CT),013000,13 MARATHI ,221,120,101,0,0,0,221,120,101
C0116,28,553,595096,Narayanapuram (CT),013071, Marathi,221,120,101,0,0,0,221,120,101
C0116,28,553,595096,Narayanapuram (CT),020000,20 TAMIL ,96,44,52,0,0,0,96,44,52
C0116,28,553,595096,Narayanapuram (CT),020027, Tamil,83,37,46,0,0,0,83,37,46
C0116,28,553,595096,Narayanapuram (CT),020029, Yerukala/Yerukula,13,7,6,0,0,0,13,7,6
C0116,28,553,595096,Narayanapuram (CT),021000,21 TELUGU ,11479,5855,5624,0,0,0,11479,5855,5624
C0116,28,553,595096,Narayanapuram (CT),021046, Telugu,11479,5855,5624,0,0,0,11479,5855,5624
C0116,28,553,595096,Narayanapuram (CT),022000,22 URDU,2212,1125,1087,0,0,0,2212,1125,1087
C0116,28,553,595096,Narayanapuram (CT),022015, Urdu,2212,1125,1087,0,0,0,2212,1125,1087
C0116,28,553,595096,Narayanapuram (CT),117000,117 TULU ,1,1,0,0,0,0,1,1,0
C0116,28,553,595096,Narayanapuram (CT),117009, Tulu,1,1,0,0,0,0,1,1,0
C0116,28,553,595097,Papampeta (CT),005000,5 GUJARATI,1,0,1,0,0,0,1,0,1
C0116,28,553,595097,Papampeta (CT),005018, Gujarati,1,0,1,0,0,0,1,0,1
C0116,28,553,595097,Papampeta (CT),006000,6 HINDI ,74,39,35,0,0,0,74,39,35
C0116,28,553,595097,Papampeta (CT),006240, Hindi,7,4,3,0,0,0,7,4,3
C0116,28,553,595097,Papampeta (CT),006353, Lamani/Lambadi,7,3,4,0,0,0,7,3,4
C0116,28,553,595097,Papampeta (CT),006541, Sugali,55,29,26,0,0,0,55,29,26
C0116,28,553,595097,Papampeta (CT),006999,6 Others,5,3,2,0,0,0,5,3,2
C0116,28,553,595097,Papampeta (CT),007000,7 KANNADA,58,20,38,0,0,0,58,20,38
C0116,28,553,595097,Papampeta (CT),007016, Kannada,58,20,38,0,0,0,58,20,38
C0116,28,553,595097,Papampeta (CT),011000,11 MALAYALAM,24,9,15,0,0,0,24,9,15
C0116,28,553,595097,Papampeta (CT),011016, Malayalam,24,9,15,0,0,0,24,9,15
C0116,28,553,595097,Papampeta (CT),013000,13 MARATHI ,58,36,22,0,0,0,58,36,22
C0116,28,553,595097,Papampeta (CT),013071, Marathi,58,36,22,0,0,0,58,36,22
C0116,28,553,595097,Papampeta (CT),014000,14 NEPALI ,7,4,3,0,0,0,7,4,3
C0116,28,553,595097,Papampeta (CT),014011, Nepali,7,4,3,0,0,0,7,4,3
C0116,28,553,595097,Papampeta (CT),015000,15 ODIA ,3,2,1,0,0,0,3,2,1
C0116,28,553,595097,Papampeta (CT),015043, Odia,3,2,1,0,0,0,3,2,1
C0116,28,553,595097,Papampeta (CT),020000,20 TAMIL ,29,17,12,0,0,0,29,17,12
C0116,28,553,595097,Papampeta (CT),020027, Tamil,9,6,3,0,0,0,9,6,3
C0116,28,553,595097,Papampeta (CT),020029, Yerukala/Yerukula,20,11,9,0,0,0,20,11,9
C0116,28,553,595097,Papampeta (CT),021000,21 TELUGU ,10984,5557,5427,0,0,0,10984,5557,5427
C0116,28,553,595097,Papampeta (CT),021046, Telugu,10984,5557,5427,0,0,0,10984,5557,5427
C0116,28,553,595097,Papampeta (CT),022000,22 URDU,2610,1317,1293,0,0,0,2610,1317,1293
C0116,28,553,595097,Papampeta (CT),022015, Urdu,2610,1317,1293,0,0,0,2610,1317,1293
C0116,28,553,595097,Papampeta (CT),124000,124 OTHERS,2,1,1,0,0,0,2,1,1
C0116,28,553,595098,Anantapur (CT),002000,2 BENGALI ,7,3,4,0,0,0,7,3,4
C0116,28,553,595098,Anantapur (CT),002007, Bengali,7,3,4,0,0,0,7,3,4
C0116,28,553,595098,Anantapur (CT),006000,6 HINDI ,397,209,188,0,0,0,397,209,188
C0116,28,553,595098,Anantapur (CT),006066, Banjari,10,4,6,0,0,0,10,4,6
C0116,28,553,595098,Anantapur (CT),006240, Hindi,262,133,129,0,0,0,262,133,129
C0116,28,553,595098,Anantapur (CT),006353, Lamani/Lambadi,32,24,8,0,0,0,32,24,8
C0116,28,553,595098,Anantapur (CT),006541, Sugali,93,48,45,0,0,0,93,48,45
C0116,28,553,595098,Anantapur (CT),007000,7 KANNADA,17,10,7,0,0,0,17,10,7
C0116,28,553,595098,Anantapur (CT),007016, Kannada,17,10,7,0,0,0,17,10,7
C0116,28,553,595098,Anantapur (CT),011000,11 MALAYALAM,9,7,2,0,0,0,9,7,2
C0116,28,553,595098,Anantapur (CT),011016, Malayalam,9,7,2,0,0,0,9,7,2
C0116,28,553,595098,Anantapur (CT),013000,13 MARATHI ,102,51,51,0,0,0,102,51,51
C0116,28,553,595098,Anantapur (CT),013071, Marathi,102,51,51,0,0,0,102,51,51
C0116,28,553,595098,Anantapur (CT),014000,14 NEPALI ,1,1,0,0,0,0,1,1,0
C0116,28,553,595098,Anantapur (CT),014011, Nepali,1,1,0,0,0,0,1,1,0
C0116,28,553,595098,Anantapur (CT),020000,20 TAMIL ,11,4,7,0,0,0,11,4,7
C0116,28,553,595098,Anantapur (CT),020027, Tamil,3,2,1,0,0,0,3,2,1
C0116,28,553,595098,Anantapur (CT),020029, Yerukala/Yerukula,8,2,6,0,0,0,8,2,6
C0116,28,553,595098,Anantapur (CT),021000,21 TELUGU ,12593,6418,6175,0,0,0,12593,6418,6175
C0116,28,553,595098,Anantapur (CT),021046, Telugu,12593,6418,6175,0,0,0,12593,6418,6175
C0116,28,553,595098,Anantapur (CT),022000,22 URDU,1984,974,1010,0,0,0,1984,974,1010
C0116,28,553,595098,Anantapur (CT),022015, Urdu,1984,974,1010,0,0,0,1984,974,1010
C0116,28,553,595098,Anantapur (CT),040000,40 ENGLISH ,1,1,0,0,0,0,1,1,0
C0116,28,553,595098,Anantapur (CT),040001, English,1,1,0,0,0,0,1,1,0
C0116,28,553,595098,Anantapur (CT),117000,117 TULU ,1,0,1,0,0,0,1,0,1
C0116,28,553,595098,Anantapur (CT),117009, Tulu,1,0,1,0,0,0,1,0,1
C0116,28,553,595098,Anantapur (CT),124000,124 OTHERS,124,59,65,0,0,0,124,59,65
C0116,28,553,595099,Kakkalapalle (CT),006000,6 HINDI ,636,345,291,0,0,0,636,345,291
C0116,28,553,595099,Kakkalapalle (CT),006066, Banjari,8,4,4,0,0,0,8,4,4
C0116,28,553,595099,Kakkalapalle (CT),006240, Hindi,70,35,35,0,0,0,70,35,35
C0116,28,553,595099,Kakkalapalle (CT),006353, Lamani/Lambadi,122,66,56,0,0,0,122,66,56
C0116,28,553,595099,Kakkalapalle (CT),006541, Sugali,404,220,184,0,0,0,404,220,184
C0116,28,553,595099,Kakkalapalle (CT),006999,6 Others,32,20,12,0,0,0,32,20,12
C0116,28,553,595099,Kakkalapalle (CT),007000,7 KANNADA,97,36,61,0,0,0,97,36,61
C0116,28,553,595099,Kakkalapalle (CT),007016, Kannada,97,36,61,0,0,0,97,36,61
C0116,28,553,595099,Kakkalapalle (CT),011000,11 MALAYALAM,23,15,8,0,0,0,23,15,8
C0116,28,553,595099,Kakkalapalle (CT),011016, Malayalam,23,15,8,0,0,0,23,15,8
C0116,28,553,595099,Kakkalapalle (CT),013000,13 MARATHI ,189,92,97,0,0,0,189,92,97
C0116,28,553,595099,Kakkalapalle (CT),013071, Marathi,189,92,97,0,0,0,189,92,97
C0116,28,553,595099,Kakkalapalle (CT),014000,14 NEPALI ,5,3,2,0,0,0,5,3,2
C0116,28,553,595099,Kakkalapalle (CT),014011, Nepali,5,3,2,0,0,0,5,3,2
C0116,28,553,595099,Kakkalapalle (CT),020000,20 TAMIL ,69,39,30,0,0,0,69,39,30
C0116,28,553,595099,Kakkalapalle (CT),020027, Tamil,18,9,9,0,0,0,18,9,9
C0116,28,553,595099,Kakkalapalle (CT),020029, Yerukala/Yerukula,51,30,21,0,0,0,51,30,21
C0116,28,553,595099,Kakkalapalle (CT),021000,21 TELUGU ,24080,12617,11463,0,0,0,24080,12617,11463
C0116,28,553,595099,Kakkalapalle (CT),021046, Telugu,24080,12617,11463,0,0,0,24080,12617,11463
C0116,28,553,595099,Kakkalapalle (CT),022000,22 URDU,5029,2507,2522,0,0,0,5029,2507,2522
C0116,28,553,595099,Kakkalapalle (CT),022015, Urdu,4953,2470,2483,0,0,0,4953,2470,2483
C0116,28,553,595099,Kakkalapalle (CT),022999,22 Others,76,37,39,0,0,0,76,37,39
C0116,28,553,595452,Yenumalapalle (CT),001000,1 ASSAMESE,13,8,5,0,0,0,13,8,5
C0116,28,553,595452,Yenumalapalle (CT),001002, Assamese,13,8,5,0,0,0,13,8,5
C0116,28,553,595452,Yenumalapalle (CT),002000,2 BENGALI ,41,19,22,0,0,0,41,19,22
C0116,28,553,595452,Yenumalapalle (CT),002007, Bengali,41,19,22,0,0,0,41,19,22
C0116,28,553,595452,Yenumalapalle (CT),005000,5 GUJARATI,30,18,12,0,0,0,30,18,12
C0116,28,553,595452,Yenumalapalle (CT),005018, Gujarati,26,16,10,0,0,0,26,16,10
C0116,28,553,595452,Yenumalapalle (CT),005057, Saurashtra/Saurashtri,4,2,2,0,0,0,4,2,2
C0116,28,553,595452,Yenumalapalle (CT),006000,6 HINDI ,433,263,170,0,0,0,433,263,170
C0116,28,553,595452,Yenumalapalle (CT),006066, Banjari,44,18,26,0,0,0,44,18,26
C0116,28,553,595452,Yenumalapalle (CT),006240, Hindi,282,180,102,0,0,0,282,180,102
C0116,28,553,595452,Yenumalapalle (CT),006353, Lamani/Lambadi,46,34,12,0,0,0,46,34,12
C0116,28,553,595452,Yenumalapalle (CT),006400, Marwari,6,3,3,0,0,0,6,3,3
C0116,28,553,595452,Yenumalapalle (CT),006541, Sugali,55,28,27,0,0,0,55,28,27
C0116,28,553,595452,Yenumalapalle (CT),007000,7 KANNADA,116,74,42,0,0,0,116,74,42
C0116,28,553,595452,Yenumalapalle (CT),007002, Badaga,5,0,5,0,0,0,5,0,5
C0116,28,553,595452,Yenumalapalle (CT),007016, Kannada,111,74,37,0,0,0,111,74,37
C0116,28,553,595452,Yenumalapalle (CT),008000,8 KASHMIRI ,25,14,11,0,0,0,25,14,11
C0116,28,553,595452,Yenumalapalle (CT),008005, Kashmiri,25,14,11,0,0,0,25,14,11
C0116,28,553,595452,Yenumalapalle (CT),009000,9 KONKANI,18,8,10,0,0,0,18,8,10
C0116,28,553,595452,Yenumalapalle (CT),009011, Konkani,18,8,10,0,0,0,18,8,10
C0116,28,553,595452,Yenumalapalle (CT),011000,11 MALAYALAM,110,73,37,0,0,0,110,73,37
C0116,28,553,595452,Yenumalapalle (CT),011016, Malayalam,110,73,37,0,0,0,110,73,37
C0116,28,553,595452,Yenumalapalle (CT),012000,12 MANIPURI ,3,3,0,0,0,0,3,3,0
C0116,28,553,595452,Yenumalapalle (CT),012003, Manipuri,3,3,0,0,0,0,3,3,0
C0116,28,553,595452,Yenumalapalle (CT),013000,13 MARATHI ,81,49,32,0,0,0,81,49,32
C0116,28,553,595452,Yenumalapalle (CT),013071, Marathi,81,49,32,0,0,0,81,49,32
C0116,28,553,595452,Yenumalapalle (CT),014000,14 NEPALI ,79,60,19,0,0,0,79,60,19
C0116,28,553,595452,Yenumalapalle (CT),014011, Nepali,79,60,19,0,0,0,79,60,19
C0116,28,553,595452,Yenumalapalle (CT),015000,15 ODIA ,79,53,26,0,0,0,79,53,26
C0116,28,553,595452,Yenumalapalle (CT),015043, Odia,79,53,26,0,0,0,79,53,26
C0116,28,553,595452,Yenumalapalle (CT),016000,16 PUNJABI ,34,20,14,0,0,0,34,20,14
C0116,28,553,595452,Yenumalapalle (CT),016038, Punjabi,34,20,14,0,0,0,34,20,14
C0116,28,553,595452,Yenumalapalle (CT),019000,19 SINDHI,24,14,10,0,0,0,24,14,10
C0116,28,553,595452,Yenumalapalle (CT),019014, Sindhi,24,14,10,0,0,0,24,14,10
C0116,28,553,595452,Yenumalapalle (CT),020000,20 TAMIL ,247,161,86,0,0,0,247,161,86
C0116,28,553,595452,Yenumalapalle (CT),020027, Tamil,247,161,86,0,0,0,247,161,86
C0116,28,553,595452,Yenumalapalle (CT),021000,21 TELUGU ,8370,4341,4029,0,0,0,8370,4341,4029
C0116,28,553,595452,Yenumalapalle (CT),021046, Telugu,8370,4341,4029,0,0,0,8370,4341,4029
C0116,28,553,595452,Yenumalapalle (CT),022000,22 URDU,747,383,364,0,0,0,747,383,364
C0116,28,553,595452,Yenumalapalle (CT),022015, Urdu,747,383,364,0,0,0,747,383,364
C0116,28,553,595452,Yenumalapalle (CT),030000,30 BHILI/BHILODI ,4,2,2,0,0,0,4,2,2
C0116,28,553,595452,Yenumalapalle (CT),030035, Kokna/Kokni/Kukna,4,2,2,0,0,0,4,2,2
C0116,28,553,595452,Yenumalapalle (CT),040000,40 ENGLISH ,8,6,2,0,0,0,8,6,2
C0116,28,553,595452,Yenumalapalle (CT),040001, English,8,6,2,0,0,0,8,6,2
C0116,28,553,595452,Yenumalapalle (CT),075000,75 LAHNDA ,1,1,0,0,0,0,1,1,0
C0116,28,553,595452,Yenumalapalle (CT),075999,75 Others ,1,1,0,0,0,0,1,1,0
C0116,28,553,595452,Yenumalapalle (CT),111000,111 TAMANG ,1,1,0,0,0,0,1,1,0
C0116,28,553,595452,Yenumalapalle (CT),111001, Tamang,1,1,0,0,0,0,1,1,0
C0116,28,553,595452,Yenumalapalle (CT),117000,117 TULU ,9,8,1,0,0,0,9,8,1
C0116,28,553,595452,Yenumalapalle (CT),117009, Tulu,9,8,1,0,0,0,9,8,1
C0116,28,553,595452,Yenumalapalle (CT),124000,124 OTHERS,9,4,5,0,0,0,9,4,5
C0116,28,553,595553,Somandepalle (CT),002000,2 BENGALI ,1,1,0,0,0,0,1,1,0
C0116,28,553,595553,Somandepalle (CT),002007, Bengali,1,1,0,0,0,0,1,1,0
C0116,28,553,595553,Somandepalle (CT),005000,5 GUJARATI,5,2,3,0,0,0,5,2,3
C0116,28,553,595553,Somandepalle (CT),005018, Gujarati,5,2,3,0,0,0,5,2,3
C0116,28,553,595553,Somandepalle (CT),006000,6 HINDI ,225,122,103,0,0,0,225,122,103
C0116,28,553,595553,Somandepalle (CT),006240, Hindi,35,21,14,0,0,0,35,21,14
C0116,28,553,595553,Somandepalle (CT),006353, Lamani/Lambadi,77,38,39,0,0,0,77,38,39
C0116,28,553,595553,Somandepalle (CT),006400, Marwari,13,8,5,0,0,0,13,8,5
C0116,28,553,595553,Somandepalle (CT),006541, Sugali,75,40,35,0,0,0,75,40,35
C0116,28,553,595553,Somandepalle (CT),006999,6 Others,25,15,10,0,0,0,25,15,10
C0116,28,553,595553,Somandepalle (CT),007000,7 KANNADA,263,129,134,0,0,0,263,129,134
C0116,28,553,595553,Somandepalle (CT),007016, Kannada,263,129,134,0,0,0,263,129,134
C0116,28,553,595553,Somandepalle (CT),011000,11 MALAYALAM,3,2,1,0,0,0,3,2,1
C0116,28,553,595553,Somandepalle (CT),011016, Malayalam,3,2,1,0,0,0,3,2,1
C0116,28,553,595553,Somandepalle (CT),013000,13 MARATHI ,154,76,78,0,0,0,154,76,78
C0116,28,553,595553,Somandepalle (CT),013071, Marathi,154,76,78,0,0,0,154,76,78
C0116,28,553,595553,Somandepalle (CT),014000,14 NEPALI ,3,1,2,0,0,0,3,1,2
C0116,28,553,595553,Somandepalle (CT),014011, Nepali,3,1,2,0,0,0,3,1,2
C0116,28,553,595553,Somandepalle (CT),020000,20 TAMIL ,47,23,24,0,0,0,47,23,24
C0116,28,553,595553,Somandepalle (CT),020027, Tamil,47,23,24,0,0,0,47,23,24
C0116,28,553,595553,Somandepalle (CT),021000,21 TELUGU ,16883,8643,8240,0,0,0,16883,8643,8240
C0116,28,553,595553,Somandepalle (CT),021046, Telugu,16883,8643,8240,0,0,0,16883,8643,8240
C0116,28,553,595553,Somandepalle (CT),022000,22 URDU,1310,649,661,0,0,0,1310,649,661
C0116,28,553,595553,Somandepalle (CT),022015, Urdu,1310,649,661,0,0,0,1310,649,661
C0116,28,553,595553,Somandepalle (CT),069000,69 KOYA ,1,0,1,0,0,0,1,0,1
C0116,28,553,595553,Somandepalle (CT),069002, Koya,1,0,1,0,0,0,1,0,1
C0116,28,554,000000,Chittoor,001000,1 ASSAMESE,9,6,3,0,0,0,9,6,3
C0116,28,554,000000,Chittoor,001002, Assamese,9,6,3,0,0,0,9,6,3
C0116,28,554,000000,Chittoor,002000,2 BENGALI ,150,90,60,0,0,0,150,90,60
C0116,28,554,000000,Chittoor,002007, Bengali,150,90,60,0,0,0,150,90,60
C0116,28,554,000000,Chittoor,004000,4 DOGRI ,3,1,2,0,0,0,3,1,2
C0116,28,554,000000,Chittoor,004001, Dogri,3,1,2,0,0,0,3,1,2
C0116,28,554,000000,Chittoor,005000,5 GUJARATI,2208,1120,1088,0,0,0,2208,1120,1088
C0116,28,554,000000,Chittoor,005018, Gujarati,206,112,94,0,0,0,206,112,94
C0116,28,554,000000,Chittoor,005057, Saurashtra/Saurashtri,1958,982,976,0,0,0,1958,982,976
C0116,28,554,000000,Chittoor,005999,5 Others,44,26,18,0,0,0,44,26,18
C0116,28,554,000000,Chittoor,006000,6 HINDI ,11512,6218,5294,0,0,0,11512,6218,5294
C0116,28,554,000000,Chittoor,006066, Banjari,34,20,14,0,0,0,34,20,14
C0116,28,554,000000,Chittoor,006102, Bhojpuri,9,4,5,0,0,0,9,4,5
C0116,28,554,000000,Chittoor,006173, Dhundhari,1,1,0,0,0,0,1,1,0
C0116,28,554,000000,Chittoor,006235, Haryanvi,1,0,1,0,0,0,1,0,1
C0116,28,554,000000,Chittoor,006240, Hindi,6545,3640,2905,0,0,0,6545,3640,2905
C0116,28,554,000000,Chittoor,006353, Lamani/Lambadi,625,306,319,0,0,0,625,306,319
C0116,28,554,000000,Chittoor,006394, Mandeali,4,3,1,0,0,0,4,3,1
C0116,28,554,000000,Chittoor,006400, Marwari,707,391,316,0,0,0,707,391,316
C0116,28,554,000000,Chittoor,006489, Rajasthani,659,372,287,0,0,0,659,372,287
C0116,28,554,000000,Chittoor,006541, Sugali,2911,1471,1440,0,0,0,2911,1471,1440
C0116,28,554,000000,Chittoor,006999,6 Others,16,10,6,0,0,0,16,10,6
C0116,28,554,000000,Chittoor,007000,7 KANNADA,3834,1761,2073,0,0,0,3834,1761,2073
C0116,28,554,000000,Chittoor,007016, Kannada,3834,1761,2073,0,0,0,3834,1761,2073
C0116,28,554,000000,Chittoor,008000,8 KASHMIRI ,4,2,2,0,0,0,4,2,2
C0116,28,554,000000,Chittoor,008005, Kashmiri,4,2,2,0,0,0,4,2,2
C0116,28,554,000000,Chittoor,009000,9 KONKANI,86,39,47,0,0,0,86,39,47
C0116,28,554,000000,Chittoor,009011, Konkani,85,38,47,0,0,0,85,38,47
C0116,28,554,000000,Chittoor,009028, Gorboli/Goru/Gorwani,1,1,0,0,0,0,1,1,0
C0116,28,554,000000,Chittoor,010000,10 MAITHILI ,15,13,2,0,0,0,15,13,2
C0116,28,554,000000,Chittoor,010008, Maithili,15,13,2,0,0,0,15,13,2
C0116,28,554,000000,Chittoor,011000,11 MALAYALAM,1763,833,930,0,0,0,1763,833,930
C0116,28,554,000000,Chittoor,011016, Malayalam,1763,833,930,0,0,0,1763,833,930
C0116,28,554,000000,Chittoor,012000,12 MANIPURI ,8,0,8,0,0,0,8,0,8
C0116,28,554,000000,Chittoor,012003, Manipuri,8,0,8,0,0,0,8,0,8
C0116,28,554,000000,Chittoor,013000,13 MARATHI ,3859,1923,1936,0,0,0,3859,1923,1936
C0116,28,554,000000,Chittoor,013071, Marathi,3859,1923,1936,0,0,0,3859,1923,1936
C0116,28,554,000000,Chittoor,014000,14 NEPALI ,146,75,71,0,0,0,146,75,71
C0116,28,554,000000,Chittoor,014011, Nepali,146,75,71,0,0,0,146,75,71
C0116,28,554,000000,Chittoor,015000,15 ODIA ,957,498,459,0,0,0,957,498,459
C0116,28,554,000000,Chittoor,015043, Odia,938,484,454,0,0,0,938,484,454
C0116,28,554,000000,Chittoor,015055, Relli,16,11,5,0,0,0,16,11,5
C0116,28,554,000000,Chittoor,015999,15 Others,3,3,0,0,0,0,3,3,0
C0116,28,554,000000,Chittoor,016000,16 PUNJABI ,57,28,29,0,0,0,57,28,29
C0116,28,554,000000,Chittoor,016038, Punjabi,57,28,29,0,0,0,57,28,29
C0116,28,554,000000,Chittoor,017000,17 SANSKRIT ,44,35,9,0,0,0,44,35,9
C0116,28,554,000000,Chittoor,017002, Sanskrit,44,35,9,0,0,0,44,35,9
C0116,28,554,000000,Chittoor,018000,18 SANTALI ,3,1,2,0,0,0,3,1,2
C0116,28,554,000000,Chittoor,018040, Santali,3,1,2,0,0,0,3,1,2
C0116,28,554,000000,Chittoor,019000,19 SINDHI,33,16,17,0,0,0,33,16,17
C0116,28,554,000000,Chittoor,019014, Sindhi,33,16,17,0,0,0,33,16,17
C0116,28,554,000000,Chittoor,020000,20 TAMIL ,161260,80627,80633,0,0,0,161260,80627,80633
C0116,28,554,000000,Chittoor,020027, Tamil,161000,80489,80511,0,0,0,161000,80489,80511
C0116,28,554,000000,Chittoor,020029, Yerukala/Yerukula,237,125,112,0,0,0,237,125,112
C0116,28,554,000000,Chittoor,020999,20 Others,23,13,10,0,0,0,23,13,10
C0116,28,554,000000,Chittoor,021000,21 TELUGU ,887316,443055,444261,0,0,0,887316,443055,444261
C0116,28,554,000000,Chittoor,021046, Telugu,887315,443055,444260,0,0,0,887315,443055,444260
C0116,28,554,000000,Chittoor,021999,21 Others,1,0,1,0,0,0,1,0,1
C0116,28,554,000000,Chittoor,022000,22 URDU,157918,79709,78209,0,0,0,157918,79709,78209
C0116,28,554,000000,Chittoor,022015, Urdu,157918,79709,78209,0,0,0,157918,79709,78209
C0116,28,554,000000,Chittoor,028000,28 ARABIC/ARBI ,21,10,11,0,0,0,21,10,11
C0116,28,554,000000,Chittoor,028001, Arabic/Arbi,21,10,11,0,0,0,21,10,11
C0116,28,554,000000,Chittoor,030000,30 BHILI/BHILODI ,1,0,1,0,0,0,1,0,1
C0116,28,554,000000,Chittoor,030035, Kokna/Kokni/Kukna,1,0,1,0,0,0,1,0,1
C0116,28,554,000000,Chittoor,031000,31 BHOTIA ,2,1,1,0,0,0,2,1,1
C0116,28,554,000000,Chittoor,031001, Bhotia,2,1,1,0,0,0,2,1,1
C0116,28,554,000000,Chittoor,040000,40 ENGLISH ,77,44,33,0,0,0,77,44,33
C0116,28,554,000000,Chittoor,040001, English,77,44,33,0,0,0,77,44,33
C0116,28,554,000000,Chittoor,044000,44 GONDI,10,4,6,0,0,0,10,4,6
C0116,28,554,000000,Chittoor,044007, Gondi,9,3,6,0,0,0,9,3,6
C0116,28,554,000000,Chittoor,044999,44 Others,1,1,0,0,0,0,1,1,0
C0116,28,554,000000,Chittoor,069000,69 KOYA ,13,8,5,0,0,0,13,8,5
C0116,28,554,000000,Chittoor,069002, Koya,13,8,5,0,0,0,13,8,5
C0116,28,554,000000,Chittoor,106000,106 SAVARA,25,12,13,0,0,0,25,12,13
C0116,28,554,000000,Chittoor,106004, Savara,25,12,13,0,0,0,25,12,13
C0116,28,554,000000,Chittoor,114000,114 THADO ,6,3,3,0,0,0,6,3,3
C0116,28,554,000000,Chittoor,114999,114 Others,6,3,3,0,0,0,6,3,3
C0116,28,554,000000,Chittoor,117000,117 TULU ,2,0,2,0,0,0,2,0,2
C0116,28,554,000000,Chittoor,117009, Tulu,1,0,1,0,0,0,1,0,1
C0116,28,554,000000,Chittoor,117999,117 Others ,1,0,1,0,0,0,1,0,1
C0116,28,554,000000,Chittoor,124000,124 OTHERS,44,20,24,0,0,0,44,20,24
C0116,28,554,803013,Srikalahasti (M),002000,2 BENGALI ,8,6,2,0,0,0,8,6,2
C0116,28,554,803013,Srikalahasti (M),002007, Bengali,8,6,2,0,0,0,8,6,2
C0116,28,554,803013,Srikalahasti (M),005000,5 GUJARATI,25,11,14,0,0,0,25,11,14
C0116,28,554,803013,Srikalahasti (M),005018, Gujarati,18,7,11,0,0,0,18,7,11
C0116,28,554,803013,Srikalahasti (M),005999,5 Others,7,4,3,0,0,0,7,4,3
C0116,28,554,803013,Srikalahasti (M),006000,6 HINDI ,529,283,246,0,0,0,529,283,246
C0116,28,554,803013,Srikalahasti (M),006066, Banjari,4,2,2,0,0,0,4,2,2
C0116,28,554,803013,Srikalahasti (M),006240, Hindi,482,260,222,0,0,0,482,260,222
C0116,28,554,803013,Srikalahasti (M),006489, Rajasthani,37,18,19,0,0,0,37,18,19
C0116,28,554,803013,Srikalahasti (M),006541, Sugali,3,2,1,0,0,0,3,2,1
C0116,28,554,803013,Srikalahasti (M),006999,6 Others,3,1,2,0,0,0,3,1,2
C0116,28,554,803013,Srikalahasti (M),007000,7 KANNADA,50,25,25,0,0,0,50,25,25
C0116,28,554,803013,Srikalahasti (M),007016, Kannada,50,25,25,0,0,0,50,25,25
C0116,28,554,803013,Srikalahasti (M),011000,11 MALAYALAM,76,49,27,0,0,0,76,49,27
C0116,28,554,803013,Srikalahasti (M),011016, Malayalam,76,49,27,0,0,0,76,49,27
C0116,28,554,803013,Srikalahasti (M),013000,13 MARATHI ,334,168,166,0,0,0,334,168,166
C0116,28,554,803013,Srikalahasti (M),013071, Marathi,334,168,166,0,0,0,334,168,166
C0116,28,554,803013,Srikalahasti (M),015000,15 ODIA ,343,173,170,0,0,0,343,173,170
C0116,28,554,803013,Srikalahasti (M),015043, Odia,335,167,168,0,0,0,335,167,168
C0116,28,554,803013,Srikalahasti (M),015055, Relli,8,6,2,0,0,0,8,6,2
C0116,28,554,803013,Srikalahasti (M),020000,20 TAMIL ,2396,1184,1212,0,0,0,2396,1184,1212
C0116,28,554,803013,Srikalahasti (M),020027, Tamil,2393,1181,1212,0,0,0,2393,1181,1212
C0116,28,554,803013,Srikalahasti (M),020999,20 Others,3,3,0,0,0,0,3,3,0
C0116,28,554,803013,Srikalahasti (M),021000,21 TELUGU ,66115,32103,34012,0,0,0,66115,32103,34012
C0116,28,554,803013,Srikalahasti (M),021046, Telugu,66115,32103,34012,0,0,0,66115,32103,34012
C0116,28,554,803013,Srikalahasti (M),022000,22 URDU,10175,4990,5185,0,0,0,10175,4990,5185
C0116,28,554,803013,Srikalahasti (M),022015, Urdu,10175,4990,5185,0,0,0,10175,4990,5185
C0116,28,554,803013,Srikalahasti (M),040000,40 ENGLISH ,2,1,1,0,0,0,2,1,1
C0116,28,554,803013,Srikalahasti (M),040001, English,2,1,1,0,0,0,2,1,1
C0116,28,554,803013,Srikalahasti (M),106000,106 SAVARA,3,2,1,0,0,0,3,2,1
C0116,28,554,803013,Srikalahasti (M),106004, Savara,3,2,1,0,0,0,3,2,1
C0116,28,554,803014,Tirupati (M Corp. + OG) (Part),001000,1 ASSAMESE,8,5,3,0,0,0,8,5,3
C0116,28,554,803014,Tirupati (M Corp. + OG) (Part),001002, Assamese,8,5,3,0,0,0,8,5,3
C0116,28,554,803014,Tirupati (M Corp. + OG) (Part),002000,2 BENGALI ,76,50,26,0,0,0,76,50,26
C0116,28,554,803014,Tirupati (M Corp. + OG) (Part),002007, Bengali,76,50,26,0,0,0,76,50,26
C0116,28,554,803014,Tirupati (M Corp. + OG) (Part),005000,5 GUJARATI,1908,967,941,0,0,0,1908,967,941
C0116,28,554,803014,Tirupati (M Corp. + OG) (Part),005018, Gujarati,105,58,47,0,0,0,105,58,47
C0116,28,554,803014,Tirupati (M Corp. + OG) (Part),005057, Saurashtra/Saurashtri,1781,896,885,0,0,0,1781,896,885
C0116,28,554,803014,Tirupati (M Corp. + OG) (Part),005999,5 Others,22,13,9,0,0,0,22,13,9
C0116,28,554,803014,Tirupati (M Corp. + OG) (Part),006000,6 HINDI ,4135,2323,1812,0,0,0,4135,2323,1812
C0116,28,554,803014,Tirupati (M Corp. + OG) (Part),006235, Haryanvi,1,0,1,0,0,0,1,0,1
C0116,28,554,803014,Tirupati (M Corp. + OG) (Part),006240, Hindi,2977,1674,1303,0,0,0,2977,1674,1303
C0116,28,554,803014,Tirupati (M Corp. + OG) (Part),006353, Lamani/Lambadi,152,80,72,0,0,0,152,80,72
C0116,28,554,803014,Tirupati (M Corp. + OG) (Part),006400, Marwari,407,225,182,0,0,0,407,225,182
C0116,28,554,803014,Tirupati (M Corp. + OG) (Part),006489, Rajasthani,244,137,107,0,0,0,244,137,107
C0116,28,554,803014,Tirupati (M Corp. + OG) (Part),006541, Sugali,345,201,144,0,0,0,345,201,144
C0116,28,554,803014,Tirupati (M Corp. + OG) (Part),006999,6 Others,9,6,3,0,0,0,9,6,3
C0116,28,554,803014,Tirupati (M Corp. + OG) (Part),007000,7 KANNADA,1395,690,705,0,0,0,1395,690,705
C0116,28,554,803014,Tirupati (M Corp. + OG) (Part),007016, Kannada,1395,690,705,0,0,0,1395,690,705
C0116,28,554,803014,Tirupati (M Corp. + OG) (Part),008000,8 KASHMIRI ,4,2,2,0,0,0,4,2,2
C0116,28,554,803014,Tirupati (M Corp. + OG) (Part),008005, Kashmiri,4,2,2,0,0,0,4,2,2
C0116,28,554,803014,Tirupati (M Corp. + OG) (Part),009000,9 KONKANI,77,35,42,0,0,0,77,35,42
C0116,28,554,803014,Tirupati (M Corp. + OG) (Part),009011, Konkani,76,34,42,0,0,0,76,34,42
C0116,28,554,803014,Tirupati (M Corp. + OG) (Part),009028, Gorboli/Goru/Gorwani,1,1,0,0,0,0,1,1,0
C0116,28,554,803014,Tirupati (M Corp. + OG) (Part),010000,10 MAITHILI ,12,11,1,0,0,0,12,11,1
C0116,28,554,803014,Tirupati (M Corp. + OG) (Part),010008, Maithili,12,11,1,0,0,0,12,11,1
C0116,28,554,803014,Tirupati (M Corp. + OG) (Part),011000,11 MALAYALAM,402,209,193,0,0,0,402,209,193
C0116,28,554,803014,Tirupati (M Corp. + OG) (Part),011016, Malayalam,402,209,193,0,0,0,402,209,193
C0116,28,554,803014,Tirupati (M Corp. + OG) (Part),013000,13 MARATHI ,762,390,372,0,0,0,762,390,372
C0116,28,554,803014,Tirupati (M Corp. + OG) (Part),013071, Marathi,762,390,372,0,0,0,762,390,372
C0116,28,554,803014,Tirupati (M Corp. + OG) (Part),014000,14 NEPALI ,39,24,15,0,0,0,39,24,15
C0116,28,554,803014,Tirupati (M Corp. + OG) (Part),014011, Nepali,39,24,15,0,0,0,39,24,15
C0116,28,554,803014,Tirupati (M Corp. + OG) (Part),015000,15 ODIA ,247,135,112,0,0,0,247,135,112
C0116,28,554,803014,Tirupati (M Corp. + OG) (Part),015043, Odia,241,131,110,0,0,0,241,131,110
C0116,28,554,803014,Tirupati (M Corp. + OG) (Part),015055, Relli,5,3,2,0,0,0,5,3,2
C0116,28,554,803014,Tirupati (M Corp. + OG) (Part),015999,15 Others,1,1,0,0,0,0,1,1,0
C0116,28,554,803014,Tirupati (M Corp. + OG) (Part),016000,16 PUNJABI ,30,16,14,0,0,0,30,16,14
C0116,28,554,803014,Tirupati (M Corp. + OG) (Part),016038, Punjabi,30,16,14,0,0,0,30,16,14
C0116,28,554,803014,Tirupati (M Corp. + OG) (Part),017000,17 SANSKRIT ,41,34,7,0,0,0,41,34,7
C0116,28,554,803014,Tirupati (M Corp. + OG) (Part),017002, Sanskrit,41,34,7,0,0,0,41,34,7
C0116,28,554,803014,Tirupati (M Corp. + OG) (Part),019000,19 SINDHI,5,3,2,0,0,0,5,3,2
C0116,28,554,803014,Tirupati (M Corp. + OG) (Part),019014, Sindhi,5,3,2,0,0,0,5,3,2
C0116,28,554,803014,Tirupati (M Corp. + OG) (Part),020000,20 TAMIL ,10037,4973,5064,0,0,0,10037,4973,5064
C0116,28,554,803014,Tirupati (M Corp. + OG) (Part),020027, Tamil,10017,4964,5053,0,0,0,10017,4964,5053
C0116,28,554,803014,Tirupati (M Corp. + OG) (Part),020029, Yerukala/Yerukula,13,5,8,0,0,0,13,5,8
C0116,28,554,803014,Tirupati (M Corp. + OG) (Part),020999,20 Others,7,4,3,0,0,0,7,4,3
C0116,28,554,803014,Tirupati (M Corp. + OG) (Part),021000,21 TELUGU ,259846,131947,127899,0,0,0,259846,131947,127899
C0116,28,554,803014,Tirupati (M Corp. + OG) (Part),021046, Telugu,259846,131947,127899,0,0,0,259846,131947,127899
C0116,28,554,803014,Tirupati (M Corp. + OG) (Part),022000,22 URDU,16231,8275,7956,0,0,0,16231,8275,7956
C0116,28,554,803014,Tirupati (M Corp. + OG) (Part),022015, Urdu,16231,8275,7956,0,0,0,16231,8275,7956
C0116,28,554,803014,Tirupati (M Corp. + OG) (Part),028000,28 ARABIC/ARBI ,9,5,4,0,0,0,9,5,4
C0116,28,554,803014,Tirupati (M Corp. + OG) (Part),028001, Arabic/Arbi,9,5,4,0,0,0,9,5,4
C0116,28,554,803014,Tirupati (M Corp. + OG) (Part),031000,31 BHOTIA ,2,1,1,0,0,0,2,1,1
C0116,28,554,803014,Tirupati (M Corp. + OG) (Part),031001, Bhotia,2,1,1,0,0,0,2,1,1
C0116,28,554,803014,Tirupati (M Corp. + OG) (Part),040000,40 ENGLISH ,26,16,10,0,0,0,26,16,10
C0116,28,554,803014,Tirupati (M Corp. + OG) (Part),040001, English,26,16,10,0,0,0,26,16,10
C0116,28,554,803014,Tirupati (M Corp. + OG) (Part),106000,106 SAVARA,21,10,11,0,0,0,21,10,11
C0116,28,554,803014,Tirupati (M Corp. + OG) (Part),106004, Savara,21,10,11,0,0,0,21,10,11
C0116,28,554,803014,Tirupati (M Corp. + OG) (Part),117000,117 TULU ,1,0,1,0,0,0,1,0,1
C0116,28,554,803014,Tirupati (M Corp. + OG) (Part),117009, Tulu,1,0,1,0,0,0,1,0,1
C0116,28,554,803014,Tirupati (M Corp. + OG) (Part),124000,124 OTHERS,9,4,5,0,0,0,9,4,5
C0116,28,554,803015,Madanapalle (M + OG),002000,2 BENGALI ,3,2,1,0,0,0,3,2,1
C0116,28,554,803015,Madanapalle (M + OG),002007, Bengali,3,2,1,0,0,0,3,2,1
C0116,28,554,803015,Madanapalle (M + OG),005000,5 GUJARATI,19,12,7,0,0,0,19,12,7
C0116,28,554,803015,Madanapalle (M + OG),005018, Gujarati,8,6,2,0,0,0,8,6,2
C0116,28,554,803015,Madanapalle (M + OG),005057, Saurashtra/Saurashtri,9,5,4,0,0,0,9,5,4
C0116,28,554,803015,Madanapalle (M + OG),005999,5 Others,2,1,1,0,0,0,2,1,1
C0116,28,554,803015,Madanapalle (M + OG),006000,6 HINDI ,2861,1469,1392,0,0,0,2861,1469,1392
C0116,28,554,803015,Madanapalle (M + OG),006066, Banjari,5,4,1,0,0,0,5,4,1
C0116,28,554,803015,Madanapalle (M + OG),006240, Hindi,559,304,255,0,0,0,559,304,255
C0116,28,554,803015,Madanapalle (M + OG),006353, Lamani/Lambadi,251,129,122,0,0,0,251,129,122
C0116,28,554,803015,Madanapalle (M + OG),006400, Marwari,47,30,17,0,0,0,47,30,17
C0116,28,554,803015,Madanapalle (M + OG),006489, Rajasthani,63,37,26,0,0,0,63,37,26
C0116,28,554,803015,Madanapalle (M + OG),006541, Sugali,1934,963,971,0,0,0,1934,963,971
C0116,28,554,803015,Madanapalle (M + OG),006999,6 Others,2,2,0,0,0,0,2,2,0
C0116,28,554,803015,Madanapalle (M + OG),007000,7 KANNADA,405,163,242,0,0,0,405,163,242
C0116,28,554,803015,Madanapalle (M + OG),007016, Kannada,405,163,242,0,0,0,405,163,242
C0116,28,554,803015,Madanapalle (M + OG),011000,11 MALAYALAM,286,159,127,0,0,0,286,159,127
C0116,28,554,803015,Madanapalle (M + OG),011016, Malayalam,286,159,127,0,0,0,286,159,127
C0116,28,554,803015,Madanapalle (M + OG),013000,13 MARATHI ,1193,589,604,0,0,0,1193,589,604
C0116,28,554,803015,Madanapalle (M + OG),013071, Marathi,1193,589,604,0,0,0,1193,589,604
C0116,28,554,803015,Madanapalle (M + OG),014000,14 NEPALI ,16,8,8,0,0,0,16,8,8
C0116,28,554,803015,Madanapalle (M + OG),014011, Nepali,16,8,8,0,0,0,16,8,8
C0116,28,554,803015,Madanapalle (M + OG),016000,16 PUNJABI ,15,7,8,0,0,0,15,7,8
C0116,28,554,803015,Madanapalle (M + OG),016038, Punjabi,15,7,8,0,0,0,15,7,8
C0116,28,554,803015,Madanapalle (M + OG),019000,19 SINDHI,7,4,3,0,0,0,7,4,3
C0116,28,554,803015,Madanapalle (M + OG),019014, Sindhi,7,4,3,0,0,0,7,4,3
C0116,28,554,803015,Madanapalle (M + OG),020000,20 TAMIL ,768,376,392,0,0,0,768,376,392
C0116,28,554,803015,Madanapalle (M + OG),020027, Tamil,758,371,387,0,0,0,758,371,387
C0116,28,554,803015,Madanapalle (M + OG),020029, Yerukala/Yerukula,7,4,3,0,0,0,7,4,3
C0116,28,554,803015,Madanapalle (M + OG),020999,20 Others,3,1,2,0,0,0,3,1,2
C0116,28,554,803015,Madanapalle (M + OG),021000,21 TELUGU ,130406,65326,65080,0,0,0,130406,65326,65080
C0116,28,554,803015,Madanapalle (M + OG),021046, Telugu,130406,65326,65080,0,0,0,130406,65326,65080
C0116,28,554,803015,Madanapalle (M + OG),022000,22 URDU,44172,22574,21598,0,0,0,44172,22574,21598
C0116,28,554,803015,Madanapalle (M + OG),022015, Urdu,44172,22574,21598,0,0,0,44172,22574,21598
C0116,28,554,803015,Madanapalle (M + OG),040000,40 ENGLISH ,15,5,10,0,0,0,15,5,10
C0116,28,554,803015,Madanapalle (M + OG),040001, English,15,5,10,0,0,0,15,5,10
C0116,28,554,803015,Madanapalle (M + OG),114000,114 THADO ,6,3,3,0,0,0,6,3,3
C0116,28,554,803015,Madanapalle (M + OG),114999,114 Others,6,3,3,0,0,0,6,3,3
C0116,28,554,803015,Madanapalle (M + OG),124000,124 OTHERS,8,3,5,0,0,0,8,3,5
C0116,28,554,803016,Nagari (M),002000,2 BENGALI ,3,1,2,0,0,0,3,1,2
C0116,28,554,803016,Nagari (M),002007, Bengali,3,1,2,0,0,0,3,1,2
C0116,28,554,803016,Nagari (M),005000,5 GUJARATI,1,0,1,0,0,0,1,0,1
C0116,28,554,803016,Nagari (M),005999,5 Others,1,0,1,0,0,0,1,0,1
C0116,28,554,803016,Nagari (M),006000,6 HINDI ,190,104,86,0,0,0,190,104,86
C0116,28,554,803016,Nagari (M),006240, Hindi,137,75,62,0,0,0,137,75,62
C0116,28,554,803016,Nagari (M),006400, Marwari,12,7,5,0,0,0,12,7,5
C0116,28,554,803016,Nagari (M),006489, Rajasthani,39,21,18,0,0,0,39,21,18
C0116,28,554,803016,Nagari (M),006541, Sugali,2,1,1,0,0,0,2,1,1
C0116,28,554,803016,Nagari (M),007000,7 KANNADA,38,19,19,0,0,0,38,19,19
C0116,28,554,803016,Nagari (M),007016, Kannada,38,19,19,0,0,0,38,19,19
C0116,28,554,803016,Nagari (M),011000,11 MALAYALAM,61,30,31,0,0,0,61,30,31
C0116,28,554,803016,Nagari (M),011016, Malayalam,61,30,31,0,0,0,61,30,31
C0116,28,554,803016,Nagari (M),013000,13 MARATHI ,35,18,17,0,0,0,35,18,17
C0116,28,554,803016,Nagari (M),013071, Marathi,35,18,17,0,0,0,35,18,17
C0116,28,554,803016,Nagari (M),014000,14 NEPALI ,3,2,1,0,0,0,3,2,1
C0116,28,554,803016,Nagari (M),014011, Nepali,3,2,1,0,0,0,3,2,1
C0116,28,554,803016,Nagari (M),015000,15 ODIA ,5,2,3,0,0,0,5,2,3
C0116,28,554,803016,Nagari (M),015043, Odia,5,2,3,0,0,0,5,2,3
C0116,28,554,803016,Nagari (M),020000,20 TAMIL ,44156,22453,21703,0,0,0,44156,22453,21703
C0116,28,554,803016,Nagari (M),020027, Tamil,44156,22453,21703,0,0,0,44156,22453,21703
C0116,28,554,803016,Nagari (M),021000,21 TELUGU ,16525,8097,8428,0,0,0,16525,8097,8428
C0116,28,554,803016,Nagari (M),021046, Telugu,16525,8097,8428,0,0,0,16525,8097,8428
C0116,28,554,803016,Nagari (M),022000,22 URDU,1232,635,597,0,0,0,1232,635,597
C0116,28,554,803016,Nagari (M),022015, Urdu,1232,635,597,0,0,0,1232,635,597
C0116,28,554,803016,Nagari (M),040000,40 ENGLISH ,4,2,2,0,0,0,4,2,2
C0116,28,554,803016,Nagari (M),040001, English,4,2,2,0,0,0,4,2,2
C0116,28,554,803017,Puttur (M),002000,2 BENGALI ,6,2,4,0,0,0,6,2,4
C0116,28,554,803017,Puttur (M),002007, Bengali,6,2,4,0,0,0,6,2,4
C0116,28,554,803017,Puttur (M),006000,6 HINDI ,240,128,112,0,0,0,240,128,112
C0116,28,554,803017,Puttur (M),006240, Hindi,234,126,108,0,0,0,234,126,108
C0116,28,554,803017,Puttur (M),006353, Lamani/Lambadi,1,0,1,0,0,0,1,0,1
C0116,28,554,803017,Puttur (M),006489, Rajasthani,2,1,1,0,0,0,2,1,1
C0116,28,554,803017,Puttur (M),006541, Sugali,3,1,2,0,0,0,3,1,2
C0116,28,554,803017,Puttur (M),007000,7 KANNADA,23,8,15,0,0,0,23,8,15
C0116,28,554,803017,Puttur (M),007016, Kannada,23,8,15,0,0,0,23,8,15
C0116,28,554,803017,Puttur (M),011000,11 MALAYALAM,24,12,12,0,0,0,24,12,12
C0116,28,554,803017,Puttur (M),011016, Malayalam,24,12,12,0,0,0,24,12,12
C0116,28,554,803017,Puttur (M),013000,13 MARATHI ,86,46,40,0,0,0,86,46,40
C0116,28,554,803017,Puttur (M),013071, Marathi,86,46,40,0,0,0,86,46,40
C0116,28,554,803017,Puttur (M),014000,14 NEPALI ,6,3,3,0,0,0,6,3,3
C0116,28,554,803017,Puttur (M),014011, Nepali,6,3,3,0,0,0,6,3,3
C0116,28,554,803017,Puttur (M),015000,15 ODIA ,12,4,8,0,0,0,12,4,8
C0116,28,554,803017,Puttur (M),015043, Odia,12,4,8,0,0,0,12,4,8
C0116,28,554,803017,Puttur (M),018000,18 SANTALI ,3,1,2,0,0,0,3,1,2
C0116,28,554,803017,Puttur (M),018040, Santali,3,1,2,0,0,0,3,1,2
C0116,28,554,803017,Puttur (M),020000,20 TAMIL ,13283,6663,6620,0,0,0,13283,6663,6620
C0116,28,554,803017,Puttur (M),020027, Tamil,13283,6663,6620,0,0,0,13283,6663,6620
C0116,28,554,803017,Puttur (M),021000,21 TELUGU ,38214,19062,19152,0,0,0,38214,19062,19152
C0116,28,554,803017,Puttur (M),021046, Telugu,38214,19062,19152,0,0,0,38214,19062,19152
C0116,28,554,803017,Puttur (M),022000,22 URDU,2191,1086,1105,0,0,0,2191,1086,1105
C0116,28,554,803017,Puttur (M),022015, Urdu,2191,1086,1105,0,0,0,2191,1086,1105
C0116,28,554,803017,Puttur (M),124000,124 OTHERS,4,2,2,0,0,0,4,2,2
C0116,28,554,803018,Punganur (M),005000,5 GUJARATI,45,23,22,0,0,0,45,23,22
C0116,28,554,803018,Punganur (M),005018, Gujarati,45,23,22,0,0,0,45,23,22
C0116,28,554,803018,Punganur (M),006000,6 HINDI ,334,172,162,0,0,0,334,172,162
C0116,28,554,803018,Punganur (M),006240, Hindi,76,42,34,0,0,0,76,42,34
C0116,28,554,803018,Punganur (M),006353, Lamani/Lambadi,32,16,16,0,0,0,32,16,16
C0116,28,554,803018,Punganur (M),006400, Marwari,16,8,8,0,0,0,16,8,8
C0116,28,554,803018,Punganur (M),006489, Rajasthani,68,43,25,0,0,0,68,43,25
C0116,28,554,803018,Punganur (M),006541, Sugali,142,63,79,0,0,0,142,63,79
C0116,28,554,803018,Punganur (M),007000,7 KANNADA,350,145,205,0,0,0,350,145,205
C0116,28,554,803018,Punganur (M),007016, Kannada,350,145,205,0,0,0,350,145,205
C0116,28,554,803018,Punganur (M),011000,11 MALAYALAM,50,20,30,0,0,0,50,20,30
C0116,28,554,803018,Punganur (M),011016, Malayalam,50,20,30,0,0,0,50,20,30
C0116,28,554,803018,Punganur (M),013000,13 MARATHI ,178,86,92,0,0,0,178,86,92
C0116,28,554,803018,Punganur (M),013071, Marathi,178,86,92,0,0,0,178,86,92
C0116,28,554,803018,Punganur (M),016000,16 PUNJABI ,3,2,1,0,0,0,3,2,1
C0116,28,554,803018,Punganur (M),016038, Punjabi,3,2,1,0,0,0,3,2,1
C0116,28,554,803018,Punganur (M),020000,20 TAMIL ,1600,797,803,0,0,0,1600,797,803
C0116,28,554,803018,Punganur (M),020027, Tamil,1594,794,800,0,0,0,1594,794,800
C0116,28,554,803018,Punganur (M),020029, Yerukala/Yerukula,6,3,3,0,0,0,6,3,3
C0116,28,554,803018,Punganur (M),021000,21 TELUGU ,31768,15786,15982,0,0,0,31768,15786,15982
C0116,28,554,803018,Punganur (M),021046, Telugu,31768,15786,15982,0,0,0,31768,15786,15982
C0116,28,554,803018,Punganur (M),022000,22 URDU,20414,10202,10212,0,0,0,20414,10202,10212
C0116,28,554,803018,Punganur (M),022015, Urdu,20414,10202,10212,0,0,0,20414,10202,10212
C0116,28,554,803018,Punganur (M),040000,40 ENGLISH ,4,2,2,0,0,0,4,2,2
C0116,28,554,803018,Punganur (M),040001, English,4,2,2,0,0,0,4,2,2
C0116,28,554,803019,Chittoor (M + OG),002000,2 BENGALI ,14,7,7,0,0,0,14,7,7
C0116,28,554,803019,Chittoor (M + OG),002007, Bengali,14,7,7,0,0,0,14,7,7
C0116,28,554,803019,Chittoor (M + OG),004000,4 DOGRI ,3,1,2,0,0,0,3,1,2
C0116,28,554,803019,Chittoor (M + OG),004001, Dogri,3,1,2,0,0,0,3,1,2
C0116,28,554,803019,Chittoor (M + OG),005000,5 GUJARATI,20,13,7,0,0,0,20,13,7
C0116,28,554,803019,Chittoor (M + OG),005018, Gujarati,2,2,0,0,0,0,2,2,0
C0116,28,554,803019,Chittoor (M + OG),005057, Saurashtra/Saurashtri,17,10,7,0,0,0,17,10,7
C0116,28,554,803019,Chittoor (M + OG),005999,5 Others,1,1,0,0,0,0,1,1,0
C0116,28,554,803019,Chittoor (M + OG),006000,6 HINDI ,862,468,394,0,0,0,862,468,394
C0116,28,554,803019,Chittoor (M + OG),006066, Banjari,7,3,4,0,0,0,7,3,4
C0116,28,554,803019,Chittoor (M + OG),006102, Bhojpuri,9,4,5,0,0,0,9,4,5
C0116,28,554,803019,Chittoor (M + OG),006240, Hindi,640,354,286,0,0,0,640,354,286
C0116,28,554,803019,Chittoor (M + OG),006353, Lamani/Lambadi,11,4,7,0,0,0,11,4,7
C0116,28,554,803019,Chittoor (M + OG),006400, Marwari,53,29,24,0,0,0,53,29,24
C0116,28,554,803019,Chittoor (M + OG),006489, Rajasthani,70,38,32,0,0,0,70,38,32
C0116,28,554,803019,Chittoor (M + OG),006541, Sugali,72,36,36,0,0,0,72,36,36
C0116,28,554,803019,Chittoor (M + OG),007000,7 KANNADA,408,196,212,0,0,0,408,196,212
C0116,28,554,803019,Chittoor (M + OG),007016, Kannada,408,196,212,0,0,0,408,196,212
C0116,28,554,803019,Chittoor (M + OG),009000,9 KONKANI,4,2,2,0,0,0,4,2,2
C0116,28,554,803019,Chittoor (M + OG),009011, Konkani,4,2,2,0,0,0,4,2,2
C0116,28,554,803019,Chittoor (M + OG),011000,11 MALAYALAM,332,156,176,0,0,0,332,156,176
C0116,28,554,803019,Chittoor (M + OG),011016, Malayalam,332,156,176,0,0,0,332,156,176
C0116,28,554,803019,Chittoor (M + OG),013000,13 MARATHI ,685,328,357,0,0,0,685,328,357
C0116,28,554,803019,Chittoor (M + OG),013071, Marathi,685,328,357,0,0,0,685,328,357
C0116,28,554,803019,Chittoor (M + OG),014000,14 NEPALI ,13,5,8,0,0,0,13,5,8
C0116,28,554,803019,Chittoor (M + OG),014011, Nepali,13,5,8,0,0,0,13,5,8
C0116,28,554,803019,Chittoor (M + OG),015000,15 ODIA ,10,6,4,0,0,0,10,6,4
C0116,28,554,803019,Chittoor (M + OG),015043, Odia,9,5,4,0,0,0,9,5,4
C0116,28,554,803019,Chittoor (M + OG),015055, Relli,1,1,0,0,0,0,1,1,0
C0116,28,554,803019,Chittoor (M + OG),016000,16 PUNJABI ,5,1,4,0,0,0,5,1,4
C0116,28,554,803019,Chittoor (M + OG),016038, Punjabi,5,1,4,0,0,0,5,1,4
C0116,28,554,803019,Chittoor (M + OG),019000,19 SINDHI,21,9,12,0,0,0,21,9,12
C0116,28,554,803019,Chittoor (M + OG),019014, Sindhi,21,9,12,0,0,0,21,9,12
C0116,28,554,803019,Chittoor (M + OG),020000,20 TAMIL ,53314,26428,26886,0,0,0,53314,26428,26886
C0116,28,554,803019,Chittoor (M + OG),020027, Tamil,53286,26413,26873,0,0,0,53286,26413,26873
C0116,28,554,803019,Chittoor (M + OG),020029, Yerukala/Yerukula,27,15,12,0,0,0,27,15,12
C0116,28,554,803019,Chittoor (M + OG),020999,20 Others,1,0,1,0,0,0,1,0,1
C0116,28,554,803019,Chittoor (M + OG),021000,21 TELUGU ,84516,42129,42387,0,0,0,84516,42129,42387
C0116,28,554,803019,Chittoor (M + OG),021046, Telugu,84516,42129,42387,0,0,0,84516,42129,42387
C0116,28,554,803019,Chittoor (M + OG),022000,22 URDU,20486,10293,10193,0,0,0,20486,10293,10193
C0116,28,554,803019,Chittoor (M + OG),022015, Urdu,20486,10293,10193,0,0,0,20486,10293,10193
C0116,28,554,803019,Chittoor (M + OG),040000,40 ENGLISH ,11,7,4,0,0,0,11,7,4
C0116,28,554,803019,Chittoor (M + OG),040001, English,11,7,4,0,0,0,11,7,4
C0116,28,554,803019,Chittoor (M + OG),044000,44 GONDI,1,1,0,0,0,0,1,1,0
C0116,28,554,803019,Chittoor (M + OG),044999,44 Others,1,1,0,0,0,0,1,1,0
C0116,28,554,803019,Chittoor (M + OG),069000,69 KOYA ,12,8,4,0,0,0,12,8,4
C0116,28,554,803019,Chittoor (M + OG),069002, Koya,12,8,4,0,0,0,12,8,4
C0116,28,554,803019,Chittoor (M + OG),124000,124 OTHERS,5,2,3,0,0,0,5,2,3
C0116,28,554,803020,Palamaner (M + OG) (Part),002000,2 BENGALI ,6,4,2,0,0,0,6,4,2
C0116,28,554,803020,Palamaner (M + OG) (Part),002007, Bengali,6,4,2,0,0,0,6,4,2
C0116,28,554,803020,Palamaner (M + OG) (Part),006000,6 HINDI ,241,137,104,0,0,0,241,137,104
C0116,28,554,803020,Palamaner (M + OG) (Part),006240, Hindi,195,110,85,0,0,0,195,110,85
C0116,28,554,803020,Palamaner (M + OG) (Part),006400, Marwari,30,16,14,0,0,0,30,16,14
C0116,28,554,803020,Palamaner (M + OG) (Part),006489, Rajasthani,13,9,4,0,0,0,13,9,4
C0116,28,554,803020,Palamaner (M + OG) (Part),006541, Sugali,3,2,1,0,0,0,3,2,1
C0116,28,554,803020,Palamaner (M + OG) (Part),007000,7 KANNADA,420,176,244,0,0,0,420,176,244
C0116,28,554,803020,Palamaner (M + OG) (Part),007016, Kannada,420,176,244,0,0,0,420,176,244
C0116,28,554,803020,Palamaner (M + OG) (Part),011000,11 MALAYALAM,59,22,37,0,0,0,59,22,37
C0116,28,554,803020,Palamaner (M + OG) (Part),011016, Malayalam,59,22,37,0,0,0,59,22,37
C0116,28,554,803020,Palamaner (M + OG) (Part),013000,13 MARATHI ,200,96,104,0,0,0,200,96,104
C0116,28,554,803020,Palamaner (M + OG) (Part),013071, Marathi,200,96,104,0,0,0,200,96,104
C0116,28,554,803020,Palamaner (M + OG) (Part),014000,14 NEPALI ,16,8,8,0,0,0,16,8,8
C0116,28,554,803020,Palamaner (M + OG) (Part),014011, Nepali,16,8,8,0,0,0,16,8,8
C0116,28,554,803020,Palamaner (M + OG) (Part),015000,15 ODIA ,8,5,3,0,0,0,8,5,3
C0116,28,554,803020,Palamaner (M + OG) (Part),015043, Odia,8,5,3,0,0,0,8,5,3
C0116,28,554,803020,Palamaner (M + OG) (Part),016000,16 PUNJABI ,1,1,0,0,0,0,1,1,0
C0116,28,554,803020,Palamaner (M + OG) (Part),016038, Punjabi,1,1,0,0,0,0,1,1,0
C0116,28,554,803020,Palamaner (M + OG) (Part),020000,20 TAMIL ,3702,1795,1907,0,0,0,3702,1795,1907
C0116,28,554,803020,Palamaner (M + OG) (Part),020027, Tamil,3640,1761,1879,0,0,0,3640,1761,1879
C0116,28,554,803020,Palamaner (M + OG) (Part),020029, Yerukala/Yerukula,62,34,28,0,0,0,62,34,28
C0116,28,554,803020,Palamaner (M + OG) (Part),021000,21 TELUGU ,33953,16625,17328,0,0,0,33953,16625,17328
C0116,28,554,803020,Palamaner (M + OG) (Part),021046, Telugu,33952,16625,17327,0,0,0,33952,16625,17327
C0116,28,554,803020,Palamaner (M + OG) (Part),021999,21 Others,1,0,1,0,0,0,1,0,1
C0116,28,554,803020,Palamaner (M + OG) (Part),022000,22 URDU,15415,7704,7711,0,0,0,15415,7704,7711
C0116,28,554,803020,Palamaner (M + OG) (Part),022015, Urdu,15415,7704,7711,0,0,0,15415,7704,7711
C0116,28,554,803020,Palamaner (M + OG) (Part),030000,30 BHILI/BHILODI ,1,0,1,0,0,0,1,0,1
C0116,28,554,803020,Palamaner (M + OG) (Part),030035, Kokna/Kokni/Kukna,1,0,1,0,0,0,1,0,1
C0116,28,554,803020,Palamaner (M + OG) (Part),040000,40 ENGLISH ,8,5,3,0,0,0,8,5,3
C0116,28,554,803020,Palamaner (M + OG) (Part),040001, English,8,5,3,0,0,0,8,5,3
C0116,28,554,803020,Palamaner (M + OG) (Part),124000,124 OTHERS,5,2,3,0,0,0,5,2,3
C0116,28,554,595738,Cherlopalle (CT),005000,5 GUJARATI,1,1,0,0,0,0,1,1,0
C0116,28,554,595738,Cherlopalle (CT),005999,5 Others,1,1,0,0,0,0,1,1,0
C0116,28,554,595738,Cherlopalle (CT),006000,6 HINDI ,50,22,28,0,0,0,50,22,28
C0116,28,554,595738,Cherlopalle (CT),006240, Hindi,24,12,12,0,0,0,24,12,12
C0116,28,554,595738,Cherlopalle (CT),006489, Rajasthani,7,4,3,0,0,0,7,4,3
C0116,28,554,595738,Cherlopalle (CT),006541, Sugali,19,6,13,0,0,0,19,6,13
C0116,28,554,595738,Cherlopalle (CT),007000,7 KANNADA,8,5,3,0,0,0,8,5,3
C0116,28,554,595738,Cherlopalle (CT),007016, Kannada,8,5,3,0,0,0,8,5,3
C0116,28,554,595738,Cherlopalle (CT),015000,15 ODIA ,68,36,32,0,0,0,68,36,32
C0116,28,554,595738,Cherlopalle (CT),015043, Odia,68,36,32,0,0,0,68,36,32
C0116,28,554,595738,Cherlopalle (CT),020000,20 TAMIL ,264,127,137,0,0,0,264,127,137
C0116,28,554,595738,Cherlopalle (CT),020027, Tamil,264,127,137,0,0,0,264,127,137
C0116,28,554,595738,Cherlopalle (CT),021000,21 TELUGU ,5649,2841,2808,0,0,0,5649,2841,2808
C0116,28,554,595738,Cherlopalle (CT),021046, Telugu,5649,2841,2808,0,0,0,5649,2841,2808
C0116,28,554,595738,Cherlopalle (CT),022000,22 URDU,103,47,56,0,0,0,103,47,56
C0116,28,554,595738,Cherlopalle (CT),022015, Urdu,103,47,56,0,0,0,103,47,56
C0116,28,554,595739,Perur (CT),001000,1 ASSAMESE,1,1,0,0,0,0,1,1,0
C0116,28,554,595739,Perur (CT),001002, Assamese,1,1,0,0,0,0,1,1,0
C0116,28,554,595739,Perur (CT),005000,5 GUJARATI,4,2,2,0,0,0,4,2,2
C0116,28,554,595739,Perur (CT),005018, Gujarati,4,2,2,0,0,0,4,2,2
C0116,28,554,595739,Perur (CT),006000,6 HINDI ,31,20,11,0,0,0,31,20,11
C0116,28,554,595739,Perur (CT),006066, Banjari,5,3,2,0,0,0,5,3,2
C0116,28,554,595739,Perur (CT),006240, Hindi,21,13,8,0,0,0,21,13,8
C0116,28,554,595739,Perur (CT),006541, Sugali,5,4,1,0,0,0,5,4,1
C0116,28,554,595739,Perur (CT),007000,7 KANNADA,9,3,6,0,0,0,9,3,6
C0116,28,554,595739,Perur (CT),007016, Kannada,9,3,6,0,0,0,9,3,6
C0116,28,554,595739,Perur (CT),011000,11 MALAYALAM,9,3,6,0,0,0,9,3,6
C0116,28,554,595739,Perur (CT),011016, Malayalam,9,3,6,0,0,0,9,3,6
C0116,28,554,595739,Perur (CT),013000,13 MARATHI ,17,7,10,0,0,0,17,7,10
C0116,28,554,595739,Perur (CT),013071, Marathi,17,7,10,0,0,0,17,7,10
C0116,28,554,595739,Perur (CT),015000,15 ODIA ,3,2,1,0,0,0,3,2,1
C0116,28,554,595739,Perur (CT),015043, Odia,3,2,1,0,0,0,3,2,1
C0116,28,554,595739,Perur (CT),016000,16 PUNJABI ,1,0,1,0,0,0,1,0,1
C0116,28,554,595739,Perur (CT),016038, Punjabi,1,0,1,0,0,0,1,0,1
C0116,28,554,595739,Perur (CT),017000,17 SANSKRIT ,3,1,2,0,0,0,3,1,2
C0116,28,554,595739,Perur (CT),017002, Sanskrit,3,1,2,0,0,0,3,1,2
C0116,28,554,595739,Perur (CT),020000,20 TAMIL ,257,127,130,0,0,0,257,127,130
C0116,28,554,595739,Perur (CT),020027, Tamil,257,127,130,0,0,0,257,127,130
C0116,28,554,595739,Perur (CT),021000,21 TELUGU ,10599,5231,5368,0,0,0,10599,5231,5368
C0116,28,554,595739,Perur (CT),021046, Telugu,10599,5231,5368,0,0,0,10599,5231,5368
C0116,28,554,595739,Perur (CT),022000,22 URDU,192,101,91,0,0,0,192,101,91
C0116,28,554,595739,Perur (CT),022015, Urdu,192,101,91,0,0,0,192,101,91
C0116,28,554,595739,Perur (CT),040000,40 ENGLISH ,1,1,0,0,0,0,1,1,0
C0116,28,554,595739,Perur (CT),040001, English,1,1,0,0,0,0,1,1,0
C0116,28,554,595740,Avilala (CT),005000,5 GUJARATI,10,6,4,0,0,0,10,6,4
C0116,28,554,595740,Avilala (CT),005018, Gujarati,7,5,2,0,0,0,7,5,2
C0116,28,554,595740,Avilala (CT),005057, Saurashtra/Saurashtri,2,1,1,0,0,0,2,1,1
C0116,28,554,595740,Avilala (CT),005999,5 Others,1,0,1,0,0,0,1,0,1
C0116,28,554,595740,Avilala (CT),006000,6 HINDI ,148,83,65,0,0,0,148,83,65
C0116,28,554,595740,Avilala (CT),006240, Hindi,89,54,35,0,0,0,89,54,35
C0116,28,554,595740,Avilala (CT),006353, Lamani/Lambadi,36,19,17,0,0,0,36,19,17
C0116,28,554,595740,Avilala (CT),006400, Marwari,5,3,2,0,0,0,5,3,2
C0116,28,554,595740,Avilala (CT),006541, Sugali,18,7,11,0,0,0,18,7,11
C0116,28,554,595740,Avilala (CT),007000,7 KANNADA,48,22,26,0,0,0,48,22,26
C0116,28,554,595740,Avilala (CT),007016, Kannada,48,22,26,0,0,0,48,22,26
C0116,28,554,595740,Avilala (CT),011000,11 MALAYALAM,4,2,2,0,0,0,4,2,2
C0116,28,554,595740,Avilala (CT),011016, Malayalam,4,2,2,0,0,0,4,2,2
C0116,28,554,595740,Avilala (CT),013000,13 MARATHI ,9,6,3,0,0,0,9,6,3
C0116,28,554,595740,Avilala (CT),013071, Marathi,9,6,3,0,0,0,9,6,3
C0116,28,554,595740,Avilala (CT),015000,15 ODIA ,22,11,11,0,0,0,22,11,11
C0116,28,554,595740,Avilala (CT),015043, Odia,22,11,11,0,0,0,22,11,11
C0116,28,554,595740,Avilala (CT),020000,20 TAMIL ,2022,1038,984,0,0,0,2022,1038,984
C0116,28,554,595740,Avilala (CT),020027, Tamil,2015,1034,981,0,0,0,2015,1034,981
C0116,28,554,595740,Avilala (CT),020999,20 Others,7,4,3,0,0,0,7,4,3
C0116,28,554,595740,Avilala (CT),021000,21 TELUGU ,21916,11034,10882,0,0,0,21916,11034,10882
C0116,28,554,595740,Avilala (CT),021046, Telugu,21916,11034,10882,0,0,0,21916,11034,10882
C0116,28,554,595740,Avilala (CT),022000,22 URDU,658,312,346,0,0,0,658,312,346
C0116,28,554,595740,Avilala (CT),022015, Urdu,658,312,346,0,0,0,658,312,346
C0116,28,554,595740,Avilala (CT),040000,40 ENGLISH ,1,1,0,0,0,0,1,1,0
C0116,28,554,595740,Avilala (CT),040001, English,1,1,0,0,0,0,1,1,0
C0116,28,554,595740,Avilala (CT),124000,124 OTHERS,1,1,0,0,0,0,1,1,0
C0116,28,554,595741,Tiruchanur (CT),002000,2 BENGALI ,4,2,2,0,0,0,4,2,2
C0116,28,554,595741,Tiruchanur (CT),002007, Bengali,4,2,2,0,0,0,4,2,2
C0116,28,554,595741,Tiruchanur (CT),005000,5 GUJARATI,7,4,3,0,0,0,7,4,3
C0116,28,554,595741,Tiruchanur (CT),005018, Gujarati,1,1,0,0,0,0,1,1,0
C0116,28,554,595741,Tiruchanur (CT),005057, Saurashtra/Saurashtri,5,3,2,0,0,0,5,3,2
C0116,28,554,595741,Tiruchanur (CT),005999,5 Others,1,0,1,0,0,0,1,0,1
C0116,28,554,595741,Tiruchanur (CT),006000,6 HINDI ,187,111,76,0,0,0,187,111,76
C0116,28,554,595741,Tiruchanur (CT),006240, Hindi,108,56,52,0,0,0,108,56,52
C0116,28,554,595741,Tiruchanur (CT),006400, Marwari,16,9,7,0,0,0,16,9,7
C0116,28,554,595741,Tiruchanur (CT),006489, Rajasthani,43,26,17,0,0,0,43,26,17
C0116,28,554,595741,Tiruchanur (CT),006541, Sugali,20,20,0,0,0,0,20,20,0
C0116,28,554,595741,Tiruchanur (CT),007000,7 KANNADA,200,92,108,0,0,0,200,92,108
C0116,28,554,595741,Tiruchanur (CT),007016, Kannada,200,92,108,0,0,0,200,92,108
C0116,28,554,595741,Tiruchanur (CT),011000,11 MALAYALAM,18,6,12,0,0,0,18,6,12
C0116,28,554,595741,Tiruchanur (CT),011016, Malayalam,18,6,12,0,0,0,18,6,12
C0116,28,554,595741,Tiruchanur (CT),013000,13 MARATHI ,59,34,25,0,0,0,59,34,25
C0116,28,554,595741,Tiruchanur (CT),013071, Marathi,59,34,25,0,0,0,59,34,25
C0116,28,554,595741,Tiruchanur (CT),015000,15 ODIA ,18,11,7,0,0,0,18,11,7
C0116,28,554,595741,Tiruchanur (CT),015043, Odia,16,9,7,0,0,0,16,9,7
C0116,28,554,595741,Tiruchanur (CT),015055, Relli,1,1,0,0,0,0,1,1,0
C0116,28,554,595741,Tiruchanur (CT),015999,15 Others,1,1,0,0,0,0,1,1,0
C0116,28,554,595741,Tiruchanur (CT),016000,16 PUNJABI ,2,1,1,0,0,0,2,1,1
C0116,28,554,595741,Tiruchanur (CT),016038, Punjabi,2,1,1,0,0,0,2,1,1
C0116,28,554,595741,Tiruchanur (CT),020000,20 TAMIL ,1503,731,772,0,0,0,1503,731,772
C0116,28,554,595741,Tiruchanur (CT),020027, Tamil,1502,730,772,0,0,0,1502,730,772
C0116,28,554,595741,Tiruchanur (CT),020029, Yerukala/Yerukula,1,1,0,0,0,0,1,1,0
C0116,28,554,595741,Tiruchanur (CT),021000,21 TELUGU ,20489,11063,9426,0,0,0,20489,11063,9426
C0116,28,554,595741,Tiruchanur (CT),021046, Telugu,20489,11063,9426,0,0,0,20489,11063,9426
C0116,28,554,595741,Tiruchanur (CT),022000,22 URDU,476,303,173,0,0,0,476,303,173
C0116,28,554,595741,Tiruchanur (CT),022015, Urdu,476,303,173,0,0,0,476,303,173
C0116,28,554,595773,Renigunta (CT),002000,2 BENGALI ,16,7,9,0,0,0,16,7,9
C0116,28,554,595773,Renigunta (CT),002007, Bengali,16,7,9,0,0,0,16,7,9
C0116,28,554,595773,Renigunta (CT),005000,5 GUJARATI,6,4,2,0,0,0,6,4,2
C0116,28,554,595773,Renigunta (CT),005999,5 Others,6,4,2,0,0,0,6,4,2
C0116,28,554,595773,Renigunta (CT),006000,6 HINDI ,368,194,174,0,0,0,368,194,174
C0116,28,554,595773,Renigunta (CT),006240, Hindi,208,115,93,0,0,0,208,115,93
C0116,28,554,595773,Renigunta (CT),006353, Lamani/Lambadi,4,2,2,0,0,0,4,2,2
C0116,28,554,595773,Renigunta (CT),006394, Mandeali,4,3,1,0,0,0,4,3,1
C0116,28,554,595773,Renigunta (CT),006400, Marwari,78,38,40,0,0,0,78,38,40
C0116,28,554,595773,Renigunta (CT),006489, Rajasthani,14,8,6,0,0,0,14,8,6
C0116,28,554,595773,Renigunta (CT),006541, Sugali,60,28,32,0,0,0,60,28,32
C0116,28,554,595773,Renigunta (CT),007000,7 KANNADA,63,27,36,0,0,0,63,27,36
C0116,28,554,595773,Renigunta (CT),007016, Kannada,63,27,36,0,0,0,63,27,36
C0116,28,554,595773,Renigunta (CT),011000,11 MALAYALAM,150,77,73,0,0,0,150,77,73
C0116,28,554,595773,Renigunta (CT),011016, Malayalam,150,77,73,0,0,0,150,77,73
C0116,28,554,595773,Renigunta (CT),013000,13 MARATHI ,84,44,40,0,0,0,84,44,40
C0116,28,554,595773,Renigunta (CT),013071, Marathi,84,44,40,0,0,0,84,44,40
C0116,28,554,595773,Renigunta (CT),014000,14 NEPALI ,25,11,14,0,0,0,25,11,14
C0116,28,554,595773,Renigunta (CT),014011, Nepali,25,11,14,0,0,0,25,11,14
C0116,28,554,595773,Renigunta (CT),015000,15 ODIA ,14,5,9,0,0,0,14,5,9
C0116,28,554,595773,Renigunta (CT),015043, Odia,13,4,9,0,0,0,13,4,9
C0116,28,554,595773,Renigunta (CT),015999,15 Others,1,1,0,0,0,0,1,1,0
C0116,28,554,595773,Renigunta (CT),020000,20 TAMIL ,3101,1535,1566,0,0,0,3101,1535,1566
C0116,28,554,595773,Renigunta (CT),020027, Tamil,3099,1534,1565,0,0,0,3099,1534,1565
C0116,28,554,595773,Renigunta (CT),020999,20 Others,2,1,1,0,0,0,2,1,1
C0116,28,554,595773,Renigunta (CT),021000,21 TELUGU ,17611,8774,8837,0,0,0,17611,8774,8837
C0116,28,554,595773,Renigunta (CT),021046, Telugu,17611,8774,8837,0,0,0,17611,8774,8837
C0116,28,554,595773,Renigunta (CT),022000,22 URDU,4584,2313,2271,0,0,0,4584,2313,2271
C0116,28,554,595773,Renigunta (CT),022015, Urdu,4584,2313,2271,0,0,0,4584,2313,2271
C0116,28,554,595773,Renigunta (CT),040000,40 ENGLISH ,1,1,0,0,0,0,1,1,0
C0116,28,554,595773,Renigunta (CT),040001, English,1,1,0,0,0,0,1,1,0
C0116,28,554,595773,Renigunta (CT),117000,117 TULU ,1,0,1,0,0,0,1,0,1
C0116,28,554,595773,Renigunta (CT),117999,117 Others ,1,0,1,0,0,0,1,0,1
C0116,28,554,595773,Renigunta (CT),124000,124 OTHERS,7,3,4,0,0,0,7,3,4
C0116,28,554,596010,Tirumala (CT),005000,5 GUJARATI,136,64,72,0,0,0,136,64,72
C0116,28,554,596010,Tirumala (CT),005018, Gujarati,9,5,4,0,0,0,9,5,4
C0116,28,554,596010,Tirumala (CT),005057, Saurashtra/Saurashtri,127,59,68,0,0,0,127,59,68
C0116,28,554,596010,Tirumala (CT),006000,6 HINDI ,91,44,47,0,0,0,91,44,47
C0116,28,554,596010,Tirumala (CT),006240, Hindi,91,44,47,0,0,0,91,44,47
C0116,28,554,596010,Tirumala (CT),007000,7 KANNADA,45,20,25,0,0,0,45,20,25
C0116,28,554,596010,Tirumala (CT),007016, Kannada,45,20,25,0,0,0,45,20,25
C0116,28,554,596010,Tirumala (CT),011000,11 MALAYALAM,22,13,9,0,0,0,22,13,9
C0116,28,554,596010,Tirumala (CT),011016, Malayalam,22,13,9,0,0,0,22,13,9
C0116,28,554,596010,Tirumala (CT),013000,13 MARATHI ,4,2,2,0,0,0,4,2,2
C0116,28,554,596010,Tirumala (CT),013071, Marathi,4,2,2,0,0,0,4,2,2
C0116,28,554,596010,Tirumala (CT),014000,14 NEPALI ,13,7,6,0,0,0,13,7,6
C0116,28,554,596010,Tirumala (CT),014011, Nepali,13,7,6,0,0,0,13,7,6
C0116,28,554,596010,Tirumala (CT),015000,15 ODIA ,3,1,2,0,0,0,3,1,2
C0116,28,554,596010,Tirumala (CT),015043, Odia,3,1,2,0,0,0,3,1,2
C0116,28,554,596010,Tirumala (CT),020000,20 TAMIL ,524,275,249,0,0,0,524,275,249
C0116,28,554,596010,Tirumala (CT),020027, Tamil,524,275,249,0,0,0,524,275,249
C0116,28,554,596010,Tirumala (CT),021000,21 TELUGU ,6894,3540,3354,0,0,0,6894,3540,3354
C0116,28,554,596010,Tirumala (CT),021046, Telugu,6894,3540,3354,0,0,0,6894,3540,3354
C0116,28,554,596010,Tirumala (CT),022000,22 URDU,9,4,5,0,0,0,9,4,5
C0116,28,554,596010,Tirumala (CT),022015, Urdu,9,4,5,0,0,0,9,4,5
C0116,28,554,596011,Tirupati (NMA) (CT),002000,2 BENGALI ,3,1,2,0,0,0,3,1,2
C0116,28,554,596011,Tirupati (NMA) (CT),002007, Bengali,3,1,2,0,0,0,3,1,2
C0116,28,554,596011,Tirupati (NMA) (CT),005000,5 GUJARATI,4,2,2,0,0,0,4,2,2
C0116,28,554,596011,Tirupati (NMA) (CT),005057, Saurashtra/Saurashtri,3,1,2,0,0,0,3,1,2
C0116,28,554,596011,Tirupati (NMA) (CT),005999,5 Others,1,1,0,0,0,0,1,1,0
C0116,28,554,596011,Tirupati (NMA) (CT),006000,6 HINDI ,214,98,116,0,0,0,214,98,116
C0116,28,554,596011,Tirupati (NMA) (CT),006240, Hindi,115,65,50,0,0,0,115,65,50
C0116,28,554,596011,Tirupati (NMA) (CT),006353, Lamani/Lambadi,36,11,25,0,0,0,36,11,25
C0116,28,554,596011,Tirupati (NMA) (CT),006489, Rajasthani,10,6,4,0,0,0,10,6,4
C0116,28,554,596011,Tirupati (NMA) (CT),006541, Sugali,53,16,37,0,0,0,53,16,37
C0116,28,554,596011,Tirupati (NMA) (CT),007000,7 KANNADA,50,20,30,0,0,0,50,20,30
C0116,28,554,596011,Tirupati (NMA) (CT),007016, Kannada,50,20,30,0,0,0,50,20,30
C0116,28,554,596011,Tirupati (NMA) (CT),011000,11 MALAYALAM,66,23,43,0,0,0,66,23,43
C0116,28,554,596011,Tirupati (NMA) (CT),011016, Malayalam,66,23,43,0,0,0,66,23,43
C0116,28,554,596011,Tirupati (NMA) (CT),012000,12 MANIPURI ,8,0,8,0,0,0,8,0,8
C0116,28,554,596011,Tirupati (NMA) (CT),012003, Manipuri,8,0,8,0,0,0,8,0,8
C0116,28,554,596011,Tirupati (NMA) (CT),013000,13 MARATHI ,31,18,13,0,0,0,31,18,13
C0116,28,554,596011,Tirupati (NMA) (CT),013071, Marathi,31,18,13,0,0,0,31,18,13
C0116,28,554,596011,Tirupati (NMA) (CT),014000,14 NEPALI ,1,0,1,0,0,0,1,0,1
C0116,28,554,596011,Tirupati (NMA) (CT),014011, Nepali,1,0,1,0,0,0,1,0,1
C0116,28,554,596011,Tirupati (NMA) (CT),015000,15 ODIA ,1,1,0,0,0,0,1,1,0
C0116,28,554,596011,Tirupati (NMA) (CT),015043, Odia,1,1,0,0,0,0,1,1,0
C0116,28,554,596011,Tirupati (NMA) (CT),020000,20 TAMIL ,871,387,484,0,0,0,871,387,484
C0116,28,554,596011,Tirupati (NMA) (CT),020027, Tamil,871,387,484,0,0,0,871,387,484
C0116,28,554,596011,Tirupati (NMA) (CT),021000,21 TELUGU ,35749,15909,19840,0,0,0,35749,15909,19840
C0116,28,554,596011,Tirupati (NMA) (CT),021046, Telugu,35749,15909,19840,0,0,0,35749,15909,19840
C0116,28,554,596011,Tirupati (NMA) (CT),022000,22 URDU,957,470,487,0,0,0,957,470,487
C0116,28,554,596011,Tirupati (NMA) (CT),022015, Urdu,957,470,487,0,0,0,957,470,487
C0116,28,554,596011,Tirupati (NMA) (CT),028000,28 ARABIC/ARBI ,12,5,7,0,0,0,12,5,7
C0116,28,554,596011,Tirupati (NMA) (CT),028001, Arabic/Arbi,12,5,7,0,0,0,12,5,7
C0116,28,554,596011,Tirupati (NMA) (CT),069000,69 KOYA ,1,0,1,0,0,0,1,0,1
C0116,28,554,596011,Tirupati (NMA) (CT),069002, Koya,1,0,1,0,0,0,1,0,1
C0116,28,554,596012,Akkarampalle (CT),002000,2 BENGALI ,6,5,1,0,0,0,6,5,1
C0116,28,554,596012,Akkarampalle (CT),002007, Bengali,6,5,1,0,0,0,6,5,1
C0116,28,554,596012,Akkarampalle (CT),005000,5 GUJARATI,7,3,4,0,0,0,7,3,4
C0116,28,554,596012,Akkarampalle (CT),005018, Gujarati,7,3,4,0,0,0,7,3,4
C0116,28,554,596012,Akkarampalle (CT),006000,6 HINDI ,286,162,124,0,0,0,286,162,124
C0116,28,554,596012,Akkarampalle (CT),006240, Hindi,184,109,75,0,0,0,184,109,75
C0116,28,554,596012,Akkarampalle (CT),006353, Lamani/Lambadi,25,11,14,0,0,0,25,11,14
C0116,28,554,596012,Akkarampalle (CT),006400, Marwari,12,9,3,0,0,0,12,9,3
C0116,28,554,596012,Akkarampalle (CT),006489, Rajasthani,18,9,9,0,0,0,18,9,9
C0116,28,554,596012,Akkarampalle (CT),006541, Sugali,47,24,23,0,0,0,47,24,23
C0116,28,554,596012,Akkarampalle (CT),007000,7 KANNADA,107,52,55,0,0,0,107,52,55
C0116,28,554,596012,Akkarampalle (CT),007016, Kannada,107,52,55,0,0,0,107,52,55
C0116,28,554,596012,Akkarampalle (CT),011000,11 MALAYALAM,8,3,5,0,0,0,8,3,5
C0116,28,554,596012,Akkarampalle (CT),011016, Malayalam,8,3,5,0,0,0,8,3,5
C0116,28,554,596012,Akkarampalle (CT),013000,13 MARATHI ,43,22,21,0,0,0,43,22,21
C0116,28,554,596012,Akkarampalle (CT),013071, Marathi,43,22,21,0,0,0,43,22,21
C0116,28,554,596012,Akkarampalle (CT),014000,14 NEPALI ,5,3,2,0,0,0,5,3,2
C0116,28,554,596012,Akkarampalle (CT),014011, Nepali,5,3,2,0,0,0,5,3,2
C0116,28,554,596012,Akkarampalle (CT),015000,15 ODIA ,190,97,93,0,0,0,190,97,93
C0116,28,554,596012,Akkarampalle (CT),015043, Odia,189,97,92,0,0,0,189,97,92
C0116,28,554,596012,Akkarampalle (CT),015055, Relli,1,0,1,0,0,0,1,0,1
C0116,28,554,596012,Akkarampalle (CT),020000,20 TAMIL ,2095,1064,1031,0,0,0,2095,1064,1031
C0116,28,554,596012,Akkarampalle (CT),020027, Tamil,2093,1063,1030,0,0,0,2093,1063,1030
C0116,28,554,596012,Akkarampalle (CT),020029, Yerukala/Yerukula,2,1,1,0,0,0,2,1,1
C0116,28,554,596012,Akkarampalle (CT),021000,21 TELUGU ,39708,19970,19738,0,0,0,39708,19970,19738
C0116,28,554,596012,Akkarampalle (CT),021046, Telugu,39708,19970,19738,0,0,0,39708,19970,19738
C0116,28,554,596012,Akkarampalle (CT),022000,22 URDU,1763,893,870,0,0,0,1763,893,870
C0116,28,554,596012,Akkarampalle (CT),022015, Urdu,1763,893,870,0,0,0,1763,893,870
C0116,28,554,596012,Akkarampalle (CT),040000,40 ENGLISH ,1,1,0,0,0,0,1,1,0
C0116,28,554,596012,Akkarampalle (CT),040001, English,1,1,0,0,0,0,1,1,0
C0116,28,554,596013,Mangalam (CT),005000,5 GUJARATI,15,8,7,0,0,0,15,8,7
C0116,28,554,596013,Mangalam (CT),005057, Saurashtra/Saurashtri,14,7,7,0,0,0,14,7,7
C0116,28,554,596013,Mangalam (CT),005999,5 Others,1,1,0,0,0,0,1,1,0
C0116,28,554,596013,Mangalam (CT),006000,6 HINDI ,186,100,86,0,0,0,186,100,86
C0116,28,554,596013,Mangalam (CT),006240, Hindi,109,61,48,0,0,0,109,61,48
C0116,28,554,596013,Mangalam (CT),006353, Lamani/Lambadi,27,13,14,0,0,0,27,13,14
C0116,28,554,596013,Mangalam (CT),006400, Marwari,9,4,5,0,0,0,9,4,5
C0116,28,554,596013,Mangalam (CT),006541, Sugali,41,22,19,0,0,0,41,22,19
C0116,28,554,596013,Mangalam (CT),007000,7 KANNADA,41,17,24,0,0,0,41,17,24
C0116,28,554,596013,Mangalam (CT),007016, Kannada,41,17,24,0,0,0,41,17,24
C0116,28,554,596013,Mangalam (CT),009000,9 KONKANI,1,0,1,0,0,0,1,0,1
C0116,28,554,596013,Mangalam (CT),009011, Konkani,1,0,1,0,0,0,1,0,1
C0116,28,554,596013,Mangalam (CT),011000,11 MALAYALAM,144,19,125,0,0,0,144,19,125
C0116,28,554,596013,Mangalam (CT),011016, Malayalam,144,19,125,0,0,0,144,19,125
C0116,28,554,596013,Mangalam (CT),013000,13 MARATHI ,47,24,23,0,0,0,47,24,23
C0116,28,554,596013,Mangalam (CT),013071, Marathi,47,24,23,0,0,0,47,24,23
C0116,28,554,596013,Mangalam (CT),015000,15 ODIA ,6,4,2,0,0,0,6,4,2
C0116,28,554,596013,Mangalam (CT),015043, Odia,6,4,2,0,0,0,6,4,2
C0116,28,554,596013,Mangalam (CT),020000,20 TAMIL ,1084,522,562,0,0,0,1084,522,562
C0116,28,554,596013,Mangalam (CT),020027, Tamil,1083,522,561,0,0,0,1083,522,561
C0116,28,554,596013,Mangalam (CT),020029, Yerukala/Yerukula,1,0,1,0,0,0,1,0,1
C0116,28,554,596013,Mangalam (CT),021000,21 TELUGU ,17119,8534,8585,0,0,0,17119,8534,8585
C0116,28,554,596013,Mangalam (CT),021046, Telugu,17119,8534,8585,0,0,0,17119,8534,8585
C0116,28,554,596013,Mangalam (CT),022000,22 URDU,674,345,329,0,0,0,674,345,329
C0116,28,554,596013,Mangalam (CT),022015, Urdu,674,345,329,0,0,0,674,345,329
C0116,28,554,596013,Mangalam (CT),106000,106 SAVARA,1,0,1,0,0,0,1,0,1
C0116,28,554,596013,Mangalam (CT),106004, Savara,1,0,1,0,0,0,1,0,1
C0116,28,554,596063,Pileru (CT),002000,2 BENGALI ,3,2,1,0,0,0,3,2,1
C0116,28,554,596063,Pileru (CT),002007, Bengali,3,2,1,0,0,0,3,2,1
C0116,28,554,596063,Pileru (CT),006000,6 HINDI ,315,172,143,0,0,0,315,172,143
C0116,28,554,596063,Pileru (CT),006066, Banjari,13,8,5,0,0,0,13,8,5
C0116,28,554,596063,Pileru (CT),006240, Hindi,112,66,46,0,0,0,112,66,46
C0116,28,554,596063,Pileru (CT),006353, Lamani/Lambadi,40,17,23,0,0,0,40,17,23
C0116,28,554,596063,Pileru (CT),006400, Marwari,10,7,3,0,0,0,10,7,3
C0116,28,554,596063,Pileru (CT),006489, Rajasthani,13,6,7,0,0,0,13,6,7
C0116,28,554,596063,Pileru (CT),006541, Sugali,127,68,59,0,0,0,127,68,59
C0116,28,554,596063,Pileru (CT),007000,7 KANNADA,9,4,5,0,0,0,9,4,5
C0116,28,554,596063,Pileru (CT),007016, Kannada,9,4,5,0,0,0,9,4,5
C0116,28,554,596063,Pileru (CT),011000,11 MALAYALAM,22,12,10,0,0,0,22,12,10
C0116,28,554,596063,Pileru (CT),011016, Malayalam,22,12,10,0,0,0,22,12,10
C0116,28,554,596063,Pileru (CT),013000,13 MARATHI ,16,10,6,0,0,0,16,10,6
C0116,28,554,596063,Pileru (CT),013071, Marathi,16,10,6,0,0,0,16,10,6
C0116,28,554,596063,Pileru (CT),014000,14 NEPALI ,4,2,2,0,0,0,4,2,2
C0116,28,554,596063,Pileru (CT),014011, Nepali,4,2,2,0,0,0,4,2,2
C0116,28,554,596063,Pileru (CT),020000,20 TAMIL ,207,105,102,0,0,0,207,105,102
C0116,28,554,596063,Pileru (CT),020027, Tamil,204,103,101,0,0,0,204,103,101
C0116,28,554,596063,Pileru (CT),020029, Yerukala/Yerukula,3,2,1,0,0,0,3,2,1
C0116,28,554,596063,Pileru (CT),021000,21 TELUGU ,27781,13749,14032,0,0,0,27781,13749,14032
C0116,28,554,596063,Pileru (CT),021046, Telugu,27781,13749,14032,0,0,0,27781,13749,14032
C0116,28,554,596063,Pileru (CT),022000,22 URDU,13129,6619,6510,0,0,0,13129,6619,6510
C0116,28,554,596063,Pileru (CT),022015, Urdu,13129,6619,6510,0,0,0,13129,6619,6510
C0116,28,554,596063,Pileru (CT),040000,40 ENGLISH ,3,2,1,0,0,0,3,2,1
C0116,28,554,596063,Pileru (CT),040001, English,3,2,1,0,0,0,3,2,1
C0116,28,554,596289,Narayanavanam (CT),006000,6 HINDI ,29,15,14,0,0,0,29,15,14
C0116,28,554,596289,Narayanavanam (CT),006240, Hindi,19,9,10,0,0,0,19,9,10
C0116,28,554,596289,Narayanavanam (CT),006400, Marwari,8,5,3,0,0,0,8,5,3
C0116,28,554,596289,Narayanavanam (CT),006541, Sugali,2,1,1,0,0,0,2,1,1
C0116,28,554,596289,Narayanavanam (CT),007000,7 KANNADA,1,0,1,0,0,0,1,0,1
C0116,28,554,596289,Narayanavanam (CT),007016, Kannada,1,0,1,0,0,0,1,0,1
C0116,28,554,596289,Narayanavanam (CT),013000,13 MARATHI ,2,1,1,0,0,0,2,1,1
C0116,28,554,596289,Narayanavanam (CT),013071, Marathi,2,1,1,0,0,0,2,1,1
C0116,28,554,596289,Narayanavanam (CT),020000,20 TAMIL ,7121,3582,3539,0,0,0,7121,3582,3539
C0116,28,554,596289,Narayanavanam (CT),020027, Tamil,7080,3563,3517,0,0,0,7080,3563,3517
C0116,28,554,596289,Narayanavanam (CT),020029, Yerukala/Yerukula,41,19,22,0,0,0,41,19,22
C0116,28,554,596289,Narayanavanam (CT),021000,21 TELUGU ,4087,2057,2030,0,0,0,4087,2057,2030
C0116,28,554,596289,Narayanavanam (CT),021046, Telugu,4087,2057,2030,0,0,0,4087,2057,2030
C0116,28,554,596289,Narayanavanam (CT),022000,22 URDU,8,3,5,0,0,0,8,3,5
C0116,28,554,596289,Narayanavanam (CT),022015, Urdu,8,3,5,0,0,0,8,3,5
C0116,28,554,596289,Narayanavanam (CT),124000,124 OTHERS,5,3,2,0,0,0,5,3,2
C0116,28,554,596725,Mangasamudram (CT),006000,6 HINDI ,12,5,7,0,0,0,12,5,7
C0116,28,554,596725,Mangasamudram (CT),006240, Hindi,6,3,3,0,0,0,6,3,3
C0116,28,554,596725,Mangasamudram (CT),006489, Rajasthani,6,2,4,0,0,0,6,2,4
C0116,28,554,596725,Mangasamudram (CT),007000,7 KANNADA,5,1,4,0,0,0,5,1,4
C0116,28,554,596725,Mangasamudram (CT),007016, Kannada,5,1,4,0,0,0,5,1,4
C0116,28,554,596725,Mangasamudram (CT),011000,11 MALAYALAM,5,3,2,0,0,0,5,3,2
C0116,28,554,596725,Mangasamudram (CT),011016, Malayalam,5,3,2,0,0,0,5,3,2
C0116,28,554,596725,Mangasamudram (CT),013000,13 MARATHI ,10,4,6,0,0,0,10,4,6
C0116,28,554,596725,Mangasamudram (CT),013071, Marathi,10,4,6,0,0,0,10,4,6
C0116,28,554,596725,Mangasamudram (CT),020000,20 TAMIL ,2345,1170,1175,0,0,0,2345,1170,1175
C0116,28,554,596725,Mangasamudram (CT),020027, Tamil,2271,1129,1142,0,0,0,2271,1129,1142
C0116,28,554,596725,Mangasamudram (CT),020029, Yerukala/Yerukula,74,41,33,0,0,0,74,41,33
C0116,28,554,596725,Mangasamudram (CT),021000,21 TELUGU ,4026,2017,2009,0,0,0,4026,2017,2009
C0116,28,554,596725,Mangasamudram (CT),021046, Telugu,4026,2017,2009,0,0,0,4026,2017,2009
C0116,28,554,596725,Mangasamudram (CT),022000,22 URDU,1701,857,844,0,0,0,1701,857,844
C0116,28,554,596725,Mangasamudram (CT),022015, Urdu,1701,857,844,0,0,0,1701,857,844
C0116,28,554,596725,Mangasamudram (CT),044000,44 GONDI,9,3,6,0,0,0,9,3,6
C0116,28,554,596725,Mangasamudram (CT),044007, Gondi,9,3,6,0,0,0,9,3,6
C0116,28,554,596726,Murakambattu (CT),006000,6 HINDI ,7,5,2,0,0,0,7,5,2
C0116,28,554,596726,Murakambattu (CT),006240, Hindi,7,5,2,0,0,0,7,5,2
C0116,28,554,596726,Murakambattu (CT),007000,7 KANNADA,3,0,3,0,0,0,3,0,3
C0116,28,554,596726,Murakambattu (CT),007016, Kannada,3,0,3,0,0,0,3,0,3
C0116,28,554,596726,Murakambattu (CT),011000,11 MALAYALAM,3,1,2,0,0,0,3,1,2
C0116,28,554,596726,Murakambattu (CT),011016, Malayalam,3,1,2,0,0,0,3,1,2
C0116,28,554,596726,Murakambattu (CT),020000,20 TAMIL ,4785,2426,2359,0,0,0,4785,2426,2359
C0116,28,554,596726,Murakambattu (CT),020027, Tamil,4785,2426,2359,0,0,0,4785,2426,2359
C0116,28,554,596726,Murakambattu (CT),021000,21 TELUGU ,1772,873,899,0,0,0,1772,873,899
C0116,28,554,596726,Murakambattu (CT),021046, Telugu,1772,873,899,0,0,0,1772,873,899
C0116,28,554,596726,Murakambattu (CT),022000,22 URDU,242,84,158,0,0,0,242,84,158
C0116,28,554,596726,Murakambattu (CT),022015, Urdu,242,84,158,0,0,0,242,84,158
C0116,28,554,596973,Kuppam (CT),002000,2 BENGALI ,2,1,1,0,0,0,2,1,1
C0116,28,554,596973,Kuppam (CT),002007, Bengali,2,1,1,0,0,0,2,1,1
C0116,28,554,596973,Kuppam (CT),006000,6 HINDI ,196,103,93,0,0,0,196,103,93
C0116,28,554,596973,Kuppam (CT),006173, Dhundhari,1,1,0,0,0,0,1,1,0
C0116,28,554,596973,Kuppam (CT),006240, Hindi,152,83,69,0,0,0,152,83,69
C0116,28,554,596973,Kuppam (CT),006353, Lamani/Lambadi,10,4,6,0,0,0,10,4,6
C0116,28,554,596973,Kuppam (CT),006400, Marwari,4,1,3,0,0,0,4,1,3
C0116,28,554,596973,Kuppam (CT),006489, Rajasthani,12,7,5,0,0,0,12,7,5
C0116,28,554,596973,Kuppam (CT),006541, Sugali,15,6,9,0,0,0,15,6,9
C0116,28,554,596973,Kuppam (CT),006999,6 Others,2,1,1,0,0,0,2,1,1
C0116,28,554,596973,Kuppam (CT),007000,7 KANNADA,156,76,80,0,0,0,156,76,80
C0116,28,554,596973,Kuppam (CT),007016, Kannada,156,76,80,0,0,0,156,76,80
C0116,28,554,596973,Kuppam (CT),009000,9 KONKANI,4,2,2,0,0,0,4,2,2
C0116,28,554,596973,Kuppam (CT),009011, Konkani,4,2,2,0,0,0,4,2,2
C0116,28,554,596973,Kuppam (CT),010000,10 MAITHILI ,3,2,1,0,0,0,3,2,1
C0116,28,554,596973,Kuppam (CT),010008, Maithili,3,2,1,0,0,0,3,2,1
C0116,28,554,596973,Kuppam (CT),011000,11 MALAYALAM,22,14,8,0,0,0,22,14,8
C0116,28,554,596973,Kuppam (CT),011016, Malayalam,22,14,8,0,0,0,22,14,8
C0116,28,554,596973,Kuppam (CT),013000,13 MARATHI ,64,30,34,0,0,0,64,30,34
C0116,28,554,596973,Kuppam (CT),013071, Marathi,64,30,34,0,0,0,64,30,34
C0116,28,554,596973,Kuppam (CT),014000,14 NEPALI ,5,2,3,0,0,0,5,2,3
C0116,28,554,596973,Kuppam (CT),014011, Nepali,5,2,3,0,0,0,5,2,3
C0116,28,554,596973,Kuppam (CT),015000,15 ODIA ,7,5,2,0,0,0,7,5,2
C0116,28,554,596973,Kuppam (CT),015043, Odia,7,5,2,0,0,0,7,5,2
C0116,28,554,596973,Kuppam (CT),020000,20 TAMIL ,5825,2869,2956,0,0,0,5825,2869,2956
C0116,28,554,596973,Kuppam (CT),020027, Tamil,5825,2869,2956,0,0,0,5825,2869,2956
C0116,28,554,596973,Kuppam (CT),021000,21 TELUGU ,12573,6388,6185,0,0,0,12573,6388,6185
C0116,28,554,596973,Kuppam (CT),021046, Telugu,12573,6388,6185,0,0,0,12573,6388,6185
C0116,28,554,596973,Kuppam (CT),022000,22 URDU,3106,1599,1507,0,0,0,3106,1599,1507
C0116,28,554,596973,Kuppam (CT),022015, Urdu,3106,1599,1507,0,0,0,3106,1599,1507